{"spkid": "1000032", "covariance": {"epoch": "2458070.5", "labels": ["e", "q", "tp", "node", "peri", "i", "A1", "A2", "A3"], "data": [["2.813650301619269E-15", "-1.079397655825751E-14", "-4.93091083740932E-13", "-1.257907351604775E-13", "3.790379319609747E-13", "-8.234774081949852E-14", "2.407973512801457E-18", "-9.873813484189996E-21", "-2.601386291451388E-19"], ["-1.079397655825751E-14", "4.266593776388923E-14", "1.707313686857744E-12", "5.846226079859681E-13", "-1.827342825299392E-12", "2.72136900511084E-13", "-1.000947371139378E-17", "3.253472485362824E-20", "6.949253755724542E-19"], ["-4.93091083740932E-13", "1.707313686857744E-12", "5.735575208834298E-10", "9.258288812916873E-12", "2.667142610692983E-10", "6.000528426829442E-11", "-2.555098467927236E-16", "1.670344090543903E-17", "2.770801339676779E-16"], ["-1.257907351604775E-13", "5.846226079859681E-13", "9.258288812916873E-12", "4.890106620958423E-10", "-4.335010309937424E-10", "3.028465626445394E-11", "-1.291258988482541E-16", "1.252678824580073E-18", "-3.04301221625542E-16"], ["3.790379319609747E-13", "-1.827342825299392E-12", "2.667142610692983E-10", "-4.335010309937424E-10", "6.87622210461036E-10", "8.292270577314821E-12", "6.059870349824196E-16", "1.031653120463539E-17", "4.196835144864144E-16"], ["-8.234774081949852E-14", "2.72136900511084E-13", "6.000528426829442E-11", "3.028465626445394E-11", "8.292270577314821E-12", "5.11470645627166E-11", "-2.80378392454877E-17", "2.506935559180741E-18", "9.378047074401181E-17"], ["2.407973512801457E-18", "-1.000947371139378E-17", "-2.555098467927236E-16", "-1.291258988482541E-16", "6.059870349824196E-16", "-2.80378392454877E-17", "2.923644009839731E-21", "-9.747669792590779E-24", "-2.143298474209145E-23"], ["-9.873813484189996E-21", "3.253472485362824E-20", "1.670344090543903E-17", "1.252678824580073E-18", "1.031653120463539E-17", "2.506935559180741E-18", "-9.747669792590779E-24", "8.421958192631963E-24", "5.162656402254007E-24"], ["-2.601386291451388E-19", "6.949253755724542E-19", "2.770801339676779E-16", "-3.04301221625542E-16", "4.196835144864144E-16", "9.378047074401181E-17", "-2.143298474209145E-23", "5.162656402254007E-24", "1.49629135469685E-21"]]}, "elements": [{"label": "e", "name": "e", "sigma": "5.3044E-8", "units": null, "title": "eccentricity", "value": ".7104704806622195"}, {"label": "a", "name": "a", "sigma": "1.3706E-7", "units": "au", "title": "semi-major axis", "value": "3.500302848566958"}, {"label": "q", "sigma": "2.0656E-7", "name": "q", "value": "1.013441001282255", "title": "perihelion distance", "units": "au"}, {"name": "i", "sigma": "7.1517E-6", "title": "inclination; angle with respect to x-y ecliptic plane", "value": "32.00259232473697", "units": "deg", "label": "i"}, {"sigma": "2.2114E-5", "name": "om", "units": "deg", "value": "195.4044801966894", "title": "longitude of the ascending node", "label": "node"}, {"label": "peri", "value": "172.8124824274951", "title": "argument of perihelion", "units": "deg", "name": "w", "sigma": "2.6223E-5"}, {"label": "M", "name": "ma", "sigma": "4.5234E-6", "value": "314.6585273385604", "title": "mean anomaly", "units": "deg"}, {"sigma": "2.3949E-5", "name": "tp", "units": "TDB", "value": "2458371.765901935071", "title": "time of perihelion passage", "label": "tp"}, {"label": "period", "sigma": ".00014049", "name": "per", "title": "sidereal orbital period", "value": "2391.976226852044", "units": "d"}, {"label": "n", "name": "n", "sigma": "8.8398E-9", "units": "deg/d", "value": ".1505031680326428", "title": "mean motion"}, {"units": "au", "title": "aphelion distance", "value": "5.98716469585166", "name": "ad", "sigma": "2.3444E-7", "label": "Q"}], "epoch": "2458070.5"}