{"spkid": "1000140", "covariance": {"labels": ["e", "q", "tp", "node", "peri", "i"], "data": [["4.670863239580197E-17", "-1.189374931038408E-15", "-3.079127770699519E-14", "-1.101035316803906E-14", "7.360653424801054E-15", "3.318433677823491E-14"], ["-1.189374931038408E-15", "3.11778273948766E-14", "3.613607470669065E-13", "-4.637912875172721E-13", "-9.595848589791902E-13", "-4.685693793111428E-13"], ["-3.079127770699519E-14", "3.613607470669065E-13", "8.506547876169722E-10", "1.130687810461633E-10", "7.937121813737358E-10", "-2.231181291286445E-10"], ["-1.101035316803906E-14", "-4.637912875172721E-13", "1.130687810461633E-10", "7.750991370412207E-10", "3.952813555083841E-10", "-3.207073541788593E-10"], ["7.360653424801054E-15", "-9.595848589791902E-13", "7.937121813737358E-10", "3.952813555083841E-10", "1.080099363153721E-9", "-2.93742316129841E-10"], ["3.318433677823491E-14", "-4.685693793111428E-13", "-2.231181291286445E-10", "-3.207073541788593E-10", "-2.93742316129841E-10", "4.799112958493852E-10"]], "epoch": "2450000.5"}, "elements": [{"label": "e", "title": "eccentricity", "value": "0.963225755046038", "units": null, "name": "e", "sigma": "6.8344E-9"}, {"label": "a", "name": "a", "sigma": "8.2048E-7", "title": "semi-major axis", "value": "26.0920694978266", "units": "au"}, {"name": "q", "sigma": "1.7657E-7", "units": "au", "title": "perihelion distance", "value": "0.959516155068868", "label": "q"}, {"label": "i", "value": "113.453816997171", "title": "inclination; angle with respect to x-y ecliptic plane", "units": "deg", "name": "i", "sigma": "2.1907E-5"}, {"units": "deg", "value": "139.3811920815948", "title": "longitude of the ascending node", "sigma": "2.7841E-5", "name": "om", "label": "node"}, {"value": "152.9821676305871", "title": "argument of perihelion", "units": "deg", "sigma": "3.2865E-5", "name": "w", "label": "peri"}, {"value": "7.631696167124212", "title": "mean anomaly", "units": "deg", "sigma": "3.1321E-7", "name": "ma", "label": "M"}, {"units": "TDB", "title": "time of perihelion passage", "value": "2448968.499784556297", "name": "tp", "sigma": "2.9166E-5", "label": "tp"}, {"label": "period", "name": "per", "sigma": ".0022962", "units": "d", "title": "sidereal orbital period", "value": "48681.19346262312"}, {"sigma": "3.4881E-10", "name": "n", "units": "deg/d", "title": "mean motion", "value": ".007395052881692476", "label": "n"}, {"sigma": "1.6108E-6", "name": "ad", "title": "aphelion distance", "value": "51.22462284058444", "units": "au", "label": "Q"}], "epoch": "2450000.5"}