{"spkid": "1000081", "covariance": {"epoch": "2455980.5", "labels": ["e", "q", "tp", "node", "peri", "i", "A1", "A2", "DT"], "data": [["1.555490963938462E-14", "-5.513836955309178E-14", "-3.531230036222426E-12", "3.469644153250407E-13", "4.386764076007808E-13", "4.475302556915502E-15", "-1.755350158890473E-18", "-2.013234055489898E-18", "4.859820019936702E-8"], ["-5.513836955309178E-14", "1.992245634251924E-13", "1.768257659465665E-11", "-1.135547238168516E-12", "-4.667707157948773E-13", "-2.15456612554791E-14", "4.776829854000911E-18", "7.165824052704006E-18", "-1.752957421820024E-7"], ["-3.531230036222426E-12", "1.768257659465665E-11", "8.381466812339926E-9", "3.014867862172714E-11", "1.186329437606166E-9", "1.271978733748008E-12", "-1.25930360478014E-15", "5.238811187402487E-16", "-1.526256010957751E-5"], ["3.469644153250407E-13", "-1.135547238168516E-12", "3.014867862172714E-11", "1.269835350675618E-10", "-3.232293467364196E-11", "-2.216412581590719E-11", "-1.48732870417035E-16", "-5.383415060093867E-17", "1.112206274910036E-6"], ["4.386764076007808E-13", "-4.667707157948773E-13", "1.186329437606166E-9", "-3.232293467364196E-11", "6.682245853503145E-10", "1.340847992219129E-11", "-8.221685202129666E-16", "-7.630966350520932E-17", "5.020983897095322E-7"], ["4.475302556915502E-15", "-2.15456612554791E-14", "1.271978733748008E-12", "-2.216412581590719E-11", "1.340847992219129E-11", "8.716716337392937E-12", "1.857657165235823E-17", "1.516798897975856E-18", "-3.356776737217584E-9"], ["-1.755350158890473E-18", "4.776829854000911E-18", "-1.25930360478014E-15", "-1.48732870417035E-16", "-8.221685202129666E-16", "1.857657165235823E-17", "1.377634220765436E-21", "2.762846682495957E-22", "-4.627819414077527E-12"], ["-2.013234055489898E-18", "7.165824052704006E-18", "5.238811187402487E-16", "-5.383415060093867E-17", "-7.630966350520932E-17", "1.516798897975856E-18", "2.762846682495957E-22", "2.674786313741101E-22", "-6.365555407734047E-12"], ["4.859820019936702E-8", "-1.752957421820024E-7", "-1.526256010957751E-5", "1.112206274910036E-6", "5.020983897095322E-7", "-3.356776737217584E-9", "-4.627819414077527E-12", "-6.365555407734047E-12", ".1550207795558223"]]}, "elements": [{"name": "e", "sigma": "1.2472E-7", "units": null, "title": "eccentricity", "value": ".6922258013072282", "label": "e"}, {"name": "a", "sigma": "2.7904E-7", "title": "semi-major axis", "value": "3.063468722115394", "units": "au", "label": "a"}, {"label": "q", "name": "q", "sigma": "4.4635E-7", "units": "au", "value": ".9428566311694347", "title": "perihelion distance"}, {"label": "i", "units": "deg", "value": "11.37915705677313", "title": "inclination; angle with respect to x-y ecliptic plane", "sigma": "2.9524E-6", "name": "i"}, {"title": "longitude of the ascending node", "value": "69.84321690348189", "units": "deg", "sigma": "1.1269E-5", "name": "om", "label": "node"}, {"sigma": "2.585E-5", "name": "w", "units": "deg", "value": "198.8705914205202", "title": "argument of perihelion", "label": "peri"}, {"label": "M", "units": "deg", "title": "mean anomaly", "value": "23.73073531906494", "name": "ma", "sigma": "1.9723E-5"}, {"value": "2455851.399686348570", "title": "time of perihelion passage", "units": "TDB", "name": "tp", "sigma": "9.155E-5", "label": "tp"}, {"label": "period", "name": "per", "sigma": ".00026759", "title": "sidereal orbital period", "value": "1958.477573055924", "units": "d"}, {"label": "n", "sigma": "2.5115E-8", "name": "n", "units": "deg/d", "value": ".1838162483720819", "title": "mean motion"}, {"label": "Q", "value": "5.184080813061352", "title": "aphelion distance", "units": "au", "name": "ad", "sigma": "4.722E-7"}], "epoch": "2455980.5"}