{"spkid": "20005189", "covariance": {"data": [["9.134673344373168E-17", "-1.451218026751451E-16", "9.408028473217534E-15", "7.199289131039883E-14", "-5.900771992478884E-14", "2.702764999175228E-15"], ["-1.451218026751451E-16", "2.31809879632344E-16", "-1.66340553550535E-14", "-1.083858574731735E-13", "8.718675405761119E-14", "-4.146425536083984E-15"], ["9.408028473217534E-15", "-1.66340553550535E-14", "3.529364270968798E-12", "2.36694708766107E-12", "-3.152571817504222E-13", "1.486630550873728E-13"], ["7.199289131039883E-14", "-1.083858574731735E-13", "2.36694708766107E-12", "4.443669074114798E-10", "-4.535766015750293E-10", "1.013338590964556E-11"], ["-5.900771992478884E-14", "8.718675405761119E-14", "-3.152571817504222E-13", "-4.535766015750293E-10", "4.657772570515698E-10", "-1.017920762832584E-11"], ["2.702764999175228E-15", "-4.146425536083984E-15", "1.486630550873728E-13", "1.013338590964556E-11", "-1.017920762832584E-11", "2.556322078704671E-13"]], "elements": [{"name": "e", "sigma": 9.55754850595757e-09, "value": ".4782845888432569", "title": "eccentricity", "units": null, "label": "e"}, {"sigma": 1.52253039257791e-08, "name": "q", "units": "au", "value": ".8098478814921671", "title": "perihelion distance", "label": "q"}, {"title": "time of perihelion passage", "value": "2458682.715081782024", "units": "TDB", "name": "tp", "sigma": 1.87866023297689e-06, "label": "tp"}, {"sigma": 2.10800120353732e-05, "name": "om", "value": "135.2303594121806", "title": "longitude of the ascending node", "units": "deg", "label": "node"}, {"label": "peri", "value": "159.7710214271918", "title": "argument of perihelion", "units": "deg", "name": "w", "sigma": 2.15818733443501e-05}, {"name": "i", "sigma": 5.05600838478802e-07, "units": "deg", "title": "inclination", "value": "3.577995225197187", "label": "i"}], "labels": ["e", "q", "tp", "node", "peri", "i"], "epoch": "2458373.5"}, "elements": [{"units": null, "value": ".4781415322652633", "title": "eccentricity", "name": "e", "sigma": "9.614E-9", "label": "e"}, {"label": "a", "sigma": "2.2582E-9", "name": "a", "units": "au", "value": "1.55196173991972", "title": "semi-major axis"}, {"value": ".8099043755774411", "title": "perihelion distance", "units": "au", "sigma": "1.521E-8", "name": "q", "label": "q"}, {"label": "i", "sigma": "5.0358E-7", "name": "i", "units": "deg", "title": "inclination; angle with respect to x-y ecliptic plane", "value": "3.580830242644158"}, {"title": "longitude of the ascending node", "value": "135.0360566104537", "units": "deg", "sigma": "2.1044E-5", "name": "om", "label": "node"}, {"units": "deg", "title": "argument of perihelion", "value": "160.0050267412709", "name": "w", "sigma": "2.1557E-5", "label": "peri"}, {"label": "M", "sigma": "2.002E-6", "name": "ma", "value": "203.5150471998894", "title": "mean anomaly", "units": "deg"}, {"label": "tp", "name": "tp", "sigma": "4.5867E-6", "value": "2461507.465823327458", "title": "time of perihelion passage", "units": "TDB"}, {"label": "period", "name": "per", "sigma": "1.5413E-6", "title": "sidereal orbital period", "value": "706.1873644748729", "units": "d"}, {"sigma": "1.1126E-9", "name": "n", "units": "deg/d", "value": ".5097797243479415", "title": "mean motion", "label": "n"}, {"label": "Q", "name": "ad", "sigma": "3.3379E-9", "value": "2.294019104262", "title": "aphelion distance", "units": "au"}], "epoch": "2461200.5"}