{"spkid": "20007822", "covariance": {"elements": [{"label": "e", "title": "eccentricity", "value": ".1646855131788753", "units": null, "sigma": 1.98347065351349e-08, "name": "e"}, {"title": "perihelion distance", "value": ".9380072211677604", "units": "au", "sigma": 2.26091739641106e-08, "name": "q", "label": "q"}, {"label": "tp", "value": "2457772.877234736239", "title": "time of perihelion passage", "units": "TDB", "name": "tp", "sigma": 7.26628208164965e-06}, {"name": "om", "sigma": 2.28956202471933e-06, "value": "156.8673735596571", "title": "longitude of the ascending node", "units": "deg", "label": "node"}, {"units": "deg", "value": "249.4072721485271", "title": "argument of perihelion", "name": "w", "sigma": 6.19955632415976e-06, "label": "peri"}, {"value": "37.12187449681169", "title": "inclination", "units": "deg", "sigma": 3.53790727719881e-06, "name": "i", "label": "i"}], "data": [["3.934155833349231E-16", "-4.478194464835659E-16", "-5.097608064576216E-14", "2.751500718717654E-15", "-6.693507377395971E-14", "1.580627136818503E-14", "-2.859797724678091E-23"], ["-4.478194464835659E-16", "5.11174747339415E-16", "5.721573730759021E-14", "-3.255236265662245E-15", "7.677363998411846E-14", "-1.921515483475376E-14", "3.697910487520943E-23"], ["-5.097608064576216E-14", "5.721573730759021E-14", "5.279885529010274E-11", "-1.975056731266074E-12", "3.903708048419627E-11", "1.068138469388857E-11", "-2.263445809394435E-21"], ["2.751500718717654E-15", "-3.255236265662245E-15", "-1.975056731266074E-12", "5.242094265036876E-12", "-5.756516162159398E-12", "3.810761237762553E-12", "-1.539388975140675E-21"], ["-6.693507377395971E-14", "7.677363998411846E-14", "3.903708048419627E-11", "-5.756516162159398E-12", "3.843449861642929E-11", "-1.033896851036599E-12", "5.870316660353725E-21"], ["1.580627136818503E-14", "-1.921515483475376E-14", "1.068138469388857E-11", "3.810761237762553E-12", "-1.033896851036599E-12", "1.251678790205632E-11", "-7.312741165120054E-21"], ["-2.859797724678091E-23", "3.697910487520943E-23", "-2.263445809394435E-21", "-1.539388975140675E-21", "5.870316660353725E-21", "-7.312741165120054E-21", "1.655368870531467E-29"]], "labels": ["e", "q", "tp", "node", "peri", "i", "A2"], "epoch": "2457702.5"}, "elements": [{"units": null, "title": "eccentricity", "value": ".1645913305886299", "sigma": "1.9805E-8", "name": "e", "label": "e"}, {"label": "a", "title": "semi-major axis", "value": "1.122704459359489", "units": "au", "sigma": "3.0087E-9", "name": "a"}, {"label": "q", "name": "q", "sigma": "2.3154E-8", "units": "au", "value": ".9379170385357222", "title": "perihelion distance"}, {"label": "i", "name": "i", "sigma": "3.538E-6", "title": "inclination; angle with respect to x-y ecliptic plane", "value": "37.12309321232198", "units": "deg"}, {"label": "node", "value": "156.8372246037425", "title": "longitude of the ascending node", "units": "deg", "name": "om", "sigma": "2.2909E-6"}, {"sigma": "6.2038E-6", "name": "w", "units": "deg", "value": "249.4549825114854", "title": "argument of perihelion", "label": "peri"}, {"value": "319.4689514388742", "title": "mean anomaly", "units": "deg", "sigma": "1.0328E-5", "name": "ma", "label": "M"}, {"units": "TDB", "title": "time of perihelion passage", "value": "2461249.419491822626", "sigma": "1.2624E-5", "name": "tp", "label": "tp"}, {"label": "period", "name": "per", "sigma": "1.7466E-6", "units": "d", "value": "434.5068208532933", "title": "sidereal orbital period"}, {"units": "deg/d", "title": "mean motion", "value": ".8285255437256996", "name": "n", "sigma": "3.3305E-9", "label": "n"}, {"name": "ad", "sigma": "3.5039E-9", "units": "au", "title": "aphelion distance", "value": "1.307491880183256", "label": "Q"}], "epoch": "2461200.5"}