{"spkid": "20004015", "covariance": {"epoch": "2457632.5", "data": [["5.817550762010828E-16", "-1.538780893254816E-15", "1.350859133853182E-16", "-1.627831314882146E-14", "-2.544817359840665E-14", "-4.428331100314098E-17"], ["-1.538780893254816E-15", "4.071111717918262E-15", "2.949219721891785E-15", "3.467947781332347E-14", "7.687726676348549E-14", "9.207932798336761E-16"], ["1.350859133853182E-16", "2.949219721891785E-15", "6.023535147011997E-11", "-1.123813575474512E-11", "3.34497701791117E-11", "-4.307038393398374E-12"], ["-1.627831314882146E-14", "3.467947781332347E-14", "-1.123813575474512E-11", "4.736044872971445E-9", "-4.728214079704382E-9", "1.832495765574069E-11"], ["-2.544817359840665E-14", "7.687726676348549E-14", "3.34497701791117E-11", "-4.728214079704382E-9", "4.743593371101312E-9", "-1.861401600270752E-11"], ["-4.428331100314098E-17", "9.207932798336761E-16", "-4.307038393398374E-12", "1.832495765574069E-11", "-1.861401600270752E-11", "1.539198496022852E-11"]], "elements": [{"title": "eccentricity", "value": ".6295972213386811", "units": null, "sigma": 2.41195994204108e-08, "name": "e", "label": "e"}, {"units": "au", "value": ".9758260100797117", "title": "perihelion distance", "name": "q", "sigma": 6.38052640298452e-08, "label": "q"}, {"name": "tp", "sigma": 7.76114369601027e-06, "units": "TDB", "title": "time of perihelion passage", "value": "2458261.815415442126", "label": "tp"}, {"sigma": 6.88189281591296e-05, "name": "om", "title": "longitude of the ascending node", "value": "267.7674870527786", "units": "deg", "label": "node"}, {"label": "peri", "name": "w", "sigma": 6.88737495066249e-05, "units": "deg", "title": "argument of perihelion", "value": "94.20552836722382"}, {"label": "i", "units": "deg", "title": "inclination", "value": "2.7756666889731", "name": "i", "sigma": 3.92326203053384e-06}], "labels": ["e", "q", "tp", "node", "peri", "i"]}, "elements": [{"sigma": "2.4008E-8", "name": "e", "value": ".6307928317562872", "title": "eccentricity", "units": null, "label": "e"}, {"name": "a", "sigma": "3.3369E-9", "units": "au", "title": "semi-major axis", "value": "2.626684973602551", "label": "a"}, {"name": "q", "sigma": "6.3701E-8", "units": "au", "value": ".9697909209721096", "title": "perihelion distance", "label": "q"}, {"label": "i", "sigma": "3.9393E-6", "name": "i", "units": "deg", "title": "inclination; angle with respect to x-y ecliptic plane", "value": "2.798440660752119"}, {"label": "node", "name": "om", "sigma": "6.8147E-5", "title": "longitude of the ascending node", "value": "266.7232510779861", "units": "deg"}, {"title": "argument of perihelion", "value": "95.49895026515443", "units": "deg", "sigma": "6.8185E-5", "name": "w", "label": "peri"}, {"label": "M", "value": "320.7255713035856", "title": "mean anomaly", "units": "deg", "sigma": "2.5015E-6", "name": "ma"}, {"name": "tp", "sigma": "1.1044E-5", "units": "TDB", "title": "time of perihelion passage", "value": "2461370.135907656845", "label": "tp"}, {"label": "period", "title": "sidereal orbital period", "value": "1554.928455573931", "units": "d", "name": "per", "sigma": "2.9631E-6"}, {"units": "deg/d", "title": "mean motion", "value": ".231521906174855", "sigma": "4.4119E-10", "name": "n", "label": "n"}, {"label": "Q", "sigma": "5.4418E-9", "name": "ad", "units": "au", "title": "aphelion distance", "value": "4.283579026232993"}], "epoch": "2461200.5"}