{"spkid": "20005693", "covariance": {"labels": ["e", "q", "tp", "node", "peri", "i"], "elements": [{"name": "e", "sigma": 1.33981385423056e-09, "units": null, "title": "eccentricity", "value": ".5851996322005908", "label": "e"}, {"title": "perihelion distance", "value": ".527210697779887", "units": "au", "name": "q", "sigma": 1.71393595354138e-09, "label": "q"}, {"label": "tp", "name": "tp", "sigma": 3.2680074868516e-07, "units": "TDB", "title": "time of perihelion passage", "value": "2458212.155882093903"}, {"name": "om", "sigma": 6.93689401540125e-07, "value": "97.0442609750549", "title": "longitude of the ascending node", "units": "deg", "label": "node"}, {"label": "peri", "sigma": 6.54935391636568e-07, "name": "w", "value": "258.8909927566031", "title": "argument of perihelion", "units": "deg"}, {"label": "i", "sigma": 8.31852566553249e-08, "name": "i", "units": "deg", "title": "inclination", "value": "5.054332333312292"}], "data": [["1.795101163988137E-18", "-2.280999492017702E-18", "6.509961000461319E-17", "-2.195563724357443E-16", "1.731426151188107E-16", "-3.664296712271837E-17"], ["-2.280999492017702E-18", "2.937576452841796E-18", "-1.233949482903159E-16", "2.380552382220542E-16", "-1.916660273241233E-16", "4.701174706103335E-17"], ["6.509961000461319E-17", "-1.233949482903159E-16", "1.067987293411811E-13", "-1.991944352189031E-14", "3.685405079529772E-14", "-5.160967669738771E-15"], ["-2.195563724357443E-16", "2.380552382220542E-16", "-1.991944352189031E-14", "4.812049858090963E-13", "-4.471792679669032E-13", "1.770330348193977E-14"], ["1.731426151188107E-16", "-1.916660273241233E-16", "3.685405079529772E-14", "-4.471792679669032E-13", "4.289403672181446E-13", "-1.355198423015465E-14"], ["-3.664296712271837E-17", "4.701174706103335E-17", "-5.160967669738771E-15", "1.770330348193977E-14", "-1.355198423015465E-14", "6.919786924812273E-15"]], "epoch": "2458035.5"}, "elements": [{"label": "e", "sigma": "1.3383E-9", "name": "e", "value": ".5851655760134417", "title": "eccentricity", "units": null}, {"label": "a", "name": "a", "sigma": "4.3273E-10", "title": "semi-major axis", "value": "1.270525519525638", "units": "au"}, {"label": "q", "title": "perihelion distance", "value": ".5270577220526407", "units": "au", "name": "q", "sigma": "1.716E-9"}, {"units": "deg", "value": "5.05882729389157", "title": "inclination; angle with respect to x-y ecliptic plane", "sigma": "8.2908E-8", "name": "i", "label": "i"}, {"label": "node", "name": "om", "sigma": "6.9753E-7", "value": "96.97520701484154", "title": "longitude of the ascending node", "units": "deg"}, {"sigma": "6.5899E-7", "name": "w", "units": "deg", "value": "258.9737667410413", "title": "argument of perihelion", "label": "peri"}, {"value": "256.0723380898154", "title": "mean anomaly", "units": "deg", "name": "ma", "sigma": "9.8212E-7", "label": "M"}, {"title": "time of perihelion passage", "value": "2461351.508770640484", "units": "TDB", "sigma": "1.5027E-6", "name": "tp", "label": "tp"}, {"label": "period", "units": "d", "title": "sidereal orbital period", "value": "523.0865048956409", "name": "per", "sigma": "2.6724E-7"}, {"label": "n", "value": ".6882226871286276", "title": "mean motion", "units": "deg/d", "name": "n", "sigma": "3.5161E-10"}, {"value": "2.013993316998635", "title": "aphelion distance", "units": "au", "name": "ad", "sigma": "6.8596E-10", "label": "Q"}], "epoch": "2461200.5"}