{"spkid": "20008566", "covariance": {"epoch": "2458201.5", "elements": [{"sigma": 3.18936092767619e-09, "name": "e", "title": "eccentricity", "value": ".4303898049304316", "units": null, "label": "e"}, {"sigma": 5.23934860734439e-09, "name": "q", "units": "au", "value": ".8580173458811231", "title": "perihelion distance", "label": "q"}, {"value": "2458405.584110084830", "title": "time of perihelion passage", "units": "TDB", "name": "tp", "sigma": 1.6032827996796e-06, "label": "tp"}, {"name": "om", "sigma": 3.87121589216925e-07, "units": "deg", "value": "164.1400531444268", "title": "longitude of the ascending node", "label": "node"}, {"name": "w", "sigma": 6.55839779313262e-07, "value": "125.1189609361171", "title": "argument of perihelion", "units": "deg", "label": "peri"}, {"name": "i", "sigma": 2.86161979053084e-07, "title": "inclination", "value": "37.97454754910605", "units": "deg", "label": "i"}], "data": [["1.017202312698751E-17", "-1.668685130981597E-17", "3.238905610738577E-15", "2.902963691330153E-16", "1.060883999103083E-15", "-9.619025053383977E-18"], ["-1.668685130981597E-17", "2.745077382928155E-17", "-5.532514582391664E-15", "-4.34169028065236E-16", "-1.833878147981433E-15", "-1.293639715671838E-17"], ["3.238905610738577E-15", "-5.532514582391664E-15", "2.570515735748466E-12", "-1.957708944566063E-13", "9.807297182473971E-13", "2.369815398957545E-13"], ["2.902963691330153E-16", "-4.34169028065236E-16", "-1.957708944566063E-13", "1.498631248378377E-13", "-1.556429024755386E-13", "-9.193496422175883E-14"], ["1.060883999103083E-15", "-1.833878147981433E-15", "9.807297182473971E-13", "-1.556429024755386E-13", "4.30125816129668E-13", "1.366625030756847E-13"], ["-9.619025053383977E-18", "-1.293639715671838E-17", "2.369815398957545E-13", "-9.193496422175883E-14", "1.366625030756847E-13", "8.188867825557789E-14"]], "labels": ["e", "q", "tp", "node", "peri", "i"]}, "elements": [{"label": "e", "units": null, "title": "eccentricity", "value": ".4303842862505558", "sigma": "3.191E-9", "name": "e"}, {"label": "a", "sigma": "8.9606E-10", "name": "a", "value": "1.506278431810615", "title": "semi-major axis", "units": "au"}, {"title": "perihelion distance", "value": ".8579998640411969", "units": "au", "name": "q", "sigma": "5.2417E-9", "label": "q"}, {"label": "i", "units": "deg", "value": "37.98278074873155", "title": "inclination; angle with respect to x-y ecliptic plane", "sigma": "2.8632E-7", "name": "i"}, {"label": "node", "units": "deg", "value": "164.0928825658955", "title": "longitude of the ascending node", "sigma": "3.8665E-7", "name": "om"}, {"name": "w", "sigma": "6.5511E-7", "value": "125.1553536665697", "title": "argument of perihelion", "units": "deg", "label": "peri"}, {"label": "M", "value": "49.97368326853591", "title": "mean anomaly", "units": "deg", "sigma": "8.1846E-7", "name": "ma"}, {"title": "time of perihelion passage", "value": "2461106.766426941950", "units": "TDB", "sigma": "1.4706E-6", "name": "tp", "label": "tp"}, {"title": "sidereal orbital period", "value": "675.2371267007211", "units": "d", "name": "per", "sigma": "6.0253E-7", "label": "period"}, {"sigma": "4.7574E-10", "name": "n", "title": "mean motion", "value": ".5331460397608726", "units": "deg/d", "label": "n"}, {"name": "ad", "sigma": "1.2817E-9", "value": "2.154556999580033", "title": "aphelion distance", "units": "au", "label": "Q"}], "epoch": "2461200.5"}