{"spkid": "20007482", "covariance": {"epoch": "2458671.5", "elements": [{"title": "eccentricity", "value": ".3282683052916078", "units": null, "name": "e", "sigma": 1.27920729635095e-08, "label": "e"}, {"label": "q", "sigma": 1.72270985157181e-08, "name": "q", "value": ".9042775470351586", "title": "perihelion distance", "units": "au"}, {"units": "TDB", "title": "time of perihelion passage", "value": "2458495.779413132636", "sigma": 3.16588706988085e-06, "name": "tp", "label": "tp"}, {"label": "node", "name": "om", "sigma": 1.37832041544687e-06, "value": "117.8850983813992", "title": "longitude of the ascending node", "units": "deg"}, {"label": "peri", "sigma": 4.61023231088549e-06, "name": "w", "units": "deg", "value": "47.62712302428625", "title": "argument of perihelion"}, {"label": "i", "title": "inclination", "value": "33.48805981433258", "units": "deg", "name": "i", "sigma": 6.29236205845867e-06}], "data": [["1.636371307037505E-16", "-2.203687520565354E-16", "3.133252299477774E-14", "-1.245545002472515E-15", "5.214976946919591E-14", "-5.73089714790836E-15"], ["-2.203687520565354E-16", "2.967729232702575E-16", "-4.218792672218034E-14", "1.638707307136957E-15", "-7.024128522713032E-14", "7.733464785759835E-15"], ["3.133252299477774E-14", "-4.218792672218034E-14", "1.002284093923878E-11", "5.462117164695323E-13", "1.353947290420784E-11", "-1.704374192773315E-12"], ["-1.245545002472515E-15", "1.638707307136957E-15", "5.462117164695323E-13", "1.899767167637635E-12", "-8.825325281816094E-13", "-9.602701454118412E-13"], ["5.214976946919591E-14", "-7.024128522713032E-14", "1.353947290420784E-11", "-8.825325281816094E-13", "2.125424196033254E-11", "-1.608123412224195E-12"], ["-5.73089714790836E-15", "7.733464785759835E-15", "-1.704374192773315E-12", "-9.602701454118412E-13", "-1.608123412224195E-12", "3.959382027473023E-11"]], "labels": ["e", "q", "tp", "node", "peri", "i"]}, "elements": [{"value": ".3295321759502599", "title": "eccentricity", "units": null, "name": "e", "sigma": "1.2627E-8", "label": "e"}, {"sigma": "3.2665E-9", "name": "a", "value": "1.348658955990375", "title": "semi-major axis", "units": "au", "label": "a"}, {"label": "q", "sigma": "1.7157E-8", "name": "q", "units": "au", "value": ".9042324356080607", "title": "perihelion distance"}, {"units": "deg", "title": "inclination; angle with respect to x-y ecliptic plane", "value": "33.46934749204918", "name": "i", "sigma": "6.2935E-6", "label": "i"}, {"label": "node", "sigma": "1.3771E-6", "name": "om", "units": "deg", "title": "longitude of the ascending node", "value": "117.8506529325638"}, {"title": "argument of perihelion", "value": "47.49688657781213", "units": "deg", "sigma": "4.6274E-6", "name": "w", "label": "peri"}, {"sigma": "3.7817E-6", "name": "ma", "units": "deg", "value": "264.1083041354863", "title": "mean anomaly", "label": "M"}, {"label": "tp", "name": "tp", "sigma": "6.4879E-6", "units": "TDB", "title": "time of perihelion passage", "value": "2461352.880760420892"}, {"label": "period", "units": "d", "title": "sidereal orbital period", "value": "572.0732463531484", "name": "per", "sigma": "2.0784E-6"}, {"label": "n", "units": "deg/d", "value": ".6292900468513908", "title": "mean motion", "sigma": "2.2862E-9", "name": "n"}, {"value": "1.793085476372688", "title": "aphelion distance", "units": "au", "name": "ad", "sigma": "4.3429E-9", "label": "Q"}], "epoch": "2461200.5"}