{"spkid": "20003757", "covariance": {"epoch": "2457844.5", "elements": [{"name": "e", "sigma": 4.14605742950445e-08, "units": null, "value": ".4454749708507495", "title": "eccentricity", "label": "e"}, {"value": "1.017407039966021", "title": "perihelion distance", "units": "au", "name": "q", "sigma": 7.63288336381424e-08, "label": "q"}, {"sigma": 2.79853779174896e-05, "name": "tp", "units": "TDB", "title": "time of perihelion passage", "value": "2458044.336895612545", "label": "tp"}, {"label": "node", "title": "longitude of the ascending node", "value": "74.97023428409412", "units": "deg", "name": "om", "sigma": 6.04246041023746e-05}, {"label": "peri", "units": "deg", "value": "17.15611499866703", "title": "argument of perihelion", "name": "w", "sigma": 6.30284758559173e-05}, {"label": "i", "units": "deg", "title": "inclination", "value": "3.867851352695896", "sigma": 5.36079323587706e-06, "name": "i"}], "data": [["1.718979220874906E-15", "-3.164192009518962E-15", "1.828345111968085E-13", "4.359657387496847E-13", "-4.758734877758747E-13", "-1.800174427386935E-14"], ["-3.164192009518962E-15", "5.826090844559221E-15", "-3.020808849177294E-13", "-8.114974733387464E-13", "8.948107827803909E-13", "3.377868468975975E-14"], ["1.828345111968085E-13", "-3.020808849177294E-13", "7.831813771847151E-10", "-3.477662499188242E-10", "5.681526551451035E-10", "1.108145736487878E-11"], ["4.359657387496847E-13", "-8.114974733387464E-13", "-3.477662499188242E-10", "3.651132780928707E-9", "-3.769667971201524E-9", "-4.869755215888729E-11"], ["-4.758734877758747E-13", "8.948107827803909E-13", "5.681526551451035E-10", "-3.769667971201524E-9", "3.972588768719955E-9", "5.289373823022309E-11"], ["-1.800174427386935E-14", "3.377868468975975E-14", "1.108145736487878E-11", "-4.869755215888729E-11", "5.289373823022309E-11", "2.873810411782524E-11"]], "labels": ["e", "q", "tp", "node", "peri", "i"]}, "elements": [{"label": "e", "units": null, "value": ".4457663618105244", "title": "eccentricity", "sigma": "4.1541E-8", "name": "e"}, {"units": "au", "title": "semi-major axis", "value": "1.834728451786492", "sigma": "2.2161E-9", "name": "a", "label": "a"}, {"name": "q", "sigma": "7.6528E-8", "units": "au", "value": "1.016868224923371", "title": "perihelion distance", "label": "q"}, {"title": "inclination; angle with respect to x-y ecliptic plane", "value": "3.866093774317779", "units": "deg", "name": "i", "sigma": "5.3591E-6", "label": "i"}, {"sigma": "6.0473E-5", "name": "om", "value": "74.92688598029741", "title": "longitude of the ascending node", "units": "deg", "label": "node"}, {"label": "peri", "sigma": "6.3069E-5", "name": "w", "units": "deg", "title": "argument of perihelion", "value": "17.24962831485384"}, {"label": "M", "name": "ma", "sigma": "1.3185E-5", "value": "171.6732221404839", "title": "mean anomaly", "units": "deg"}, {"sigma": "3.2522E-5", "name": "tp", "value": "2460767.631305566049", "title": "time of perihelion passage", "units": "TDB", "label": "tp"}, {"label": "period", "name": "per", "sigma": "1.6446E-6", "title": "sidereal orbital period", "value": "907.7288120607491", "units": "d"}, {"label": "n", "units": "deg/d", "title": "mean motion", "value": ".3965942197898498", "sigma": "7.1855E-10", "name": "n"}, {"units": "au", "value": "2.652588678649612", "title": "aphelion distance", "name": "ad", "sigma": "3.204E-9", "label": "Q"}], "epoch": "2461200.5"}