{"spkid": "20003361", "covariance": {"epoch": "2458615.5", "labels": ["e", "q", "tp", "node", "peri", "i", "A2"], "data": [["9.786642301973561E-16", "-1.188814961052523E-15", "2.853129093904477E-14", "3.9375682170827E-14", "1.054447492296394E-13", "7.295684280029071E-15", "2.278439223405412E-23"], ["-1.188814961052523E-15", "1.444180706915042E-15", "-3.488788239282322E-14", "-4.736505752341133E-14", "-1.285647652480685E-13", "-8.763913539857096E-15", "-2.756115478475752E-23"], ["2.853129093904477E-14", "-3.488788239282322E-14", "3.166799719356997E-12", "-1.40049451705272E-12", "7.52535403332437E-12", "-9.582458392748989E-13", "3.557374434459847E-23"], ["3.9375682170827E-14", "-4.736505752341133E-14", "-1.40049451705272E-12", "9.188055169735141E-10", "-9.133037138643869E-10", "4.975336605566723E-11", "8.397570779294733E-21"], ["1.054447492296394E-13", "-1.285647652480685E-13", "7.52535403332437E-12", "-9.133037138643869E-10", "9.315247503236724E-10", "-4.947204617792741E-11", "-4.714760287715036E-21"], ["7.295684280029071E-15", "-8.763913539857096E-15", "-9.582458392748989E-13", "4.975336605566723E-11", "-4.947204617792741E-11", "3.284427888993971E-12", "1.028163891169862E-21"], ["2.278439223405412E-23", "-2.756115478475752E-23", "3.557374434459847E-23", "8.397570779294733E-21", "-4.714760287715036E-21", "1.028163891169862E-21", "3.938546821193649E-30"]], "elements": [{"label": "e", "title": "eccentricity", "value": ".3229242740293531", "units": null, "name": "e", "sigma": 3.12836096094641e-08}, {"label": "q", "value": ".8194567227035479", "title": "perihelion distance", "units": "au", "name": "q", "sigma": 3.8002377648182e-08}, {"label": "tp", "units": "TDB", "title": "time of perihelion passage", "value": "2458621.849933850843", "name": "tp", "sigma": 1.77955042619112e-06}, {"name": "om", "sigma": 3.03118049111813e-05, "units": "deg", "title": "longitude of the ascending node", "value": "189.1801253236816", "label": "node"}, {"label": "peri", "title": "argument of perihelion", "value": "301.8756392162277", "units": "deg", "sigma": 3.05208903920523e-05, "name": "w"}, {"value": "2.677528878235975", "title": "inclination", "units": "deg", "name": "i", "sigma": 1.81229906168766e-06, "label": "i"}]}, "elements": [{"label": "e", "sigma": "3.1413E-8", "name": "e", "title": "eccentricity", "value": ".3227822723951292", "units": null}, {"label": "a", "name": "a", "sigma": "1.0025E-9", "units": "au", "title": "semi-major axis", "value": "1.20947959321331"}, {"value": ".819081021700381", "title": "perihelion distance", "units": "au", "sigma": "3.7774E-8", "name": "q", "label": "q"}, {"name": "i", "sigma": "1.8005E-6", "units": "deg", "value": "2.646502985515577", "title": "inclination; angle with respect to x-y ecliptic plane", "label": "i"}, {"label": "node", "units": "deg", "title": "longitude of the ascending node", "value": "188.2569504564323", "sigma": "3.1328E-5", "name": "om"}, {"label": "peri", "value": "302.8557815468492", "title": "argument of perihelion", "units": "deg", "name": "w", "sigma": "3.1493E-5"}, {"sigma": "1.3689E-6", "name": "ma", "title": "mean anomaly", "value": "108.6958229784398", "units": "deg", "label": "M"}, {"label": "tp", "name": "tp", "sigma": "1.7767E-6", "title": "time of perihelion passage", "value": "2461053.807942851678", "units": "TDB"}, {"sigma": "6.0403E-7", "name": "per", "value": "485.8433298202351", "title": "sidereal orbital period", "units": "d", "label": "period"}, {"label": "n", "name": "n", "sigma": "9.2122E-10", "units": "deg/d", "value": ".7409796078361355", "title": "mean motion"}, {"title": "aphelion distance", "value": "1.599878164726238", "units": "au", "sigma": "1.326E-9", "name": "ad", "label": "Q"}], "epoch": "2461200.5"}