{"spkid": "20005011", "covariance": {"elements": [{"label": "e", "title": "eccentricity", "value": ".4999354650639112", "units": null, "sigma": 3.99322910144722e-08, "name": "e"}, {"label": "q", "units": "au", "title": "perihelion distance", "value": ".8179185436460801", "name": "q", "sigma": 6.52196320076898e-08}, {"label": "tp", "sigma": 9.97789349547395e-06, "name": "tp", "units": "TDB", "title": "time of perihelion passage", "value": "2457938.850134300405"}, {"units": "deg", "title": "longitude of the ascending node", "value": "10.78039585236675", "sigma": 2.90839952517314e-05, "name": "om", "label": "node"}, {"label": "peri", "name": "w", "sigma": 2.91945352868463e-05, "title": "argument of perihelion", "value": "105.7515502300047", "units": "deg"}, {"value": "7.407577731026584", "title": "inclination", "units": "deg", "sigma": 3.80275435017711e-06, "name": "i", "label": "i"}], "data": [["1.594587865664495E-15", "-2.603949927820971E-15", "-3.839408280936116E-14", "2.585916189427327E-14", "1.802668957225968E-14", "6.00943928903575E-15"], ["-2.603949927820971E-15", "4.253600399218481E-15", "6.714156678450931E-14", "-4.134299375270768E-14", "-3.027381923681897E-14", "-9.903887948479893E-15"], ["-3.839408280936116E-14", "6.714156678450931E-14", "9.955835860702131E-11", "-1.044251507374154E-11", "3.824386289667668E-11", "1.224104450743543E-12"], ["2.585916189427327E-14", "-4.134299375270768E-14", "-1.044251507374154E-11", "8.458787798027357E-10", "-8.38840941553823E-10", "-1.727073488820997E-11"], ["1.802668957225968E-14", "-3.027381923681897E-14", "3.824386289667668E-11", "-8.38840941553823E-10", "8.523208906149127E-10", "1.767537851404184E-11"], ["6.00943928903575E-15", "-9.903887948479893E-15", "1.224104450743543E-12", "-1.727073488820997E-11", "1.767537851404184E-11", "1.446094064779091E-11"]], "labels": ["e", "q", "tp", "node", "peri", "i"], "epoch": "2457557.5"}, "elements": [{"units": null, "title": "eccentricity", "value": ".5001928386152668", "name": "e", "sigma": "4.0006E-8", "label": "e"}, {"label": "a", "title": "semi-major axis", "value": "1.635948502674329", "units": "au", "sigma": "2.1907E-9", "name": "a"}, {"label": "q", "title": "perihelion distance", "value": ".8176587772932609", "units": "au", "sigma": "6.5252E-8", "name": "q"}, {"units": "deg", "value": "7.409734888368719", "title": "inclination; angle with respect to x-y ecliptic plane", "name": "i", "sigma": "3.8057E-6", "label": "i"}, {"units": "deg", "value": "10.62090492483549", "title": "longitude of the ascending node", "name": "om", "sigma": "2.9062E-5", "label": "node"}, {"units": "deg", "title": "argument of perihelion", "value": "105.9663030239363", "name": "w", "sigma": "2.9172E-5", "label": "peri"}, {"label": "M", "sigma": "6.423E-6", "name": "ma", "units": "deg", "title": "mean anomaly", "value": "96.2768192349813"}, {"value": "2460996.104136365443", "title": "time of perihelion passage", "units": "TDB", "name": "tp", "sigma": "1.3358E-5", "label": "tp"}, {"sigma": "1.5351E-6", "name": "per", "units": "d", "title": "sidereal orbital period", "value": "764.2806595931344", "label": "period"}, {"label": "n", "title": "mean motion", "value": ".4710311526025615", "units": "deg/d", "name": "n", "sigma": "9.4612E-10"}, {"label": "Q", "name": "ad", "sigma": "3.2864E-9", "units": "au", "value": "2.454238228055396", "title": "aphelion distance"}], "epoch": "2461200.5"}