{"spkid": "20006037", "covariance": {"data": [["8.315300709595573E-17", "-1.076087258880712E-16", "-1.418532471418443E-14", "4.599341534468208E-14", "-5.549674068169148E-14", "-3.447952577261722E-15"], ["-1.076087258880712E-16", "1.392577013246387E-16", "1.837136372308397E-14", "-5.927414831777916E-14", "7.157645827181315E-14", "4.426545815476006E-15"], ["-1.418532471418443E-14", "1.837136372308397E-14", "2.744482960981045E-12", "-2.572914565693115E-12", "4.314783947481183E-12", "-1.851547663191021E-13"], ["4.599341534468208E-14", "-5.927414831777916E-14", "-2.572914565693115E-12", "4.031193199776064E-10", "-3.9923803810991E-10", "-3.267720247833138E-11"], ["-5.549674068169148E-14", "7.157645827181315E-14", "4.314783947481183E-12", "-3.9923803810991E-10", "3.967631590420807E-10", "3.246437737549111E-11"], ["-3.447952577261722E-15", "4.426545815476006E-15", "-1.851547663191021E-13", "-3.267720247833138E-11", "3.246437737549111E-11", "3.328035167713061E-12"]], "elements": [{"name": "e", "sigma": 9.11882706799267e-09, "units": null, "value": ".4998057887080208", "title": "eccentricity", "label": "e"}, {"title": "perihelion distance", "value": ".635841392868624", "units": "au", "sigma": 1.1800750032292e-08, "name": "q", "label": "q"}, {"label": "tp", "sigma": 1.65664811018546e-06, "name": "tp", "units": "TDB", "value": "2458666.726228058221", "title": "time of perihelion passage"}, {"label": "node", "name": "om", "sigma": 2.00778315556637e-05, "value": "182.3947062985187", "title": "longitude of the ascending node", "units": "deg"}, {"label": "peri", "sigma": 1.991891460502e-05, "name": "w", "units": "deg", "title": "argument of perihelion", "value": "242.1715645827705"}, {"label": "i", "units": "deg", "title": "inclination", "value": "3.500130083303795", "name": "i", "sigma": 1.82429031892214e-06}], "labels": ["e", "q", "tp", "node", "peri", "i"], "epoch": "2458730.5"}, "elements": [{"label": "e", "name": "e", "sigma": "9.1118E-9", "units": null, "title": "eccentricity", "value": ".4995504442880637"}, {"label": "a", "title": "semi-major axis", "value": "1.27158108859823", "units": "au", "sigma": "4.9062E-10", "name": "a"}, {"label": "q", "name": "q", "sigma": "1.1772E-8", "units": "au", "title": "perihelion distance", "value": ".6363621908406846"}, {"value": "3.510519020209468", "title": "inclination; angle with respect to x-y ecliptic plane", "units": "deg", "sigma": "1.8282E-6", "name": "i", "label": "i"}, {"value": "182.1481495589309", "title": "longitude of the ascending node", "units": "deg", "name": "om", "sigma": "1.9936E-5", "label": "node"}, {"sigma": "1.9764E-5", "name": "w", "units": "deg", "title": "argument of perihelion", "value": "242.3644986690376", "label": "peri"}, {"label": "M", "sigma": "2.0124E-6", "name": "ma", "units": "deg", "title": "mean anomaly", "value": "302.1397939587764"}, {"units": "TDB", "title": "time of perihelion passage", "value": "2461284.676718689004", "name": "tp", "sigma": "2.9723E-6", "label": "tp"}, {"label": "period", "value": "523.7385208488719", "title": "sidereal orbital period", "units": "d", "sigma": "3.0311E-7", "name": "per"}, {"name": "n", "sigma": "3.9781E-10", "units": "deg/d", "title": "mean motion", "value": ".6873659004812448", "label": "n"}, {"label": "Q", "units": "au", "value": "1.906799986355775", "title": "aphelion distance", "sigma": "7.3571E-10", "name": "ad"}], "epoch": "2461200.5"}