{"spkid": "20010115", "covariance": {"labels": ["e", "q", "tp", "node", "peri", "i", "A2"], "elements": [{"units": null, "value": ".324837206017915", "title": "eccentricity", "name": "e", "sigma": 2.31187080838011e-09, "label": "e"}, {"label": "q", "sigma": 3.07381214164444e-09, "name": "q", "title": "perihelion distance", "value": ".8428758346838839", "units": "au"}, {"label": "tp", "name": "tp", "sigma": 6.41147668132304e-07, "units": "TDB", "value": "2458442.811812048808", "title": "time of perihelion passage"}, {"label": "node", "title": "longitude of the ascending node", "value": "8.919445264310852", "units": "deg", "sigma": 5.92218502066269e-07, "name": "om"}, {"name": "w", "sigma": 9.80356997583943e-07, "title": "argument of perihelion", "value": "233.6495011537588", "units": "deg", "label": "peri"}, {"value": "15.32115033968637", "title": "inclination", "units": "deg", "sigma": 1.3786011070164e-07, "name": "i", "label": "i"}], "data": [["5.344746634640096E-18", "-7.08018233468636E-18", "8.65559935662885E-16", "-5.375117740387659E-16", "1.42189629859202E-15", "4.38091788715238E-17", "-1.610792333475808E-24"], ["-7.08018233468636E-18", "9.448321082120773E-18", "-1.115266453150965E-15", "7.249608482093332E-16", "-1.904050880790657E-15", "-6.100264519784525E-17", "2.360450904462456E-24"], ["8.65559935662885E-16", "-1.115266453150965E-15", "4.110703323514905E-13", "-2.360592655985222E-13", "5.23583498005098E-13", "3.262686664619511E-14", "-1.663099101179625E-22"], ["-5.375117740387659E-16", "7.249608482093332E-16", "-2.360592655985222E-13", "3.507227541896154E-13", "-5.294004723624133E-13", "-1.550713287130163E-14", "1.953379726151788E-22"], ["1.42189629859202E-15", "-1.904050880790657E-15", "5.23583498005098E-13", "-5.294004723624133E-13", "9.610998427118032E-13", "4.174147030069296E-14", "-4.854687374799282E-22"], ["4.38091788715238E-17", "-6.100264519784525E-17", "3.262686664619511E-14", "-1.550713287130163E-14", "4.174147030069296E-14", "1.900541012266831E-14", "-2.3780126752436E-23"], ["-1.610792333475808E-24", "2.360450904462456E-24", "-1.663099101179625E-22", "1.953379726151788E-22", "-4.854687374799282E-22", "-2.3780126752436E-23", "1.230538067625286E-30"]], "epoch": "2458373.5"}, "elements": [{"label": "e", "sigma": "2.2921E-9", "name": "e", "units": null, "title": "eccentricity", "value": ".3248821551152989"}, {"value": "1.248516024397156", "title": "semi-major axis", "units": "au", "sigma": "8.3325E-10", "name": "a", "label": "a"}, {"value": ".8428954476950227", "title": "perihelion distance", "units": "au", "sigma": "3.2221E-9", "name": "q", "label": "q"}, {"value": "15.31841222175664", "title": "inclination; angle with respect to x-y ecliptic plane", "units": "deg", "sigma": "1.3788E-7", "name": "i", "label": "i"}, {"units": "deg", "value": "8.8690083244442", "title": "longitude of the ascending node", "sigma": "5.928E-7", "name": "om", "label": "node"}, {"sigma": "9.8069E-7", "name": "w", "value": "233.7260443528945", "title": "argument of perihelion", "units": "deg", "label": "peri"}, {"name": "ma", "sigma": "1.5264E-6", "units": "deg", "title": "mean anomaly", "value": "148.3811466653697", "label": "M"}, {"sigma": "1.9611E-6", "name": "tp", "title": "time of perihelion passage", "value": "2460990.477496902427", "units": "TDB", "label": "tp"}, {"units": "d", "value": "509.5532876938753", "title": "sidereal orbital period", "name": "per", "sigma": "5.1011E-7", "label": "period"}, {"sigma": "7.0727E-10", "name": "n", "units": "deg/d", "title": "mean motion", "value": ".706501181906371", "label": "n"}, {"value": "1.654136601099289", "title": "aphelion distance", "units": "au", "name": "ad", "sigma": "1.104E-9", "label": "Q"}], "epoch": "2461200.5"}