{"spkid": "20037638", "covariance": {"labels": ["e", "q", "tp", "node", "peri", "i"], "data": [["6.602393886403896E-17", "-1.244469555435421E-16", "-1.617950674782378E-14", "-2.877869276892394E-14", "4.036542530523403E-15", "-4.183377108802778E-15"], ["-1.244469555435421E-16", "2.354894335926287E-16", "2.912554184861126E-14", "5.442192314437326E-14", "-7.619741866289262E-15", "7.744532594340922E-15"], ["-1.617950674782378E-14", "2.912554184861126E-14", "6.780872095478073E-12", "-2.072128514616558E-12", "8.90372957885899E-12", "1.160774050570817E-12"], ["-2.877869276892394E-14", "5.442192314437326E-14", "-2.072128514616558E-12", "1.678681994125157E-10", "-1.689724329684788E-10", "2.826266996996553E-11"], ["4.036542530523403E-15", "-7.619741866289262E-15", "8.90372957885899E-12", "-1.689724329684788E-10", "1.807064082124694E-10", "-2.697686340937448E-11"], ["-4.183377108802778E-15", "7.744532594340922E-15", "1.160774050570817E-12", "2.826266996996553E-11", "-2.697686340937448E-11", "1.346862062085876E-11"]], "elements": [{"sigma": 8.12551160629526e-09, "name": "e", "title": "eccentricity", "value": ".520152221007765", "units": null, "label": "e"}, {"label": "q", "sigma": 1.53456649772054e-08, "name": "q", "title": "perihelion distance", "value": ".9161208293277424", "units": "au"}, {"label": "tp", "sigma": 2.60401077099886e-06, "name": "tp", "value": "2459001.285656260003", "title": "time of perihelion passage", "units": "TDB"}, {"label": "node", "name": "om", "sigma": 1.29563960811838e-05, "title": "longitude of the ascending node", "value": "145.6055387334774", "units": "deg"}, {"name": "w", "sigma": 1.34427083659681e-05, "units": "deg", "title": "argument of perihelion", "value": "323.1140286247316", "label": "peri"}, {"value": "5.081792979241593", "title": "inclination", "units": "deg", "name": "i", "sigma": 3.66996193724932e-06, "label": "i"}], "epoch": "2459077.5"}, "elements": [{"label": "e", "name": "e", "sigma": "8.1728E-9", "units": null, "title": "eccentricity", "value": ".5199562324746126"}, {"label": "a", "units": "au", "value": "1.912980460347092", "title": "semi-major axis", "sigma": "2.0682E-9", "name": "a"}, {"value": ".9183143473874681", "title": "perihelion distance", "units": "au", "name": "q", "sigma": "1.5557E-8", "label": "q"}, {"name": "i", "sigma": "3.6718E-6", "units": "deg", "value": "5.078815281156209", "title": "inclination; angle with respect to x-y ecliptic plane", "label": "i"}, {"units": "deg", "title": "longitude of the ascending node", "value": "145.5541628995707", "sigma": "1.2964E-5", "name": "om", "label": "node"}, {"label": "peri", "title": "argument of perihelion", "value": "323.2300942730517", "units": "deg", "name": "w", "sigma": "1.3449E-5"}, {"units": "deg", "value": "100.0675603821583", "title": "mean anomaly", "sigma": "1.0163E-6", "name": "ma", "label": "M"}, {"label": "tp", "title": "time of perihelion passage", "value": "2460931.869673994826", "units": "TDB", "name": "tp", "sigma": "2.4458E-6"}, {"sigma": "1.5673E-6", "name": "per", "units": "d", "value": "966.4162591007372", "title": "sidereal orbital period", "label": "period"}, {"title": "mean motion", "value": ".3725102890290615", "units": "deg/d", "name": "n", "sigma": "6.0411E-10", "label": "n"}, {"label": "Q", "name": "ad", "sigma": "3.1436E-9", "units": "au", "title": "aphelion distance", "value": "2.907646573306716"}], "epoch": "2461200.5"}