{"spkid": "20052768", "covariance": {"epoch": "2458768.5", "labels": ["e", "q", "tp", "node", "peri", "i"], "elements": [{"label": "e", "title": "eccentricity", "value": ".5723741395015379", "units": null, "name": "e", "sigma": 1.49992766745767e-09}, {"units": "au", "value": "1.0178308016545", "title": "perihelion distance", "sigma": 3.88348796029764e-09, "name": "q", "label": "q"}, {"label": "tp", "units": "TDB", "value": "2458955.247547120640", "title": "time of perihelion passage", "sigma": 4.0607261023156e-07, "name": "tp"}, {"label": "node", "value": "27.05865969951729", "title": "longitude of the ascending node", "units": "deg", "name": "om", "sigma": 3.80989962733776e-06}, {"label": "peri", "value": "174.4702244996091", "title": "argument of perihelion", "units": "deg", "sigma": 4.15767766265954e-06, "name": "w"}, {"units": "deg", "value": "5.876473424434768", "title": "inclination", "sigma": 1.7758631840747e-07, "name": "i", "label": "i"}], "data": [["2.249783007605009E-18", "-5.66622303803707E-18", "4.891477654442889E-16", "-5.278038710982738E-15", "5.749064194934412E-15", "-2.336238798422011E-16"], ["-5.66622303803707E-18", "1.508147873777669E-17", "-1.404451760068001E-15", "1.415332223034598E-14", "-1.552978733720308E-14", "5.79876880818024E-16"], ["4.891477654442889E-16", "-1.404451760068001E-15", "1.648949647802728E-13", "-1.318447035052526E-12", "1.487046513381842E-12", "-4.085882683934169E-14"], ["-5.278038710982738E-15", "1.415332223034598E-14", "-1.318447035052526E-12", "1.451533517038839E-11", "-1.581396723698212E-11", "5.77459236027434E-13"], ["5.749064194934412E-15", "-1.552978733720308E-14", "1.487046513381842E-12", "-1.581396723698212E-11", "1.728628354657806E-11", "-6.148971725962997E-13"], ["-2.336238798422011E-16", "5.79876880818024E-16", "-4.085882683934169E-14", "5.77459236027434E-13", "-6.148971725962997E-13", "3.153690048551924E-14"]]}, "elements": [{"label": "e", "sigma": "1.4552E-9", "name": "e", "value": ".5758477356578579", "title": "eccentricity", "units": null}, {"name": "a", "sigma": "2.0879E-9", "title": "semi-major axis", "value": "2.379215973379453", "units": "au", "label": "a"}, {"name": "q", "sigma": "3.7321E-9", "value": "1.009149842467889", "title": "perihelion distance", "units": "au", "label": "q"}, {"title": "inclination; angle with respect to x-y ecliptic plane", "value": "5.87999427192012", "units": "deg", "name": "i", "sigma": "1.8126E-7", "label": "i"}, {"label": "node", "name": "om", "sigma": "3.8122E-6", "units": "deg", "title": "longitude of the ascending node", "value": "26.93149499099162"}, {"label": "peri", "name": "w", "sigma": "4.1506E-6", "units": "deg", "value": "174.5685715844605", "title": "argument of perihelion"}, {"label": "M", "sigma": "7.5213E-7", "name": "ma", "value": "242.390754609382", "title": "mean anomaly", "units": "deg"}, {"title": "time of perihelion passage", "value": "2461638.413354892485", "units": "TDB", "name": "tp", "sigma": "3.3749E-6", "label": "tp"}, {"name": "per", "sigma": "1.7645E-6", "value": "1340.445704227523", "title": "sidereal orbital period", "units": "d", "label": "period"}, {"label": "n", "name": "n", "sigma": "3.5353E-10", "units": "deg/d", "value": ".2685673868509745", "title": "mean motion"}, {"label": "Q", "sigma": "3.2903E-9", "name": "ad", "units": "au", "value": "3.749282104291018", "title": "aphelion distance"}], "epoch": "2461200.5"}