{"spkid": "20053789", "covariance": {"labels": ["e", "q", "tp", "node", "peri", "i", "A2"], "elements": [{"units": null, "value": ".2690864289029788", "title": "eccentricity", "name": "e", "sigma": 1.064933204474e-09, "label": "e"}, {"sigma": 1.71934715898494e-09, "name": "q", "value": "1.001811918818896", "title": "perihelion distance", "units": "au", "label": "q"}, {"label": "tp", "name": "tp", "sigma": 8.86626719918116e-07, "units": "TDB", "value": "2457870.386455941418", "title": "time of perihelion passage"}, {"label": "node", "units": "deg", "title": "longitude of the ascending node", "value": "190.0429961685861", "sigma": 1.77643720614486e-07, "name": "om"}, {"label": "peri", "name": "w", "sigma": 5.43435858181517e-07, "value": "218.328751630438", "title": "argument of perihelion", "units": "deg"}, {"label": "i", "name": "i", "sigma": 3.03103205143993e-07, "units": "deg", "title": "inclination", "value": "40.78835170768654"}], "data": [["1.134082729991254E-18", "-1.757450934813915E-18", "3.150140004215152E-16", "9.683828797937985E-18", "1.123089374091934E-16", "1.032118189104371E-17", "-3.239437001954779E-25"], ["-1.757450934813915E-18", "2.956154653109572E-18", "-8.504489633061795E-16", "1.576196037741598E-17", "-4.008025421748245E-16", "9.765794353760774E-17", "1.922291548501746E-24"], ["3.150140004215152E-16", "-8.504489633061795E-16", "7.861069404727568E-13", "-4.764043239485201E-14", "4.576948584742373E-13", "-1.682173286956937E-13", "-2.14249484766775E-21"], ["9.683828797937985E-18", "1.576196037741598E-17", "-4.764043239485201E-14", "3.155729147375739E-14", "-5.09667447567974E-14", "1.831787742472714E-14", "8.286195112133583E-23"], ["1.123089374091934E-16", "-4.008025421748245E-16", "4.576948584742373E-13", "-5.09667447567974E-14", "2.953225319574822E-13", "-1.147696364213142E-13", "-9.699381145814717E-22"], ["1.032118189104371E-17", "9.765794353760774E-17", "-1.682173286956937E-13", "1.831787742472714E-14", "-1.147696364213142E-13", "9.187155296856159E-14", "3.962998480405586E-22"], ["-3.239437001954779E-25", "1.922291548501746E-24", "-2.14249484766775E-21", "8.286195112133583E-23", "-9.699381145814717E-22", "3.962998480405586E-22", "3.471293820087901E-29"]], "epoch": "2458135.5"}, "elements": [{"title": "eccentricity", "value": ".2691823290072651", "units": null, "name": "e", "sigma": "1.0637E-9", "label": "e"}, {"units": "au", "value": "1.370613669496553", "title": "semi-major axis", "name": "a", "sigma": "2.3133E-9", "label": "a"}, {"units": "au", "title": "perihelion distance", "value": "1.001668689772277", "sigma": "2.3473E-9", "name": "q", "label": "q"}, {"units": "deg", "value": "40.78349691703438", "title": "inclination; angle with respect to x-y ecliptic plane", "name": "i", "sigma": "3.0309E-7", "label": "i"}, {"units": "deg", "value": "190.0126939047074", "title": "longitude of the ascending node", "sigma": "1.7776E-7", "name": "om", "label": "node"}, {"label": "peri", "value": "218.3539479361066", "title": "argument of perihelion", "units": "deg", "sigma": "5.4374E-7", "name": "w"}, {"label": "M", "units": "deg", "title": "mean anomaly", "value": "245.4525793715869", "sigma": "2.6922E-6", "name": "ma"}, {"units": "TDB", "title": "time of perihelion passage", "value": "2461386.989261257834", "sigma": "4.852E-6", "name": "tp", "label": "tp"}, {"title": "sidereal orbital period", "value": "586.0990468795202", "units": "d", "name": "per", "sigma": "1.4838E-6", "label": "period"}, {"label": "n", "title": "mean motion", "value": ".6142306525094937", "units": "deg/d", "sigma": "1.5551E-9", "name": "n"}, {"label": "Q", "name": "ad", "sigma": "2.936E-9", "title": "aphelion distance", "value": "1.739558649220829", "units": "au"}], "epoch": "2461200.5"}