{"spkid": "20065679", "covariance": {"labels": ["e", "q", "tp", "node", "peri", "i", "A2"], "data": [["3.897597580025917E-14", "-3.555076306249291E-14", "-1.172137019215417E-12", "1.389682532217872E-12", "-1.680600741040735E-12", "2.963779167333536E-13", "-1.046928746681113E-21"], ["-3.555076306249291E-14", "3.242680691595028E-14", "1.075023447368476E-12", "-1.273351067586742E-12", "1.542873923860273E-12", "-2.705786229234182E-13", "9.565495888601948E-22"], ["-1.172137019215417E-12", "1.075023447368476E-12", "8.275451151822582E-10", "3.40031036830296E-11", "5.014084487164575E-10", "2.177724934639585E-12", "2.099214815669845E-19"], ["1.389682532217872E-12", "-1.273351067586742E-12", "3.40031036830296E-11", "5.723059954090639E-9", "-5.676420592869581E-9", "2.315626083865561E-10", "-1.487302680349306E-20"], ["-1.680600741040735E-12", "1.542873923860273E-12", "5.014084487164575E-10", "-5.676420592869581E-9", "5.984197355180128E-9", "-2.260875058910617E-10", "1.424141246359436E-19"], ["2.963779167333536E-13", "-2.705786229234182E-13", "2.177724934639585E-12", "2.315626083865561E-10", "-2.260875058910617E-10", "1.620994848320581E-11", "-5.011953761171828E-21"], ["-1.046928746681113E-21", "9.565495888601948E-22", "2.099214815669845E-19", "-1.487302680349306E-20", "1.424141246359436E-19", "-5.011953761171828E-21", "7.075433250063574E-29"]], "elements": [{"units": null, "value": ".2647636240835594", "title": "eccentricity", "name": "e", "sigma": 1.97423341579103e-07, "label": "e"}, {"label": "q", "title": "perihelion distance", "value": ".6728601571243589", "units": "au", "name": "q", "sigma": 1.80074448259464e-07}, {"label": "tp", "name": "tp", "sigma": 2.87670838838812e-05, "units": "TDB", "value": "2458189.383676909302", "title": "time of perihelion passage"}, {"units": "deg", "value": "178.2058580594835", "title": "longitude of the ascending node", "sigma": 7.56509084815949e-05, "name": "om", "label": "node"}, {"name": "w", "sigma": 7.73575940369149e-05, "units": "deg", "value": "14.87109349072787", "title": "argument of perihelion", "label": "peri"}, {"label": "i", "value": "1.299473462883878", "title": "inclination", "units": "deg", "name": "i", "sigma": 4.0261580300835e-06}], "epoch": "2458211.5"}, "elements": [{"name": "e", "sigma": "1.974E-7", "units": null, "title": "eccentricity", "value": ".2645383350767826", "label": "e"}, {"label": "a", "sigma": "1.825E-9", "name": "a", "units": "au", "title": "semi-major axis", "value": ".9147753357624494"}, {"label": "q", "units": "au", "value": ".6727821914705462", "title": "perihelion distance", "sigma": "1.8153E-7", "name": "q"}, {"label": "i", "units": "deg", "value": "1.30319645920924", "title": "inclination; angle with respect to x-y ecliptic plane", "sigma": "4.0306E-6", "name": "i"}, {"value": "178.0496581779361", "title": "longitude of the ascending node", "units": "deg", "sigma": "7.5584E-5", "name": "om", "label": "node"}, {"units": "deg", "value": "15.0051219966126", "title": "argument of perihelion", "name": "w", "sigma": "7.7471E-5", "label": "peri"}, {"label": "M", "name": "ma", "sigma": "3.3846E-5", "units": "deg", "title": "mean anomaly", "value": "151.8177773353935"}, {"title": "time of perihelion passage", "value": "2461065.730932018749", "units": "TDB", "sigma": "2.9771E-5", "name": "tp", "label": "tp"}, {"label": "period", "sigma": "9.5632E-7", "name": "per", "value": "319.5730126259692", "title": "sidereal orbital period", "units": "d"}, {"sigma": "3.371E-9", "name": "n", "title": "mean motion", "value": "1.126503133170844", "units": "deg/d", "label": "n"}, {"label": "Q", "value": "1.156768480054353", "title": "aphelion distance", "units": "au", "name": "ad", "sigma": "2.3077E-9"}], "epoch": "2461200.5"}