{"spkid": "20068372", "covariance": {"epoch": "2457612.5", "elements": [{"label": "e", "units": null, "value": ".4156838435484868", "title": "eccentricity", "sigma": 3.97037858691574e-08, "name": "e"}, {"sigma": 6.48908799645763e-08, "name": "q", "units": "au", "title": "perihelion distance", "value": ".9455500882728605", "label": "q"}, {"label": "tp", "value": "2457263.038282906046", "title": "time of perihelion passage", "units": "TDB", "sigma": 2.97259549983819e-05, "name": "tp"}, {"sigma": 3.01783447388316e-05, "name": "om", "units": "deg", "value": "253.0448295788211", "title": "longitude of the ascending node", "label": "node"}, {"label": "peri", "name": "w", "sigma": 3.11475457849529e-05, "value": "322.1963253770478", "title": "argument of perihelion", "units": "deg"}, {"name": "i", "sigma": 4.97598891697744e-06, "value": "8.099675043621962", "title": "inclination", "units": "deg", "label": "i"}], "data": [["1.576390612343901E-15", "-2.572839560551031E-15", "-1.229514085535182E-13", "1.459494338298436E-13", "-1.991277343947695E-13", "5.893855777903538E-15"], ["-2.572839560551031E-15", "4.210826302577054E-15", "2.956815302005561E-13", "-2.390641563098393E-13", "3.46895036336137E-13", "-9.833337288669982E-15"], ["-1.229514085535182E-13", "2.956815302005561E-13", "8.836324005658264E-10", "-2.430144395206561E-11", "2.478060430270923E-10", "2.956618502895037E-13"], ["1.459494338298436E-13", "-2.390641563098393E-13", "-2.430144395206561E-11", "9.107324911757645E-10", "-9.026989167119721E-10", "2.494490429643873E-12"], ["-1.991277343947695E-13", "3.46895036336137E-13", "2.478060430270923E-10", "-9.026989167119721E-10", "9.701696084257387E-10", "-2.720654538337044E-12"], ["5.893855777903538E-15", "-9.833337288669982E-15", "2.956618502895037E-13", "2.494490429643873E-12", "-2.720654538337044E-12", "2.476046570188229E-11"]], "labels": ["e", "q", "tp", "node", "peri", "i"]}, "elements": [{"label": "e", "name": "e", "sigma": "3.9735E-8", "title": "eccentricity", "value": ".4156821917636686", "units": null}, {"label": "a", "name": "a", "sigma": "5.8202E-9", "title": "semi-major axis", "value": "1.618327575292986", "units": "au"}, {"units": "au", "value": ".9456176218036144", "title": "perihelion distance", "sigma": "6.4908E-8", "name": "q", "label": "q"}, {"label": "i", "name": "i", "sigma": "4.9783E-6", "title": "inclination; angle with respect to x-y ecliptic plane", "value": "8.105322232448865", "units": "deg"}, {"name": "om", "sigma": "3.0142E-5", "value": "252.9550474777366", "title": "longitude of the ascending node", "units": "deg", "label": "node"}, {"label": "peri", "sigma": "3.1107E-5", "name": "w", "units": "deg", "title": "argument of perihelion", "value": "322.3372752817016"}, {"label": "M", "name": "ma", "sigma": "2.4199E-5", "title": "mean anomaly", "value": "85.19298923141346", "units": "deg"}, {"sigma": "4.9608E-5", "name": "tp", "units": "TDB", "value": "2461022.549409086904", "title": "time of perihelion passage", "label": "tp"}, {"name": "per", "sigma": "4.0566E-6", "title": "sidereal orbital period", "value": "751.9657815351412", "units": "d", "label": "period"}, {"label": "n", "name": "n", "sigma": "2.5827E-9", "value": ".4787451887306076", "title": "mean motion", "units": "deg/d"}, {"name": "ad", "sigma": "8.2396E-9", "units": "au", "value": "2.291037528782359", "title": "aphelion distance", "label": "Q"}], "epoch": "2461200.5"}