{"spkid": "20068950", "covariance": {"labels": ["e", "q", "tp", "node", "peri", "i", "A2"], "elements": [{"name": "e", "sigma": 2.45848863042378e-09, "title": "eccentricity", "value": ".3442841726160428", "units": null, "label": "e"}, {"label": "q", "title": "perihelion distance", "value": ".6929127299798344", "units": "au", "sigma": 2.39554766565981e-09, "name": "q"}, {"label": "tp", "name": "tp", "sigma": 3.03224807618047e-06, "value": "2457365.144723059647", "title": "time of perihelion passage", "units": "TDB"}, {"label": "node", "sigma": 1.67676773248001e-06, "name": "om", "units": "deg", "value": "236.2495324783242", "title": "longitude of the ascending node"}, {"units": "deg", "value": "255.532864225944", "title": "argument of perihelion", "name": "w", "sigma": 3.88812199073344e-06, "label": "peri"}, {"label": "i", "value": "25.15385920890225", "title": "inclination", "units": "deg", "sigma": 2.23726634100088e-06, "name": "i"}], "data": [["6.04416634592299E-18", "-5.881372878928685E-18", "-6.778556809378005E-15", "3.432938693849963E-15", "-8.646521452097453E-15", "-2.780062237769204E-15", "5.0423359231652E-24"], ["-5.881372878928685E-18", "5.738648618448177E-18", "6.488496127715041E-15", "-3.243068982932104E-15", "8.260895746757148E-15", "2.711780987020996E-15", "-4.765029732520196E-24"], ["-6.778556809378005E-15", "6.488496127715041E-15", "9.194528395500169E-12", "-4.709660635078099E-12", "1.166146503429566E-11", "3.98129496285828E-12", "-6.865907223632876E-21"], ["3.432938693849963E-15", "-3.243068982932104E-15", "-4.709660635078099E-12", "2.811550028686161E-12", "-6.306122260722094E-12", "-1.753185600549534E-12", "3.810687986830325E-21"], ["-8.646521452097453E-15", "8.260895746757148E-15", "1.166146503429566E-11", "-6.306122260722094E-12", "1.511749261482494E-11", "4.959718609037625E-12", "-8.861011740872604E-21"], ["-2.780062237769204E-15", "2.711780987020996E-15", "3.98129496285828E-12", "-1.753185600549534E-12", "4.959718609037625E-12", "5.005360680575484E-12", "-2.399700649045909E-21"], ["5.0423359231652E-24", "-4.765029732520196E-24", "-6.865907223632876E-21", "3.810687986830325E-21", "-8.861011740872604E-21", "-2.399700649045909E-21", "5.560748771908411E-30"]], "epoch": "2457391.5"}, "elements": [{"units": null, "title": "eccentricity", "value": ".3442881057586162", "name": "e", "sigma": "2.4848E-9", "label": "e"}, {"title": "semi-major axis", "value": "1.056954171245877", "units": "au", "sigma": "1.4599E-9", "name": "a", "label": "a"}, {"label": "q", "title": "perihelion distance", "value": ".693057421753966", "units": "au", "name": "q", "sigma": "1.8511E-9"}, {"sigma": "2.2366E-6", "name": "i", "value": "25.15147284004695", "title": "inclination; angle with respect to x-y ecliptic plane", "units": "deg", "label": "i"}, {"label": "node", "name": "om", "sigma": "1.6754E-6", "title": "longitude of the ascending node", "value": "236.2000565648545", "units": "deg"}, {"name": "w", "sigma": "3.874E-6", "title": "argument of perihelion", "value": "255.5812038098823", "units": "deg", "label": "peri"}, {"units": "deg", "title": "mean anomaly", "value": "238.7447020594702", "sigma": "2.0872E-6", "name": "ma", "label": "M"}, {"sigma": "2.5549E-6", "name": "tp", "units": "TDB", "title": "time of perihelion passage", "value": "2461334.184447256133", "label": "tp"}, {"title": "sidereal orbital period", "value": "396.9014288828149", "units": "d", "name": "per", "sigma": "8.2233E-7", "label": "period"}, {"label": "n", "name": "n", "sigma": "1.8792E-9", "title": "mean motion", "value": ".9070262130658391", "units": "deg/d"}, {"label": "Q", "units": "au", "title": "aphelion distance", "value": "1.420850920737788", "name": "ad", "sigma": "1.9626E-9"}], "epoch": "2461200.5"}