{"spkid": "20068548", "covariance": {"epoch": "2458631.5", "elements": [{"label": "e", "name": "e", "sigma": 3.54237200988447e-09, "units": null, "value": ".4364487071107803", "title": "eccentricity"}, {"units": "au", "value": ".9618508598913856", "title": "perihelion distance", "name": "q", "sigma": 6.02143095198279e-09, "label": "q"}, {"units": "TDB", "title": "time of perihelion passage", "value": "2458549.499898888600", "name": "tp", "sigma": 1.81432775207373e-06, "label": "tp"}, {"label": "node", "name": "om", "sigma": 6.15427352823254e-07, "title": "longitude of the ascending node", "value": "302.0508210210274", "units": "deg"}, {"units": "deg", "value": "24.68333507472311", "title": "argument of perihelion", "name": "w", "sigma": 8.71317113822484e-07, "label": "peri"}, {"sigma": 4.6662894697345e-07, "name": "i", "units": "deg", "value": "22.71772792858001", "title": "inclination", "label": "i"}], "data": [["1.254839945641297E-17", "-2.125874145781785E-17", "4.113417252933637E-15", "-8.441113043890929E-16", "2.197347682826019E-15", "-1.379337440730594E-16"], ["-2.125874145781785E-17", "3.625763070949637E-17", "-6.37880365395593E-15", "1.414882262224641E-15", "-3.638733800841397E-15", "1.760801161036862E-16"], ["4.113417252933637E-15", "-6.37880365395593E-15", "3.291785191944921E-12", "-4.754160120990436E-13", "1.168727110173868E-12", "-2.931963345808537E-14"], ["-8.441113043890929E-16", "1.414882262224641E-15", "-4.754160120990436E-13", "3.787508266030379E-13", "-4.557704587251126E-13", "-6.574442135177338E-14"], ["2.197347682826019E-15", "-3.638733800841397E-15", "1.168727110173868E-12", "-4.557704587251126E-13", "7.591935128399435E-13", "1.24193275572032E-15"], ["-1.379337440730594E-16", "1.760801161036862E-16", "-2.931963345808537E-14", "-6.574442135177338E-14", "1.24193275572032E-15", "2.177425741535509E-13"]], "labels": ["e", "q", "tp", "node", "peri", "i"]}, "elements": [{"label": "e", "units": null, "value": ".4367044386411098", "title": "eccentricity", "sigma": "3.5181E-9", "name": "e"}, {"label": "a", "sigma": "7.5669E-10", "name": "a", "title": "semi-major axis", "value": "1.707400123005336", "units": "au"}, {"value": ".9617709107525289", "title": "perihelion distance", "units": "au", "sigma": "6.0226E-9", "name": "q", "label": "q"}, {"label": "i", "value": "22.71515285274391", "title": "inclination; angle with respect to x-y ecliptic plane", "units": "deg", "name": "i", "sigma": "4.6661E-7"}, {"name": "om", "sigma": "6.1502E-7", "units": "deg", "value": "302.0202378414131", "title": "longitude of the ascending node", "label": "node"}, {"label": "peri", "sigma": "8.738E-7", "name": "w", "title": "argument of perihelion", "value": "24.71568314728102", "units": "deg"}, {"name": "ma", "sigma": "1.5277E-6", "units": "deg", "value": "91.62974139665714", "title": "mean anomaly", "label": "M"}, {"label": "tp", "value": "2460993.087297819229", "title": "time of perihelion passage", "units": "TDB", "name": "tp", "sigma": "3.3346E-6"}, {"sigma": "5.4172E-7", "name": "per", "title": "sidereal orbital period", "value": "814.8945052877955", "units": "d", "label": "period"}, {"sigma": "2.9368E-10", "name": "n", "units": "deg/d", "title": "mean motion", "value": ".4417749753667307", "label": "n"}, {"sigma": "1.0871E-9", "name": "ad", "title": "aphelion distance", "value": "2.453029335258143", "units": "au", "label": "Q"}], "epoch": "2461200.5"}