{"spkid": "20089958", "covariance": {"data": [["3.116768643684924E-16", "-5.133461778325106E-16", "-2.366179657582281E-14", "3.677100049095247E-14", "-1.338987944338252E-14", "9.853955032684407E-15"], ["-5.133461778325106E-16", "8.45584383566216E-16", "3.879940439737204E-14", "-6.040387353429402E-14", "2.185165780752677E-14", "-1.623038016434561E-14"], ["-2.366179657582281E-14", "3.879940439737204E-14", "2.110516332824387E-11", "2.465126413191013E-11", "-2.117513113509146E-11", "8.017016825013566E-12"], ["3.677100049095247E-14", "-6.040387353429402E-14", "2.465126413191013E-11", "8.370011168733075E-10", "-8.179692152635775E-10", "8.462033765745106E-11"], ["-1.338987944338252E-14", "2.185165780752677E-14", "-2.117513113509146E-11", "-8.179692152635775E-10", "8.07417233776565E-10", "-8.16054595909047E-11"], ["9.853955032684407E-15", "-1.623038016434561E-14", "8.017016825013566E-12", "8.462033765745106E-11", "-8.16054595909047E-11", "2.198535370005283E-11"]], "elements": [{"label": "e", "name": "e", "sigma": 1.76543723867061e-08, "units": null, "title": "eccentricity", "value": ".8864141694739571"}, {"title": "perihelion distance", "value": ".1864503744067507", "units": "au", "sigma": 2.90789336731287e-08, "name": "q", "label": "q"}, {"label": "tp", "units": "TDB", "title": "time of perihelion passage", "value": "2458666.951411805712", "sigma": 4.59403562548702e-06, "name": "tp"}, {"sigma": 2.89309715853669e-05, "name": "om", "units": "deg", "value": "188.2131515812542", "title": "longitude of the ascending node", "label": "node"}, {"label": "peri", "units": "deg", "value": "222.8824763954636", "title": "argument of perihelion", "name": "w", "sigma": 2.84150881359985e-05}, {"label": "i", "name": "i", "sigma": 4.68885419906109e-06, "title": "inclination", "value": "9.91385193152419", "units": "deg"}], "labels": ["e", "q", "tp", "node", "peri", "i"], "epoch": "2458639.5"}, "elements": [{"label": "e", "name": "e", "sigma": "1.7653E-8", "units": null, "title": "eccentricity", "value": ".8863572148214808"}, {"units": "au", "value": "1.641687253664004", "title": "semi-major axis", "sigma": "2.6148E-9", "name": "a", "label": "a"}, {"name": "q", "sigma": "2.9076E-8", "title": "perihelion distance", "value": ".1865659118984516", "units": "au", "label": "q"}, {"name": "i", "sigma": "4.6816E-6", "units": "deg", "value": "9.901380474279671", "title": "inclination; angle with respect to x-y ecliptic plane", "label": "i"}, {"name": "om", "sigma": "2.8997E-5", "value": "188.1297137800791", "title": "longitude of the ascending node", "units": "deg", "label": "node"}, {"label": "peri", "value": "222.9667810287944", "title": "argument of perihelion", "units": "deg", "sigma": "2.8479E-5", "name": "w"}, {"label": "M", "sigma": "3.5356E-6", "name": "ma", "units": "deg", "value": "107.1987313747521", "title": "mean anomaly"}, {"sigma": "7.1214E-6", "name": "tp", "units": "TDB", "value": "2460971.718337646050", "title": "time of perihelion passage", "label": "tp"}, {"label": "period", "sigma": "1.8356E-6", "name": "per", "value": "768.305719584476", "title": "sidereal orbital period", "units": "d"}, {"label": "n", "units": "deg/d", "title": "mean motion", "value": ".4685634778232542", "name": "n", "sigma": "1.1195E-9"}, {"label": "Q", "value": "3.096808595429557", "title": "aphelion distance", "units": "au", "name": "ad", "sigma": "4.9325E-9"}], "epoch": "2461200.5"}