{"spkid": "20090416", "covariance": {"elements": [{"name": "e", "sigma": 1.4219977918363e-08, "title": "eccentricity", "value": ".4920525643153231", "units": null, "label": "e"}, {"label": "q", "sigma": 2.36717125779936e-08, "name": "q", "units": "au", "value": ".861031279477937", "title": "perihelion distance"}, {"units": "TDB", "title": "time of perihelion passage", "value": "2457919.645770141903", "name": "tp", "sigma": 3.1904284013107e-06, "label": "tp"}, {"value": "326.8993293193855", "title": "longitude of the ascending node", "units": "deg", "sigma": 1.00154782229068e-05, "name": "om", "label": "node"}, {"label": "peri", "name": "w", "sigma": 1.15525566689529e-05, "value": "233.0689610393813", "title": "argument of perihelion", "units": "deg"}, {"title": "inclination", "value": "7.838180444572699", "units": "deg", "sigma": 3.77854945848176e-06, "name": "i", "label": "i"}], "data": [["2.022077719987308E-16", "-3.363482293324402E-16", "1.028764866508125E-14", "7.387884002230124E-14", "-4.313447893284663E-14", "-1.059948273844434E-14", "3.314111722776022E-23"], ["-3.363482293324402E-16", "5.603499763751408E-16", "-1.526437893665999E-14", "-1.255412102842098E-13", "7.54446712726599E-14", "1.774267073910157E-14", "-5.078680993654879E-23"], ["1.028764866508125E-14", "-1.526437893665999E-14", "1.017883338388993E-11", "-1.572326816868139E-11", "2.637935634167297E-11", "2.175710382854198E-12", "1.122138169275881E-20"], ["7.387884002230124E-14", "-1.255412102842098E-13", "-1.572326816868139E-11", "1.00309804033521E-10", "-1.097612608791452E-10", "-1.593104222653534E-11", "-4.119683286503232E-21"], ["-4.313447893284663E-14", "7.54446712726599E-14", "2.637935634167297E-11", "-1.097612608791452E-10", "1.334615655893684E-10", "1.772787362252279E-11", "1.545270975598135E-20"], ["-1.059948273844434E-14", "1.774267073910157E-14", "2.175710382854198E-12", "-1.593104222653534E-11", "1.772787362252279E-11", "1.427743601019279E-11", "-7.616066218083287E-22"], ["3.314111722776022E-23", "-5.078680993654879E-23", "1.122138169275881E-20", "-4.119683286503232E-21", "1.545270975598135E-20", "-7.616066218083287E-22", "3.459029786215372E-29"]], "labels": ["e", "q", "tp", "node", "peri", "i", "A2"], "epoch": "2458271.5"}, "elements": [{"title": "eccentricity", "value": ".4922062769408064", "units": null, "name": "e", "sigma": "1.431E-8", "label": "e"}, {"title": "semi-major axis", "value": "1.695242208787687", "units": "au", "sigma": "3.8566E-9", "name": "a", "label": "a"}, {"units": "au", "title": "perihelion distance", "value": ".8608333526873903", "name": "q", "sigma": "2.3485E-8", "label": "q"}, {"units": "deg", "value": "7.826237441377937", "title": "inclination; angle with respect to x-y ecliptic plane", "name": "i", "sigma": "3.7757E-6", "label": "i"}, {"title": "longitude of the ascending node", "value": "326.7276156050666", "units": "deg", "name": "om", "sigma": "1.0031E-5", "label": "node"}, {"sigma": "1.1563E-5", "name": "w", "title": "argument of perihelion", "value": "233.2761567775443", "units": "deg", "label": "peri"}, {"value": "25.13745855495058", "title": "mean anomaly", "units": "deg", "sigma": "4.681E-6", "name": "ma", "label": "M"}, {"sigma": "1.0297E-5", "name": "tp", "units": "TDB", "title": "time of perihelion passage", "value": "2461144.205634401846", "label": "tp"}, {"label": "period", "name": "per", "sigma": "2.7511E-6", "units": "d", "title": "sidereal orbital period", "value": "806.2060677706933"}, {"name": "n", "sigma": "1.5238E-9", "value": ".4465359594668713", "title": "mean motion", "units": "deg/d", "label": "n"}, {"label": "Q", "units": "au", "title": "aphelion distance", "value": "2.529651064887983", "sigma": "5.7548E-9", "name": "ad"}], "epoch": "2461200.5"}