{"spkid": "20090075", "covariance": {"labels": ["e", "q", "tp", "node", "peri", "i"], "data": [["8.157175159211791E-19", "-1.792306116020039E-18", "-5.833685489733045E-17", "-1.004339183232002E-16", "1.957142294828568E-16", "-5.859362225247495E-18"], ["-1.792306116020039E-18", "4.164989020429882E-18", "1.522048720104754E-16", "2.076056349287495E-16", "-4.197744859098157E-16", "2.379534432510052E-17"], ["-5.833685489733045E-17", "1.522048720104754E-16", "1.129765790602636E-13", "1.065536940189481E-13", "-6.539982977612439E-14", "4.142975677419784E-15"], ["-1.004339183232002E-16", "2.076056349287495E-16", "1.065536940189481E-13", "3.527679588511956E-13", "-3.172353528377529E-13", "-2.161449538112819E-14"], ["1.957142294828568E-16", "-4.197744859098157E-16", "-6.539982977612439E-14", "-3.172353528377529E-13", "3.186820439978745E-13", "2.225586258661357E-14"], ["-5.859362225247495E-18", "2.379534432510052E-17", "4.142975677419784E-15", "-2.161449538112819E-14", "2.225586258661357E-14", "5.135362306004298E-15"]], "elements": [{"name": "e", "sigma": 9.03170812150824e-10, "value": ".5761826178210872", "title": "eccentricity", "units": null, "label": "e"}, {"title": "perihelion distance", "value": ".9044758014506254", "units": "au", "sigma": 2.0408304732216e-09, "name": "q", "label": "q"}, {"name": "tp", "sigma": 3.36119887927304e-07, "title": "time of perihelion passage", "value": "2457916.715665300654", "units": "TDB", "label": "tp"}, {"name": "om", "sigma": 5.93942723544279e-07, "units": "deg", "title": "longitude of the ascending node", "value": "226.7760319187409", "label": "node"}, {"units": "deg", "title": "argument of perihelion", "value": "30.63413942812017", "sigma": 5.6451930347675e-07, "name": "w", "label": "peri"}, {"label": "i", "sigma": 7.16614422545646e-08, "name": "i", "title": "inclination", "value": "8.915710218190062", "units": "deg"}], "epoch": "2458400.5"}, "elements": [{"label": "e", "sigma": "9.2273E-10", "name": "e", "title": "eccentricity", "value": ".5740759617542821", "units": null}, {"label": "a", "value": "2.136714019549971", "title": "semi-major axis", "units": "au", "sigma": "1.1713E-9", "name": "a"}, {"title": "perihelion distance", "value": ".9100778637829636", "units": "au", "sigma": "2.1107E-9", "name": "q", "label": "q"}, {"sigma": "7.1018E-8", "name": "i", "value": "8.853744331137095", "title": "inclination; angle with respect to x-y ecliptic plane", "units": "deg", "label": "i"}, {"label": "node", "name": "om", "sigma": "6.001E-7", "units": "deg", "value": "226.432991533423", "title": "longitude of the ascending node"}, {"label": "peri", "value": "31.25148035036831", "title": "argument of perihelion", "units": "deg", "sigma": "5.7084E-7", "name": "w"}, {"sigma": "8.3982E-7", "name": "ma", "units": "deg", "value": "317.0830890214978", "title": "mean anomaly", "label": "M"}, {"label": "tp", "units": "TDB", "title": "time of perihelion passage", "value": "2461336.501588421486", "name": "tp", "sigma": "2.7721E-6"}, {"title": "sidereal orbital period", "value": "1140.822363852334", "units": "d", "name": "per", "sigma": "9.3807E-7", "label": "period"}, {"sigma": "2.5948E-10", "name": "n", "units": "deg/d", "title": "mean motion", "value": ".3155618362742737", "label": "n"}, {"name": "ad", "sigma": "1.8437E-9", "title": "aphelion distance", "value": "3.363350175316979", "units": "au", "label": "Q"}], "epoch": "2461200.5"}