{"spkid": "20139359", "covariance": {"epoch": "2457672.5", "elements": [{"label": "e", "units": null, "value": ".8668854073811233", "title": "eccentricity", "name": "e", "sigma": 1.55733352425359e-08}, {"label": "q", "value": ".3525148193950671", "title": "perihelion distance", "units": "au", "sigma": 4.07517581255273e-08, "name": "q"}, {"label": "tp", "sigma": 1.70409858632149e-05, "name": "tp", "value": "2458437.593364772510", "title": "time of perihelion passage", "units": "TDB"}, {"label": "node", "sigma": 3.214505221635e-05, "name": "om", "units": "deg", "value": "86.2082829115116", "title": "longitude of the ascending node"}, {"label": "peri", "name": "w", "sigma": 3.21927092956558e-05, "title": "argument of perihelion", "value": "300.5271401921003", "units": "deg"}, {"label": "i", "sigma": 4.92772921218225e-06, "name": "i", "title": "inclination", "value": "5.811306035385243", "units": "deg"}], "data": [["2.4252877057641E-16", "-6.334818741006477E-16", "2.985929154590222E-15", "-1.41561311906869E-14", "3.37907663823607E-14", "4.15662393926432E-15", "5.596561226014822E-23"], ["-6.334818741006477E-16", "1.660705790321478E-15", "3.381021196955592E-14", "3.612964062298689E-14", "-8.677499715537995E-14", "-1.141978411718172E-14", "-9.97759576930744E-23"], ["2.985929154590222E-15", "3.381021196955592E-14", "2.9039519919029E-10", "-5.835758847227775E-12", "1.825093511985344E-11", "-4.177098171529392E-12", "3.184894702374279E-19"], ["-1.41561311906869E-14", "3.612964062298689E-14", "-5.835758847227775E-12", "1.033304381991871E-9", "-1.027407475402336E-9", "2.612869065207395E-12", "-2.421299665848342E-20"], ["3.37907663823607E-14", "-8.677499715537995E-14", "1.825093511985344E-11", "-1.027407475402336E-9", "1.0363705317946E-9", "-2.164511208708119E-12", "3.21190159407902E-20"], ["4.15662393926432E-15", "-1.141978411718172E-14", "-4.177098171529392E-12", "2.612869065207395E-12", "-2.164511208708119E-12", "2.428251518859426E-11", "-4.307143676338654E-21"], ["5.596561226014822E-23", "-9.97759576930744E-23", "3.184894702374279E-19", "-2.421299665848342E-20", "3.21190159407902E-20", "-4.307143676338654E-21", "3.778679657642819E-28"]], "labels": ["e", "q", "tp", "node", "peri", "i", "A2"]}, "elements": [{"label": "e", "value": ".8696747013569716", "title": "eccentricity", "units": null, "sigma": "1.5591E-8", "name": "e"}, {"label": "a", "name": "a", "sigma": "3.5874E-8", "units": "au", "value": "2.634650239411342", "title": "semi-major axis"}, {"label": "q", "sigma": "3.9972E-8", "name": "q", "units": "au", "title": "perihelion distance", "value": ".3433615792712096"}, {"label": "i", "sigma": "5.0711E-6", "name": "i", "units": "deg", "value": "5.95480413405054", "title": "inclination; angle with respect to x-y ecliptic plane"}, {"label": "node", "units": "deg", "value": "84.58332817941987", "title": "longitude of the ascending node", "name": "om", "sigma": "3.088E-5"}, {"label": "peri", "units": "deg", "title": "argument of perihelion", "value": "302.3804834506502", "sigma": "3.0877E-5", "name": "w"}, {"label": "M", "units": "deg", "value": "277.1178590139854", "title": "mean anomaly", "sigma": "1.498E-5", "name": "ma"}, {"name": "tp", "sigma": "7.2325E-5", "title": "time of perihelion passage", "value": "2461560.117933198728", "units": "TDB", "label": "tp"}, {"name": "per", "sigma": "3.1903E-5", "units": "d", "value": "1562.006656818714", "title": "sidereal orbital period", "label": "period"}, {"name": "n", "sigma": "4.7073E-9", "units": "deg/d", "title": "mean motion", "value": ".2304727693883199", "label": "n"}, {"label": "Q", "sigma": "6.7073E-8", "name": "ad", "units": "au", "value": "4.925938899551475", "title": "aphelion distance"}], "epoch": "2461200.5"}