{"spkid": "20138127", "covariance": {"data": [["2.339916088600345E-17", "-1.509006767096364E-17", "-7.542241775571479E-16", "1.249668750137196E-15", "-2.237876391684642E-16", "1.227777196307197E-16"], ["-1.509006767096364E-17", "9.734681157109115E-18", "4.758448933770835E-16", "-8.122056270231378E-16", "1.405970890462769E-16", "-8.451971164135266E-17"], ["-7.542241775571479E-16", "4.758448933770835E-16", "1.825586908140385E-13", "-7.232448918294944E-15", "1.606531729535533E-13", "-6.991157085065224E-15"], ["1.249668750137196E-15", "-8.122056270231378E-16", "-7.232448918294944E-15", "1.693468020703179E-13", "-1.2076334560553E-14", "5.004415734237792E-15"], ["-2.237876391684642E-16", "1.405970890462769E-16", "1.606531729535533E-13", "-1.2076334560553E-14", "2.029525057876764E-13", "-3.465338522492136E-14"], ["1.227777196307197E-16", "-8.451971164135266E-17", "-6.991157085065224E-15", "5.004415734237792E-15", "-3.465338522492136E-14", "2.959703581873076E-14"]], "elements": [{"units": null, "title": "eccentricity", "value": ".5330446038736369", "name": "e", "sigma": 4.83726791546669e-09, "label": "e"}, {"units": "au", "value": ".3090515404405418", "title": "perihelion distance", "sigma": 3.12004505690368e-09, "name": "q", "label": "q"}, {"sigma": 4.27268874146056e-07, "name": "tp", "title": "time of perihelion passage", "value": "2457805.599991233918", "units": "TDB", "label": "tp"}, {"label": "node", "units": "deg", "value": "155.7707530955407", "title": "longitude of the ascending node", "sigma": 4.11517681358065e-07, "name": "om"}, {"label": "peri", "value": "197.8354738013302", "title": "argument of perihelion", "units": "deg", "name": "w", "sigma": 4.50502503641962e-07}, {"sigma": 1.72037890648342e-07, "name": "i", "value": "26.46315633101197", "title": "inclination", "units": "deg", "label": "i"}], "labels": ["e", "q", "tp", "node", "peri", "i"], "epoch": "2457845.5"}, "elements": [{"value": ".5330718625871552", "title": "eccentricity", "units": null, "sigma": "4.8382E-9", "name": "e", "label": "e"}, {"name": "a", "sigma": "2.102E-10", "units": "au", "title": "semi-major axis", "value": ".6618333682184359", "label": "a"}, {"name": "q", "sigma": "3.1206E-9", "value": ".3090286218999037", "title": "perihelion distance", "units": "au", "label": "q"}, {"sigma": "1.7206E-7", "name": "i", "units": "deg", "title": "inclination; angle with respect to x-y ecliptic plane", "value": "26.45904560502366", "label": "i"}, {"units": "deg", "value": "155.744756065524", "title": "longitude of the ascending node", "sigma": "4.1155E-7", "name": "om", "label": "node"}, {"name": "w", "sigma": "4.5075E-7", "units": "deg", "title": "argument of perihelion", "value": "197.8546119388998", "label": "peri"}, {"label": "M", "sigma": "2.6432E-6", "name": "ma", "units": "deg", "title": "mean anomaly", "value": "94.64671124116724"}, {"value": "2461148.795964241359", "title": "time of perihelion passage", "units": "TDB", "sigma": "1.42E-6", "name": "tp", "label": "tp"}, {"label": "period", "title": "sidereal orbital period", "value": "196.6624368561768", "units": "d", "name": "per", "sigma": "9.369E-8"}, {"sigma": "8.7207E-10", "name": "n", "units": "deg/d", "value": "1.830547845104122", "title": "mean motion", "label": "n"}, {"label": "Q", "name": "ad", "sigma": "3.2225E-10", "units": "au", "title": "aphelion distance", "value": "1.014638114536968"}], "epoch": "2461200.5"}