{"spkid": "20139211", "covariance": {"labels": ["e", "q", "tp", "node", "peri", "i"], "data": [["4.924142550775495E-15", "-9.380296935931777E-15", "-2.045880975030327E-12", "1.796506049498067E-13", "-5.319507953822563E-13", "2.049706074962552E-14"], ["-9.380296935931777E-15", "1.7911233658599E-14", "4.385210363814982E-12", "-3.588979454048635E-13", "1.128937668315936E-12", "-4.323977322830729E-14"], ["-2.045880975030327E-12", "4.385210363814982E-12", "6.664783996899697E-9", "-2.581174683923852E-10", "1.615075257704131E-9", "-6.979606541006483E-11"], ["1.796506049498067E-13", "-3.588979454048635E-13", "-2.581174683923852E-10", "2.239036759676963E-10", "-2.512945447736839E-10", "5.622966186340911E-11"], ["-5.319507953822563E-13", "1.128937668315936E-12", "1.615075257704131E-9", "-2.512945447736839E-10", "5.852894434125554E-10", "-6.480911948886201E-11"], ["2.049706074962552E-14", "-4.323977322830729E-14", "-6.979606541006483E-11", "5.622966186340911E-11", "-6.480911948886201E-11", "1.070476837370874E-10"]], "elements": [{"label": "e", "units": null, "title": "eccentricity", "value": ".4522226744633614", "sigma": 7.01722348993923e-08, "name": "e"}, {"units": "au", "value": "1.01863678018412", "title": "perihelion distance", "sigma": 1.33832857171171e-07, "name": "q", "label": "q"}, {"name": "tp", "sigma": 8.16381283280043e-05, "title": "time of perihelion passage", "value": "2458473.349243188568", "units": "TDB", "label": "tp"}, {"label": "node", "name": "om", "sigma": 1.49634112410137e-05, "units": "deg", "value": "173.5744572747182", "title": "longitude of the ascending node"}, {"units": "deg", "value": "3.399266818718256", "title": "argument of perihelion", "sigma": 2.41927560110988e-05, "name": "w", "label": "peri"}, {"label": "i", "units": "deg", "value": "26.0668720443812", "title": "inclination", "name": "i", "sigma": 1.03463850564865e-05}], "epoch": "2458284.5"}, "elements": [{"title": "eccentricity", "value": ".4519655765533759", "units": null, "sigma": "6.9952E-8", "name": "e", "label": "e"}, {"label": "a", "units": "au", "title": "semi-major axis", "value": "1.859759545132121", "name": "a", "sigma": "1.2906E-8"}, {"sigma": "1.3333E-7", "name": "q", "units": "au", "value": "1.019212250065838", "title": "perihelion distance", "label": "q"}, {"name": "i", "sigma": "1.0349E-5", "value": "26.05772501948061", "title": "inclination; angle with respect to x-y ecliptic plane", "units": "deg", "label": "i"}, {"title": "longitude of the ascending node", "value": "173.5200859697932", "units": "deg", "sigma": "1.4976E-5", "name": "om", "label": "node"}, {"sigma": "2.4229E-5", "name": "w", "title": "argument of perihelion", "value": "3.557657457048848", "units": "deg", "label": "peri"}, {"title": "mean anomaly", "value": "339.6662854214073", "units": "deg", "sigma": "4.2807E-5", "name": "ma", "label": "M"}, {"name": "tp", "sigma": ".00011069", "title": "time of perihelion passage", "value": "2461252.823627334073", "units": "TDB", "label": "tp"}, {"label": "period", "units": "d", "value": "926.3681639407489", "title": "sidereal orbital period", "name": "per", "sigma": "9.6427E-6"}, {"label": "n", "units": "deg/d", "title": "mean motion", "value": ".3886143911385818", "sigma": "4.0451E-9", "name": "n"}, {"units": "au", "value": "2.700306840198404", "title": "aphelion distance", "name": "ad", "sigma": "1.8739E-8", "label": "Q"}], "epoch": "2461200.5"}