{"spkid": "20136618", "covariance": {"epoch": "2457989.5", "data": [["5.280991222971416E-16", "-8.355979849443091E-16", "-2.501357491662147E-13", "3.991580355840688E-14", "-7.7826230604427E-14", "-5.283651834007873E-16"], ["-8.355979849443091E-16", "1.325403887268357E-15", "3.875021653635251E-13", "-6.320858047515726E-14", "1.208648677628438E-13", "8.246878477138594E-16"], ["-2.501357491662147E-13", "3.875021653635251E-13", "1.818926949142124E-10", "-1.532211975563047E-11", "4.99007489924475E-11", "3.821728255413183E-13"], ["3.991580355840688E-14", "-6.320858047515726E-14", "-1.532211975563047E-11", "4.252517504153936E-11", "-4.429603559200118E-11", "-1.22752845914327E-13"], ["-7.7826230604427E-14", "1.208648677628438E-13", "4.99007489924475E-11", "-4.429603559200118E-11", "5.321086963354525E-11", "1.970233410584363E-13"], ["-5.283651834007873E-16", "8.246878477138594E-16", "3.821728255413183E-13", "-1.22752845914327E-13", "1.970233410584363E-13", "1.102878356510359E-14"]], "elements": [{"title": "eccentricity", "value": ".3951105984045589", "units": null, "sigma": 2.29804073570758e-08, "name": "e", "label": "e"}, {"name": "q", "sigma": 3.640609684199e-08, "units": "au", "value": ".9514284357089966", "title": "perihelion distance", "label": "q"}, {"label": "tp", "sigma": 1.34867599857865e-05, "name": "tp", "title": "time of perihelion passage", "value": "2457757.853598593306", "units": "TDB"}, {"label": "node", "sigma": 6.52113295689785e-06, "name": "om", "value": "99.34027265114658", "title": "longitude of the ascending node", "units": "deg"}, {"sigma": 7.29457809839234e-06, "name": "w", "units": "deg", "value": "248.2676435169213", "title": "argument of perihelion", "label": "peri"}, {"title": "inclination", "value": "1.439143956429709", "units": "deg", "name": "i", "sigma": 1.0501801543118e-07, "label": "i"}], "labels": ["e", "q", "tp", "node", "peri", "i"]}, "elements": [{"label": "e", "units": null, "value": ".3950416385168786", "title": "eccentricity", "sigma": "2.2958E-8", "name": "e"}, {"value": "1.572937964853921", "title": "semi-major axis", "units": "au", "name": "a", "sigma": "3.0319E-9", "label": "a"}, {"label": "q", "units": "au", "title": "perihelion distance", "value": ".9515619739326235", "sigma": "3.638E-8", "name": "q"}, {"value": "1.439376487435881", "title": "inclination; angle with respect to x-y ecliptic plane", "units": "deg", "sigma": "1.0492E-7", "name": "i", "label": "i"}, {"units": "deg", "title": "longitude of the ascending node", "value": "99.3416099770759", "sigma": "6.5222E-6", "name": "om", "label": "node"}, {"label": "peri", "sigma": "7.2935E-6", "name": "w", "units": "deg", "title": "argument of perihelion", "value": "248.2571745612514"}, {"label": "M", "units": "deg", "value": "279.8908087354961", "title": "mean anomaly", "name": "ma", "sigma": "7.2841E-6"}, {"label": "tp", "units": "TDB", "title": "time of perihelion passage", "value": "2461360.841397943013", "sigma": "1.4799E-5", "name": "tp"}, {"label": "period", "sigma": "2.0833E-6", "name": "per", "value": "720.5528148311448", "title": "sidereal orbital period", "units": "d"}, {"label": "n", "sigma": "1.4445E-9", "name": "n", "units": "deg/d", "value": ".4996163953427381", "title": "mean motion"}, {"label": "Q", "units": "au", "value": "2.194313955775218", "title": "aphelion distance", "sigma": "4.2296E-9", "name": "ad"}], "epoch": "2461200.5"}