{"spkid": "20136849", "covariance": {"epoch": "2458576.5", "data": [["4.574310231585912E-16", "-6.657300667304765E-16", "1.558111917338497E-13", "-7.595717959854128E-14", "1.435560683806056E-13", "4.197966765411474E-15"], ["-6.657300667304765E-16", "9.696468003961966E-16", "-2.193239149159995E-13", "1.104536718522819E-13", "-2.089257575361951E-13", "-6.124536181638186E-15"], ["1.558111917338497E-13", "-2.193239149159995E-13", "1.262086914887055E-10", "-3.575639804092922E-11", "5.774005762310196E-11", "1.712385892104942E-12"], ["-7.595717959854128E-14", "1.104536718522819E-13", "-3.575639804092922E-11", "1.583947280476925E-10", "-1.640935255500044E-10", "1.513492731809039E-13"], ["1.435560683806056E-13", "-2.089257575361951E-13", "5.774005762310196E-11", "-1.640935255500044E-10", "1.801588736217026E-10", "3.912320465136039E-13"], ["4.197966765411474E-15", "-6.124536181638186E-15", "1.712385892104942E-12", "1.513492731809039E-13", "3.912320465136039E-13", "7.635208589909299E-12"]], "elements": [{"sigma": 2.13876371569791e-08, "name": "e", "value": ".5782842270154267", "title": "eccentricity", "units": null, "label": "e"}, {"label": "q", "sigma": 3.11391522106206e-08, "name": "q", "value": ".6289958843181098", "title": "perihelion distance", "units": "au"}, {"title": "time of perihelion passage", "value": "2458891.542075053765", "units": "TDB", "name": "tp", "sigma": 1.12342641721078e-05, "label": "tp"}, {"name": "om", "sigma": 1.2585496734245e-05, "value": "110.7839557866343", "title": "longitude of the ascending node", "units": "deg", "label": "node"}, {"label": "peri", "name": "w", "sigma": 1.3422327429388e-05, "value": "97.67362197223325", "title": "argument of perihelion", "units": "deg"}, {"label": "i", "value": "7.789730355651307", "title": "inclination", "units": "deg", "sigma": 2.76318812061526e-06, "name": "i"}], "labels": ["e", "q", "tp", "node", "peri", "i"]}, "elements": [{"label": "e", "name": "e", "sigma": "2.1363E-8", "units": null, "title": "eccentricity", "value": ".5783451262917073"}, {"sigma": "2.7829E-9", "name": "a", "value": "1.491398656954163", "title": "semi-major axis", "units": "au", "label": "a"}, {"sigma": "3.1099E-8", "name": "q", "title": "perihelion distance", "value": ".6288555123467249", "units": "au", "label": "q"}, {"units": "deg", "title": "inclination; angle with respect to x-y ecliptic plane", "value": "7.791444087965292", "name": "i", "sigma": "2.7638E-6", "label": "i"}, {"label": "node", "value": "110.6665713922552", "title": "longitude of the ascending node", "units": "deg", "name": "om", "sigma": "1.2583E-5"}, {"label": "peri", "value": "97.80704245281603", "title": "argument of perihelion", "units": "deg", "sigma": "1.3421E-5", "name": "w"}, {"title": "mean anomaly", "value": "169.2799988894661", "units": "deg", "name": "ma", "sigma": "9.53E-6", "label": "M"}, {"units": "TDB", "value": "2460887.681668622220", "title": "time of perihelion passage", "sigma": "1.6736E-5", "name": "tp", "label": "tp"}, {"label": "period", "units": "d", "title": "sidereal orbital period", "value": "665.2563801677144", "name": "per", "sigma": "1.862E-6"}, {"name": "n", "sigma": "1.5147E-9", "units": "deg/d", "value": ".5411447537102045", "title": "mean motion", "label": "n"}, {"units": "au", "value": "2.353941801561601", "title": "aphelion distance", "sigma": "4.3924E-9", "name": "ad", "label": "Q"}], "epoch": "2461200.5"}