{"spkid": "20141614", "covariance": {"epoch": "2453213.5", "labels": ["e", "q", "tp", "node", "peri", "i"], "data": [["2.498876324567209E-15", "-3.754874369690927E-15", "3.110614315826445E-13", "2.888230575391316E-13", "-7.348716017425288E-14", "-6.051718105851972E-14"], ["-3.754874369690927E-15", "5.65365757299246E-15", "-4.468697860819336E-13", "-3.811266557547853E-13", "6.35735465665619E-14", "9.608053802332409E-14"], ["3.110614315826445E-13", "-4.468697860819336E-13", "1.450266828704019E-10", "1.773106813853066E-10", "-8.174484843460751E-11", "2.135222112559823E-11"], ["2.888230575391316E-13", "-3.811266557547853E-13", "1.773106813853066E-10", "5.324749060994246E-9", "-5.190465005570227E-9", "8.647714945364687E-10"], ["-7.348716017425288E-14", "6.35735465665619E-14", "-8.174484843460751E-11", "-5.190465005570227E-9", "5.134788538424153E-9", "-8.410937742251734E-10"], ["-6.051718105851972E-14", "9.608053802332409E-14", "2.135222112559823E-11", "8.647714945364687E-10", "-8.410937742251734E-10", "1.844049860426503E-10"]], "elements": [{"label": "e", "name": "e", "sigma": 4.99887619827418e-08, "value": ".5365297252248762", "title": "eccentricity", "units": null}, {"label": "q", "value": ".7527311964013469", "title": "perihelion distance", "units": "au", "name": "q", "sigma": 7.5190807769251e-08}, {"name": "tp", "sigma": 1.20427024737142e-05, "units": "TDB", "title": "time of perihelion passage", "value": "2453234.728181150945", "label": "tp"}, {"value": "200.8331032043531", "title": "longitude of the ascending node", "units": "deg", "name": "om", "sigma": 7.2970878170639e-05, "label": "node"}, {"sigma": 7.16574388212707e-05, "name": "w", "units": "deg", "title": "argument of perihelion", "value": "127.1747754732382", "label": "peri"}, {"label": "i", "value": "7.174686537773474", "title": "inclination", "units": "deg", "name": "i", "sigma": 1.35795797446994e-05}]}, "elements": [{"label": "e", "units": null, "title": "eccentricity", "value": ".5365100201293169", "name": "e", "sigma": "5.115E-8"}, {"units": "au", "value": "1.623925688587513", "title": "semi-major axis", "sigma": "2.0343E-8", "name": "a", "label": "a"}, {"label": "q", "name": "q", "sigma": "7.4718E-8", "units": "au", "value": ".7526732847149114", "title": "perihelion distance"}, {"label": "i", "title": "inclination; angle with respect to x-y ecliptic plane", "value": "7.188087848548441", "units": "deg", "sigma": "1.3585E-5", "name": "i"}, {"value": "200.5515671280957", "title": "longitude of the ascending node", "units": "deg", "name": "om", "sigma": "7.2929E-5", "label": "node"}, {"label": "peri", "title": "argument of perihelion", "value": "127.4696353542903", "units": "deg", "sigma": "7.1671E-5", "name": "w"}, {"sigma": "5.8304E-5", "name": "ma", "units": "deg", "title": "mean anomaly", "value": "194.716605957541", "label": "M"}, {"units": "TDB", "title": "time of perihelion passage", "value": "2461547.535878033336", "name": "tp", "sigma": ".00012892", "label": "tp"}, {"label": "period", "title": "sidereal orbital period", "value": "755.8709501083179", "units": "d", "name": "per", "sigma": "1.4203E-5"}, {"name": "n", "sigma": "8.9495E-9", "title": "mean motion", "value": ".4762717762184289", "units": "deg/d", "label": "n"}, {"label": "Q", "units": "au", "title": "aphelion distance", "value": "2.495178092460114", "name": "ad", "sigma": "3.1257E-8"}], "epoch": "2461200.5"}