{"spkid": "20144900", "covariance": {"epoch": "2453736.5", "labels": ["e", "q", "tp", "node", "peri", "i"], "data": [["1.540788682628481E-14", "-1.492256315656026E-14", "9.98523271407004E-13", "-4.031149714967916E-14", "-9.976008619478485E-13", "3.385687024383908E-13"], ["-1.492256315656026E-14", "1.445254978952006E-14", "-9.672045933906108E-13", "3.915918540013733E-14", "9.660193923182734E-13", "-3.27467184368792E-13"], ["9.98523271407004E-13", "-9.672045933906108E-13", "7.191296957342956E-11", "-9.299006137595878E-12", "-5.559801958284734E-11", "1.708641943819303E-12"], ["-4.031149714967916E-14", "3.915918540013733E-14", "-9.299006137595878E-12", "9.304195846049912E-12", "-8.149736776034622E-12", "-7.894669984213931E-12"], ["-9.976008619478485E-13", "9.660193923182734E-13", "-5.559801958284734E-11", "-8.149736776034622E-12", "7.782714711098349E-11", "-2.688371602251229E-11"], ["3.385687024383908E-13", "-3.27467184368792E-13", "1.708641943819303E-12", "-7.894669984213931E-12", "-2.688371602251229E-11", "2.987592465184574E-10"]], "elements": [{"label": "e", "name": "e", "sigma": 1.24128509321126e-07, "units": null, "title": "eccentricity", "value": ".6553609991055578"}, {"label": "q", "units": "au", "value": ".3337269398284067", "title": "perihelion distance", "name": "q", "sigma": 1.2021875806013e-07}, {"label": "tp", "units": "TDB", "value": "2453611.502708700043", "title": "time of perihelion passage", "sigma": 8.48015150651388e-06, "name": "tp"}, {"sigma": 3.05027799488012e-06, "name": "om", "value": "208.924824406379", "title": "longitude of the ascending node", "units": "deg", "label": "node"}, {"label": "peri", "title": "argument of perihelion", "value": "43.87390168601645", "units": "deg", "sigma": 8.82196957096223e-06, "name": "w"}, {"label": "i", "sigma": 1.72846534972055e-05, "name": "i", "units": "deg", "title": "inclination", "value": "36.27693527975758"}]}, "elements": [{"value": ".6556432889525571", "title": "eccentricity", "units": null, "name": "e", "sigma": "1.2417E-7", "label": "e"}, {"sigma": "3.3527E-10", "name": "a", "units": "au", "value": ".9684504717293294", "title": "semi-major axis", "label": "a"}, {"sigma": "1.2027E-7", "name": "q", "title": "perihelion distance", "value": ".3334924192570565", "units": "au", "label": "q"}, {"label": "i", "title": "inclination; angle with respect to x-y ecliptic plane", "value": "36.24349253064275", "units": "deg", "name": "i", "sigma": "1.7275E-5"}, {"name": "om", "sigma": "3.0531E-6", "value": "208.8348870299397", "title": "longitude of the ascending node", "units": "deg", "label": "node"}, {"label": "peri", "title": "argument of perihelion", "value": "43.96008918808003", "units": "deg", "name": "w", "sigma": "8.816E-6"}, {"units": "deg", "value": "290.2417244107738", "title": "mean anomaly", "name": "ma", "sigma": "9.0138E-6", "label": "M"}, {"label": "tp", "name": "tp", "sigma": "8.7281E-6", "title": "time of perihelion passage", "value": "2461267.954011920400", "units": "TDB"}, {"name": "per", "sigma": "1.8077E-7", "units": "d", "value": "348.1084371170212", "title": "sidereal orbital period", "label": "period"}, {"name": "n", "sigma": "5.3703E-10", "value": "1.034160513262657", "title": "mean motion", "units": "deg/d", "label": "n"}, {"label": "Q", "name": "ad", "sigma": "5.5509E-10", "units": "au", "value": "1.603408524201602", "title": "aphelion distance"}], "epoch": "2461200.5"}