{"spkid": "20141527", "covariance": {"epoch": "2457496.5", "data": [["8.119069543437709E-16", "-1.238614443271548E-15", "5.270497864113186E-15", "1.660774597226331E-14", "-1.339710181341465E-13", "-9.531324710777114E-15"], ["-1.238614443271548E-15", "1.891458342796323E-15", "-4.655817978055691E-15", "-2.552359323991091E-14", "2.046523080981516E-13", "1.453224204308527E-14"], ["5.270497864113186E-15", "-4.655817978055691E-15", "7.094821977521761E-12", "4.625308273326597E-12", "-4.271044025778463E-12", "5.332311196623602E-13"], ["1.660774597226331E-14", "-2.552359323991091E-14", "4.625308273326597E-12", "7.528196604867612E-11", "-7.236754494192781E-11", "-3.476075683782078E-11"], ["-1.339710181341465E-13", "2.046523080981516E-13", "-4.271044025778463E-12", "-7.236754494192781E-11", "8.821659722598885E-11", "3.635332442602029E-11"], ["-9.531324710777114E-15", "1.453224204308527E-14", "5.332311196623602E-13", "-3.476075683782078E-11", "3.635332442602029E-11", "3.122945227982376E-11"]], "elements": [{"label": "e", "sigma": 2.84939810195727e-08, "name": "e", "value": ".6267132903861315", "title": "eccentricity", "units": null}, {"label": "q", "name": "q", "sigma": 4.34908995399764e-08, "units": "au", "value": ".5650429635308184", "title": "perihelion distance"}, {"units": "TDB", "value": "2457723.694017066278", "title": "time of perihelion passage", "sigma": 2.66361070307238e-06, "name": "tp", "label": "tp"}, {"label": "node", "units": "deg", "value": "187.6312749431857", "title": "longitude of the ascending node", "name": "om", "sigma": 8.6765180832334e-06}, {"name": "w", "sigma": 9.3923690954939e-06, "value": "247.5071478835787", "title": "argument of perihelion", "units": "deg", "label": "peri"}, {"label": "i", "value": "9.207758117567867", "title": "inclination", "units": "deg", "name": "i", "sigma": 5.58833179757821e-06}], "labels": ["e", "q", "tp", "node", "peri", "i"]}, "elements": [{"value": ".6265895605160303", "title": "eccentricity", "units": null, "sigma": "2.8458E-8", "name": "e", "label": "e"}, {"sigma": "1.5849E-9", "name": "a", "value": "1.512517493783067", "title": "semi-major axis", "units": "au", "label": "a"}, {"label": "q", "name": "q", "sigma": "4.3444E-8", "units": "au", "title": "perihelion distance", "value": ".5647898220807275"}, {"sigma": "5.5863E-6", "name": "i", "units": "deg", "value": "9.207353852403445", "title": "inclination; angle with respect to x-y ecliptic plane", "label": "i"}, {"units": "deg", "value": "187.4605561564586", "title": "longitude of the ascending node", "sigma": "8.6801E-6", "name": "om", "label": "node"}, {"sigma": "9.3859E-6", "name": "w", "units": "deg", "value": "247.7385195039949", "title": "argument of perihelion", "label": "peri"}, {"title": "mean anomaly", "value": "40.22156064904912", "units": "deg", "name": "ma", "sigma": "7.7043E-6", "label": "M"}, {"units": "TDB", "title": "time of perihelion passage", "value": "2461124.588870492012", "name": "tp", "sigma": "1.4436E-5", "label": "tp"}, {"name": "per", "sigma": "1.0679E-6", "title": "sidereal orbital period", "value": "679.4367543647701", "units": "d", "label": "period"}, {"label": "n", "sigma": "8.3283E-10", "name": "n", "value": ".5298506412662014", "title": "mean motion", "units": "deg/d"}, {"sigma": "2.578E-9", "name": "ad", "units": "au", "value": "2.460245165485407", "title": "aphelion distance", "label": "Q"}], "epoch": "2461200.5"}