{"spkid": "20143649", "covariance": {"epoch": "2457860.5", "elements": [{"sigma": 4.76741600686397e-09, "name": "e", "value": ".1869771388050701", "title": "eccentricity", "units": null, "label": "e"}, {"label": "q", "title": "perihelion distance", "value": ".8824177978438489", "units": "au", "name": "q", "sigma": 5.35166352772726e-09}, {"sigma": 4.93029649017613e-06, "name": "tp", "title": "time of perihelion passage", "value": "2457922.773290046693", "units": "TDB", "label": "tp"}, {"label": "node", "sigma": 9.12201988495432e-07, "name": "om", "units": "deg", "title": "longitude of the ascending node", "value": ".9977991779553887"}, {"label": "peri", "name": "w", "sigma": 3.99843622786284e-06, "value": "104.9901476204689", "title": "argument of perihelion", "units": "deg"}, {"sigma": 8.08313601329655e-07, "name": "i", "units": "deg", "value": "62.10235388402471", "title": "inclination", "label": "i"}], "data": [["2.272825538250279E-17", "-2.544778967413574E-17", "-1.701712268686115E-14", "-3.257235515918701E-17", "-1.380152021647228E-14", "9.553439864843808E-16"], ["-2.544778967413574E-17", "2.864030251400618E-17", "1.896488450459491E-14", "1.10256408769337E-16", "1.530389107957807E-14", "-1.112765614093008E-15"], ["-1.701712268686115E-14", "1.896488450459491E-14", "2.430782348104311E-11", "-6.329809097011572E-13", "1.955058426216735E-11", "-1.217118836930579E-12"], ["-3.257235515918701E-17", "1.10256408769337E-16", "-6.329809097011572E-13", "8.321124678150193E-13", "-2.947943328981429E-13", "-4.335011604479624E-13"], ["-1.380152021647228E-14", "1.530389107957807E-14", "1.955058426216735E-11", "-2.947943328981429E-13", "1.598749226828598E-11", "-1.216041757659087E-12"], ["9.553439864843808E-16", "-1.112765614093008E-15", "-1.217118836930579E-12", "-4.335011604479624E-13", "-1.216041757659087E-12", "6.533708780945161E-13"]], "labels": ["e", "q", "tp", "node", "peri", "i"]}, "elements": [{"units": null, "value": ".1869960323870927", "title": "eccentricity", "sigma": "4.7812E-9", "name": "e", "label": "e"}, {"name": "a", "sigma": "5.2375E-10", "value": "1.085312913741141", "title": "semi-major axis", "units": "au", "label": "a"}, {"label": "q", "name": "q", "sigma": "5.3686E-9", "units": "au", "value": ".8823637049730727", "title": "perihelion distance"}, {"label": "i", "sigma": "8.0821E-7", "name": "i", "units": "deg", "title": "inclination; angle with respect to x-y ecliptic plane", "value": "62.10129347007511"}, {"name": "om", "sigma": "9.12E-7", "title": "longitude of the ascending node", "value": ".9834348969303146", "units": "deg", "label": "node"}, {"sigma": "3.9955E-6", "name": "w", "units": "deg", "title": "argument of perihelion", "value": "104.9686712534301", "label": "peri"}, {"title": "mean anomaly", "value": "337.1201170189441", "units": "deg", "sigma": "5.1971E-6", "name": "ma", "label": "M"}, {"label": "tp", "name": "tp", "sigma": "5.9735E-6", "title": "time of perihelion passage", "value": "2461226.747151671269", "units": "TDB"}, {"sigma": "2.9894E-7", "name": "per", "units": "d", "value": "412.9817713438727", "title": "sidereal orbital period", "label": "period"}, {"label": "n", "units": "deg/d", "title": "mean motion", "value": ".8717091769656898", "sigma": "6.31E-10", "name": "n"}, {"label": "Q", "value": "1.288262122509209", "title": "aphelion distance", "units": "au", "name": "ad", "sigma": "6.2169E-10"}], "epoch": "2461200.5"}