{"spkid": "20140039", "covariance": {"data": [["5.442329015995324E-16", "-1.004806175151516E-15", "-5.951016582492504E-14", "-3.046759791760747E-14", "-7.661906009554532E-15", "-1.082508906765548E-14"], ["-1.004806175151516E-15", "1.856327753985266E-15", "1.110063194969103E-13", "5.601576666928571E-14", "1.469121068397274E-14", "1.946271241094096E-14"], ["-5.951016582492504E-14", "1.110063194969103E-13", "3.327886156461983E-11", "-9.080867454675917E-12", "2.737664925664663E-11", "1.453502857127385E-12"], ["-3.046759791760747E-14", "5.601576666928571E-14", "-9.080867454675917E-12", "1.702745993843402E-9", "-1.693126083209739E-9", "-7.518112868611017E-11"], ["-7.661906009554532E-15", "1.469121068397274E-14", "2.737664925664663E-11", "-1.693126083209739E-9", "1.699698199657418E-9", "7.570604870621974E-11"], ["-1.082508906765548E-14", "1.946271241094096E-14", "1.453502857127385E-12", "-7.518112868611017E-11", "7.570604870621974E-11", "1.240416503475128E-11"]], "elements": [{"label": "e", "value": ".5687662527974044", "title": "eccentricity", "units": null, "name": "e", "sigma": 2.33287998319573e-08}, {"name": "q", "sigma": 4.30851221883525e-08, "value": ".7851020467679796", "title": "perihelion distance", "units": "au", "label": "q"}, {"title": "time of perihelion passage", "value": "2459147.691469862128", "units": "TDB", "sigma": 5.76878336953467e-06, "name": "tp", "label": "tp"}, {"units": "deg", "title": "longitude of the ascending node", "value": "197.2174755341159", "name": "om", "sigma": 4.12643428863638e-05, "label": "node"}, {"sigma": 4.12273962269923e-05, "name": "w", "title": "argument of perihelion", "value": "30.89370618987641", "units": "deg", "label": "peri"}, {"label": "i", "units": "deg", "title": "inclination", "value": "4.854587453588212", "name": "i", "sigma": 3.52195471787348e-06}], "labels": ["e", "q", "tp", "node", "peri", "i"], "epoch": "2458817.5"}, "elements": [{"label": "e", "title": "eccentricity", "value": ".5677589248059939", "units": null, "name": "e", "sigma": "2.323E-8"}, {"units": "au", "value": "1.8204547927988", "title": "semi-major axis", "sigma": "2.7099E-9", "name": "a", "label": "a"}, {"name": "q", "sigma": "4.2912E-8", "title": "perihelion distance", "value": ".7868753369814347", "units": "au", "label": "q"}, {"units": "deg", "title": "inclination; angle with respect to x-y ecliptic plane", "value": "4.847511896783896", "sigma": "3.512E-6", "name": "i", "label": "i"}, {"label": "node", "value": "197.0696886240645", "title": "longitude of the ascending node", "units": "deg", "sigma": "4.1394E-5", "name": "om"}, {"sigma": "4.1358E-5", "name": "w", "value": "31.12813285611065", "title": "argument of perihelion", "units": "deg", "label": "peri"}, {"name": "ma", "sigma": "3.4786E-6", "units": "deg", "value": "103.5215328146854", "title": "mean anomaly", "label": "M"}, {"label": "tp", "sigma": "8.2507E-6", "name": "tp", "title": "time of perihelion passage", "value": "2460942.513804618532", "units": "TDB"}, {"label": "period", "sigma": "2.0032E-6", "name": "per", "title": "sidereal orbital period", "value": "897.156637968108", "units": "d"}, {"sigma": "8.9597E-10", "name": "n", "units": "deg/d", "value": ".4012677215601198", "title": "mean motion", "label": "n"}, {"label": "Q", "sigma": "4.2484E-9", "name": "ad", "title": "aphelion distance", "value": "2.854034248616165", "units": "au"}], "epoch": "2461200.5"}