{"spkid": "20144332", "covariance": {"epoch": "2458746.5", "data": [["3.677422193185314E-19", "-4.177913780705133E-19", "6.860705320266255E-17", "-4.573341834505291E-18", "-2.425250651086184E-17", "-5.997335604035888E-18"], ["-4.177913780705133E-19", "6.328752267927297E-19", "3.249049601392442E-17", "1.80500198006764E-17", "-2.156452579086919E-17", "1.182751652183095E-18"], ["6.860705320266255E-17", "3.249049601392442E-17", "1.256088209823072E-13", "2.462897809239678E-14", "-1.496790987472588E-14", "-1.427726588778335E-14"], ["-4.573341834505291E-18", "1.80500198006764E-17", "2.462897809239678E-14", "2.018796794861588E-14", "-1.683337248823553E-15", "-1.123548838625583E-14"], ["-2.425250651086184E-17", "-2.156452579086919E-17", "-1.496790987472588E-14", "-1.683337248823553E-15", "4.058813275473169E-14", "5.030068842302112E-16"], ["-5.997335604035888E-18", "1.182751652183095E-18", "-1.427726588778335E-14", "-1.123548838625583E-14", "5.030068842302112E-16", "3.415766656238288E-14"]], "elements": [{"label": "e", "units": null, "value": ".2897160044272311", "title": "eccentricity", "name": "e", "sigma": 6.06417528868132e-10}, {"title": "perihelion distance", "value": "1.010665842398629", "units": "au", "name": "q", "sigma": 7.95534554116117e-10, "label": "q"}, {"units": "TDB", "value": "2459004.957621608684", "title": "time of perihelion passage", "name": "tp", "sigma": 3.54413347635649e-07, "label": "tp"}, {"label": "node", "units": "deg", "value": "171.1400312459967", "title": "longitude of the ascending node", "sigma": 1.42084369121364e-07, "name": "om"}, {"label": "peri", "name": "w", "sigma": 2.01464966569207e-07, "units": "deg", "value": "186.375887526133", "title": "argument of perihelion"}, {"label": "i", "sigma": 1.84817928141138e-07, "name": "i", "value": "55.89175879994262", "title": "inclination", "units": "deg"}], "labels": ["e", "q", "tp", "node", "peri", "i"]}, "elements": [{"label": "e", "title": "eccentricity", "value": ".2897507521667035", "units": null, "name": "e", "sigma": "6.0642E-10"}, {"value": "1.422963085371249", "title": "semi-major axis", "units": "au", "name": "a", "sigma": "6.1377E-10", "label": "a"}, {"name": "q", "sigma": "7.9605E-10", "units": "au", "title": "perihelion distance", "value": "1.010658461079476", "label": "q"}, {"value": "55.89452431102907", "title": "inclination; angle with respect to x-y ecliptic plane", "units": "deg", "sigma": "1.8482E-7", "name": "i", "label": "i"}, {"label": "node", "title": "longitude of the ascending node", "value": "171.1261505007497", "units": "deg", "name": "om", "sigma": "1.4204E-7"}, {"label": "peri", "title": "argument of perihelion", "value": "186.4112429055676", "units": "deg", "sigma": "2.0127E-7", "name": "w"}, {"name": "ma", "sigma": "1.0016E-6", "value": "194.8069378601359", "title": "mean anomaly", "units": "deg", "label": "M"}, {"units": "TDB", "title": "time of perihelion passage", "value": "2461484.997320460437", "name": "tp", "sigma": "1.9081E-6", "label": "tp"}, {"sigma": "4.0114E-7", "name": "per", "units": "d", "title": "sidereal orbital period", "value": "619.9959855398899", "label": "period"}, {"title": "mean motion", "value": ".5806489209547276", "units": "deg/d", "sigma": "3.7568E-10", "name": "n", "label": "n"}, {"name": "ad", "sigma": "7.9161E-10", "value": "1.835267709663021", "title": "aphelion distance", "units": "au", "label": "Q"}], "epoch": "2461200.5"}