{"spkid": "20143404", "covariance": {"data": [["1.659965840035274E-18", "-2.95321188809855E-18", "-3.016336288868197E-16", "-1.671102627076949E-15", "1.601134854502789E-15", "6.23677205517331E-17"], ["-2.95321188809855E-18", "5.769000101801048E-18", "5.992509707969624E-16", "3.266421857843664E-15", "-3.114761380185529E-15", "-1.234950287338466E-16"], ["-3.016336288868197E-16", "5.992509707969624E-16", "9.656505610222753E-14", "-3.504263132795516E-14", "9.601457239525114E-14", "-1.149083100836671E-14"], ["-1.671102627076949E-15", "3.266421857843664E-15", "-3.504263132795516E-14", "9.240908005236234E-12", "-9.715782603097226E-12", "-1.082651432024879E-13"], ["1.601134854502789E-15", "-3.114761380185529E-15", "9.601457239525114E-14", "-9.715782603097226E-12", "1.025757286761656E-11", "1.077267462314338E-13"], ["6.23677205517331E-17", "-1.234950287338466E-16", "-1.149083100836671E-14", "-1.082651432024879E-13", "1.077267462314338E-13", "4.525987964218507E-15"]], "elements": [{"units": null, "title": "eccentricity", "value": ".606278157608468", "sigma": 1.28839661596702e-09, "name": "e", "label": "e"}, {"label": "q", "value": ".7749266413972069", "title": "perihelion distance", "units": "au", "sigma": 2.40187428934177e-09, "name": "q"}, {"name": "tp", "sigma": 3.1074918519962e-07, "units": "TDB", "value": "2457904.289192080306", "title": "time of perihelion passage", "label": "tp"}, {"label": "node", "name": "om", "sigma": 3.0398861829411e-06, "title": "longitude of the ascending node", "value": "181.3152872227718", "units": "deg"}, {"label": "peri", "sigma": 3.20274458357462e-06, "name": "w", "units": "deg", "title": "argument of perihelion", "value": "89.21023611140623"}, {"label": "i", "name": "i", "sigma": 6.72754633147815e-08, "value": "2.662636734658896", "title": "inclination", "units": "deg"}], "labels": ["e", "q", "tp", "node", "peri", "i"], "epoch": "2458232.5"}, "elements": [{"value": ".6076792867521564", "title": "eccentricity", "units": null, "name": "e", "sigma": "1.2855E-9", "label": "e"}, {"sigma": "1.647E-9", "name": "a", "title": "semi-major axis", "value": "1.967272890877204", "units": "au", "label": "a"}, {"label": "q", "units": "au", "value": ".7718019037020917", "title": "perihelion distance", "sigma": "2.4055E-9", "name": "q"}, {"label": "i", "sigma": "6.742E-8", "name": "i", "title": "inclination; angle with respect to x-y ecliptic plane", "value": "2.663754386543048", "units": "deg"}, {"label": "node", "sigma": "3.0447E-6", "name": "om", "title": "longitude of the ascending node", "value": "181.1613208395093", "units": "deg"}, {"label": "peri", "name": "w", "sigma": "3.2069E-6", "title": "argument of perihelion", "value": "89.39492357556614", "units": "deg"}, {"label": "M", "sigma": "1.6464E-6", "name": "ma", "title": "mean anomaly", "value": "96.56150955970882", "units": "deg"}, {"label": "tp", "name": "tp", "sigma": "4.2706E-6", "value": "2460930.168357133361", "title": "time of perihelion passage", "units": "TDB"}, {"label": "period", "value": "1007.848695362541", "title": "sidereal orbital period", "units": "d", "sigma": "1.2657E-6", "name": "per"}, {"label": "n", "units": "deg/d", "title": "mean motion", "value": ".3571964736934067", "name": "n", "sigma": "4.4857E-10"}, {"name": "ad", "sigma": "2.6479E-9", "value": "3.162743878052316", "title": "aphelion distance", "units": "au", "label": "Q"}], "epoch": "2461200.5"}