{"spkid": "20154269", "covariance": {"epoch": "2458732.5", "elements": [{"units": null, "value": ".4861987358836997", "title": "eccentricity", "name": "e", "sigma": 5.26197660198032e-08, "label": "e"}, {"label": "q", "units": "au", "value": ".9617033330083128", "title": "perihelion distance", "name": "q", "sigma": 9.78905844017085e-08}, {"label": "tp", "name": "tp", "sigma": 2.04944011593249e-05, "title": "time of perihelion passage", "value": "2458884.613882944024", "units": "TDB"}, {"label": "node", "name": "om", "sigma": 1.62550090802349e-05, "units": "deg", "title": "longitude of the ascending node", "value": "10.89715124250072"}, {"label": "peri", "units": "deg", "value": "217.2481598051757", "title": "argument of perihelion", "sigma": 1.7547943749681e-05, "name": "w"}, {"units": "deg", "title": "inclination", "value": "14.42601173279979", "name": "i", "sigma": 7.97086445221991e-06, "label": "i"}], "data": [["2.768839775978833E-15", "-5.149418944351078E-15", "-3.440139466105486E-13", "-2.46161833167537E-14", "-1.838997502783744E-13", "-2.550017679863581E-15"], ["-5.149418944351078E-15", "9.582566514508023E-15", "6.549707436132761E-13", "4.53708040367811E-14", "3.455224740439255E-13", "4.514713388440328E-15"], ["-3.440139466105486E-13", "6.549707436132761E-13", "4.200204788793361E-10", "-1.496017577501148E-11", "1.431052584150577E-10", "4.329387373997707E-12"], ["-2.46161833167537E-14", "4.53708040367811E-14", "-1.496017577501148E-11", "2.642253201985196E-10", "-2.571858606365386E-10", "-2.049393920727906E-11"], ["-1.838997502783744E-13", "3.455224740439255E-13", "1.431052584150577E-10", "-2.571858606365386E-10", "3.079303298419673E-10", "2.146203722156326E-11"], ["-2.550017679863581E-15", "4.514713388440328E-15", "4.329387373997707E-12", "-2.049393920727906E-11", "2.146203722156326E-11", "6.353468011566295E-11"]], "labels": ["e", "q", "tp", "node", "peri", "i"]}, "elements": [{"label": "e", "name": "e", "sigma": "5.2463E-8", "title": "eccentricity", "value": ".486544266170172", "units": null}, {"label": "a", "sigma": "4.7851E-9", "name": "a", "title": "semi-major axis", "value": "1.871302995769049", "units": "au"}, {"label": "q", "name": "q", "sigma": "9.7524E-8", "units": "au", "value": ".9608312529105526", "title": "perihelion distance"}, {"label": "i", "name": "i", "sigma": "7.9604E-6", "units": "deg", "value": "14.39783953218474", "title": "inclination; angle with respect to x-y ecliptic plane"}, {"units": "deg", "value": "10.77504281285198", "title": "longitude of the ascending node", "name": "om", "sigma": "1.631E-5", "label": "node"}, {"sigma": "1.757E-5", "name": "w", "units": "deg", "value": "217.4914733424991", "title": "argument of perihelion", "label": "peri"}, {"name": "ma", "sigma": "9.1927E-6", "units": "deg", "value": "171.0378665665666", "title": "mean anomaly", "label": "M"}, {"sigma": "2.3045E-5", "name": "tp", "units": "TDB", "title": "time of perihelion passage", "value": "2460756.273598572759", "label": "tp"}, {"title": "sidereal orbital period", "value": "935.0064270800898", "units": "d", "sigma": "3.5863E-6", "name": "per", "label": "period"}, {"name": "n", "sigma": "1.4768E-9", "value": ".3850240913575704", "title": "mean motion", "units": "deg/d", "label": "n"}, {"label": "Q", "title": "aphelion distance", "value": "2.781774738627545", "units": "au", "name": "ad", "sigma": "7.1132E-9"}], "epoch": "2461200.5"}