{"spkid": "20159857", "covariance": {"labels": ["e", "q", "tp", "node", "peri", "i"], "elements": [{"sigma": 1.52532028060068e-09, "name": "e", "units": null, "title": "eccentricity", "value": ".5930833482802672", "label": "e"}, {"label": "q", "units": "au", "title": "perihelion distance", "value": ".9217194701969992", "sigma": 3.35621803496102e-09, "name": "q"}, {"label": "tp", "title": "time of perihelion passage", "value": "2458254.109518964099", "units": "TDB", "sigma": 1.43605761008396e-06, "name": "tp"}, {"sigma": 4.77004329168637e-07, "name": "om", "value": "235.6137476364687", "title": "longitude of the ascending node", "units": "deg", "label": "node"}, {"label": "peri", "title": "argument of perihelion", "value": "139.8840014387672", "units": "deg", "sigma": 3.87980231446132e-07, "name": "w"}, {"label": "i", "sigma": 9.79272060369259e-08, "name": "i", "units": "deg", "value": "23.10598250950592", "title": "inclination"}], "data": [["2.326601958411739E-18", "-5.069118107230095E-18", "2.743861149423665E-16", "-9.877826415604817E-17", "-4.808991373938914E-19", "4.205834486593461E-17"], ["-5.069118107230095E-18", "1.126419949819764E-17", "-6.508696094823242E-17", "2.845975629588349E-16", "1.613473904402396E-17", "-9.870777536335664E-17"], ["2.743861149423665E-16", "-6.508696094823242E-17", "2.062261459480051E-12", "2.417346248162721E-13", "1.000776293793264E-13", "6.751214007170131E-15"], ["-9.877826415604817E-17", "2.845975629588349E-16", "2.417346248162721E-13", "2.27533130045621E-13", "-1.474080933234357E-13", "-2.494881368562228E-14"], ["-4.808991373938914E-19", "1.613473904402396E-17", "1.000776293793264E-13", "-1.474080933234357E-13", "1.505286599929938E-13", "2.180346257006561E-14"], ["4.205834486593461E-17", "-9.870777536335664E-17", "6.751214007170131E-15", "-2.494881368562228E-14", "2.180346257006561E-14", "9.589737682198541E-15"]], "epoch": "2457741.5"}, "elements": [{"sigma": "1.5223E-9", "name": "e", "units": null, "value": ".5935571636815873", "title": "eccentricity", "label": "e"}, {"name": "a", "sigma": "1.0739E-9", "units": "au", "title": "semi-major axis", "value": "2.262045735694703", "label": "a"}, {"name": "q", "sigma": "3.3565E-9", "units": "au", "title": "perihelion distance", "value": ".9193922846977255", "label": "q"}, {"sigma": "9.818E-8", "name": "i", "units": "deg", "title": "inclination; angle with respect to x-y ecliptic plane", "value": "23.15182986183645", "label": "i"}, {"label": "node", "value": "235.5195907980197", "title": "longitude of the ascending node", "units": "deg", "sigma": "4.7633E-7", "name": "om"}, {"value": "140.0061825395738", "title": "argument of perihelion", "units": "deg", "name": "w", "sigma": "3.8749E-7", "label": "peri"}, {"label": "M", "units": "deg", "title": "mean anomaly", "value": "133.1697743294142", "name": "ma", "sigma": "9.9267E-7"}, {"label": "tp", "units": "TDB", "value": "2460740.822060182950", "title": "time of perihelion passage", "sigma": "3.1132E-6", "name": "tp"}, {"label": "period", "units": "d", "title": "sidereal orbital period", "value": "1242.654792857049", "name": "per", "sigma": "8.8489E-7"}, {"label": "n", "name": "n", "sigma": "2.063E-10", "value": ".2897023389515171", "title": "mean motion", "units": "deg/d"}, {"label": "Q", "name": "ad", "sigma": "1.7113E-9", "units": "au", "title": "aphelion distance", "value": "3.60469918669168"}], "epoch": "2461200.5"}