{"spkid": "20154019", "covariance": {"epoch": "2452499.5", "labels": ["e", "q", "tp", "node", "peri", "i"], "elements": [{"label": "e", "name": "e", "sigma": 1.34781418866967e-07, "value": ".3599757789768263", "title": "eccentricity", "units": null}, {"name": "q", "sigma": 1.73009022005102e-07, "units": "au", "value": ".8480542104708472", "title": "perihelion distance", "label": "q"}, {"label": "tp", "sigma": 2.5561561855407e-05, "name": "tp", "units": "TDB", "value": "2452387.717722073891", "title": "time of perihelion passage"}, {"label": "node", "sigma": 4.75228223485365e-05, "name": "om", "title": "longitude of the ascending node", "value": "143.0253198990033", "units": "deg"}, {"name": "w", "sigma": 5.77518663938982e-05, "units": "deg", "value": "80.62148067261587", "title": "argument of perihelion", "label": "peri"}, {"label": "i", "sigma": 2.02228559744217e-05, "name": "i", "value": "4.967995070550148", "title": "inclination", "units": "deg"}], "data": [["1.816603087179283E-14", "-2.314325857213617E-14", "9.498819032441423E-13", "-2.435968778345494E-14", "2.977611700669848E-12", "5.131036773963308E-13"], ["-2.314325857213617E-14", "2.9932121695162E-14", "-1.351094387399388E-12", "1.676584636391097E-15", "-3.895221954109644E-12", "-8.091263933870446E-13"], ["9.498819032441423E-13", "-1.351094387399388E-12", "6.53393444487796E-10", "-2.476269305487465E-10", "8.290364861534538E-10", "1.784597023037355E-10"], ["-2.435968778345494E-14", "1.676584636391097E-15", "-2.476269305487465E-10", "2.258418643970562E-9", "-2.391956374085996E-9", "-9.894086911085337E-11"], ["2.977611700669848E-12", "-3.895221954109644E-12", "8.290364861534538E-10", "-2.391956374085996E-9", "3.335278071978666E-9", "2.884495376066149E-10"], ["5.131036773963308E-13", "-8.091263933870446E-13", "1.784597023037355E-10", "-9.894086911085337E-11", "2.884495376066149E-10", "4.089639037622047E-10"]]}, "elements": [{"label": "e", "name": "e", "sigma": "1.3505E-7", "units": null, "value": ".3600466802287649", "title": "eccentricity"}, {"label": "a", "name": "a", "sigma": "2.7314E-8", "title": "semi-major axis", "value": "1.325385071587078", "units": "au"}, {"label": "q", "name": "q", "sigma": "1.7281E-7", "value": ".8481845765373867", "title": "perihelion distance", "units": "au"}, {"label": "i", "sigma": "2.0227E-5", "name": "i", "units": "deg", "title": "inclination; angle with respect to x-y ecliptic plane", "value": "4.971638273155808"}, {"name": "om", "sigma": "4.749E-5", "title": "longitude of the ascending node", "value": "142.8358267305674", "units": "deg", "label": "node"}, {"label": "peri", "name": "w", "sigma": "5.7863E-5", "value": "80.8732471347455", "title": "argument of perihelion", "units": "deg"}, {"sigma": ".00020287", "name": "ma", "units": "deg", "title": "mean anomaly", "value": "292.1395562766326", "label": "M"}, {"value": "2461305.557178560273", "title": "time of perihelion passage", "units": "TDB", "name": "tp", "sigma": ".00031731", "label": "tp"}, {"sigma": "1.7228E-5", "name": "per", "title": "sidereal orbital period", "value": "557.328867990807", "units": "d", "label": "period"}, {"sigma": "1.9967E-8", "name": "n", "units": "deg/d", "title": "mean motion", "value": ".6459381895967716", "label": "n"}, {"title": "aphelion distance", "value": "1.80258556663677", "units": "au", "name": "ad", "sigma": "3.7148E-8", "label": "Q"}], "epoch": "2461200.5"}