{"spkid": "20154302", "covariance": {"epoch": "2458816.5", "data": [["1.10399170463809E-15", "-1.895052712319762E-15", "-1.276139804772708E-13", "6.074713122287199E-15", "5.646947128398623E-14", "4.91778171042853E-15"], ["-1.895052712319762E-15", "3.253445703726061E-15", "2.238868812599821E-13", "-1.061046959593058E-14", "-9.514712737330387E-14", "-7.99530458293497E-15"], ["-1.276139804772708E-13", "2.238868812599821E-13", "1.495918563848444E-10", "-6.973724327344533E-12", "5.834914053699196E-11", "1.379552724996761E-11"], ["6.074713122287199E-15", "-1.061046959593058E-14", "-6.973724327344533E-12", "2.860466853542604E-11", "-2.682678085909579E-11", "-8.5042565166597E-12"], ["5.646947128398623E-14", "-9.514712737330387E-14", "5.834914053699196E-11", "-2.682678085909579E-11", "6.028577600276035E-11", "1.386312493443554E-11"], ["4.91778171042853E-15", "-7.99530458293497E-15", "1.379552724996761E-11", "-8.5042565166597E-12", "1.386312493443554E-11", "3.465871965211114E-11"]], "elements": [{"value": ".5617962787497532", "title": "eccentricity", "units": null, "name": "e", "sigma": 3.32263706209103e-08, "label": "e"}, {"name": "q", "sigma": 5.70389840698979e-08, "units": "au", "title": "perihelion distance", "value": ".7534618659009371", "label": "q"}, {"title": "time of perihelion passage", "value": "2458426.058408070747", "units": "TDB", "name": "tp", "sigma": 1.22307749707385e-05, "label": "tp"}, {"units": "deg", "value": "222.804820910399", "title": "longitude of the ascending node", "name": "om", "sigma": 5.34833324835187e-06, "label": "node"}, {"title": "argument of perihelion", "value": "280.8924083040069", "units": "deg", "sigma": 7.76439154105203e-06, "name": "w", "label": "peri"}, {"label": "i", "name": "i", "sigma": 5.88716567221538e-06, "title": "inclination", "value": "28.81594262525787", "units": "deg"}], "labels": ["e", "q", "tp", "node", "peri", "i"]}, "elements": [{"label": "e", "value": ".5615300353033567", "title": "eccentricity", "units": null, "sigma": "3.3213E-8", "name": "e"}, {"units": "au", "title": "semi-major axis", "value": "1.719835586571802", "name": "a", "sigma": "1.5877E-9", "label": "a"}, {"label": "q", "value": ".7540962489281688", "title": "perihelion distance", "units": "au", "name": "q", "sigma": "5.6977E-8"}, {"label": "i", "name": "i", "sigma": "5.8892E-6", "title": "inclination; angle with respect to x-y ecliptic plane", "value": "28.8282727025303", "units": "deg"}, {"label": "node", "units": "deg", "value": "222.6942315422956", "title": "longitude of the ascending node", "sigma": "5.3387E-6", "name": "om"}, {"label": "peri", "name": "w", "sigma": "7.7628E-6", "value": "280.9829656190952", "title": "argument of perihelion", "units": "deg"}, {"value": "132.6506119831064", "title": "mean anomaly", "units": "deg", "name": "ma", "sigma": "6.3407E-6", "label": "M"}, {"units": "TDB", "title": "time of perihelion passage", "value": "2460896.946265192480", "sigma": "1.4243E-5", "name": "tp", "label": "tp"}, {"units": "d", "title": "sidereal orbital period", "value": "823.8133461805987", "name": "per", "sigma": "1.1408E-6", "label": "period"}, {"label": "n", "name": "n", "sigma": "6.0514E-10", "value": ".4369921920651669", "title": "mean motion", "units": "deg/d"}, {"label": "Q", "sigma": "2.4793E-9", "name": "ad", "units": "au", "title": "aphelion distance", "value": "2.685574924215435"}], "epoch": "2461200.5"}