{"spkid": "20152828", "covariance": {"epoch": "2458635.5", "data": [["5.267998052086818E-15", "-6.109886448902374E-15", "6.718275842298038E-13", "-1.712214904539392E-13", "7.973661530974628E-13", "-1.737371708022283E-13", "4.544107951096504E-23"], ["-6.109886448902374E-15", "7.088699699884838E-15", "-7.688490119619395E-13", "1.978195828887464E-13", "-9.185256685431275E-13", "2.006919545799263E-13", "-4.276423142262416E-23"], ["6.718275842298038E-13", "-7.688490119619395E-13", "5.802456465129649E-10", "-9.240135363047318E-11", "3.569255359778012E-10", "-1.146625757928194E-11", "-3.294288434706764E-20"], ["-1.712214904539392E-13", "1.978195828887464E-13", "-9.240135363047318E-11", "8.428296455648201E-10", "-8.833228196002214E-10", "2.187313775470519E-11", "6.067110935157428E-21"], ["7.973661530974628E-13", "-9.185256685431275E-13", "3.569255359778012E-10", "-8.833228196002214E-10", "1.077241940385815E-9", "-3.992587039499788E-11", "-1.494341802955393E-21"], ["-1.737371708022283E-13", "2.006919545799263E-13", "-1.146625757928194E-11", "2.187313775470519E-11", "-3.992587039499788E-11", "8.92673086619022E-11", "2.951180752495375E-21"], ["4.544107951096504E-23", "-4.276423142262416E-23", "-3.294288434706764E-20", "6.067110935157428E-21", "-1.494341802955393E-21", "2.951180752495375E-21", "8.211449476321331E-29"]], "elements": [{"title": "eccentricity", "value": ".5230840405487498", "units": null, "name": "e", "sigma": 7.25809758276011e-08, "label": "e"}, {"label": "q", "name": "q", "sigma": 8.4194416084945e-08, "units": "au", "value": ".5541922001457661", "title": "perihelion distance"}, {"name": "tp", "sigma": 2.40882885758404e-05, "title": "time of perihelion passage", "value": "2458447.576724888311", "units": "TDB", "label": "tp"}, {"name": "om", "sigma": 2.90315284744848e-05, "units": "deg", "value": "222.0014059186772", "title": "longitude of the ascending node", "label": "node"}, {"units": "deg", "title": "argument of perihelion", "value": "319.1600965889883", "name": "w", "sigma": 3.2821364084782e-05, "label": "peri"}, {"units": "deg", "value": "5.148803645866042", "title": "inclination", "name": "i", "sigma": 9.44813784096645e-06, "label": "i"}], "labels": ["e", "q", "tp", "node", "peri", "i", "A2"]}, "elements": [{"label": "e", "units": null, "value": ".5230941864194426", "title": "eccentricity", "name": "e", "sigma": "7.2675E-8"}, {"label": "a", "sigma": "6.6422E-9", "name": "a", "units": "au", "value": "1.162100870562969", "title": "semi-major axis"}, {"units": "au", "title": "perihelion distance", "value": ".554212661138507", "name": "q", "sigma": "8.4034E-8", "label": "q"}, {"label": "i", "sigma": "9.4517E-6", "name": "i", "value": "5.150232911577346", "title": "inclination; angle with respect to x-y ecliptic plane", "units": "deg"}, {"label": "node", "value": "221.8821180307797", "title": "longitude of the ascending node", "units": "deg", "sigma": "2.9014E-5", "name": "om"}, {"name": "w", "sigma": "3.2769E-5", "units": "deg", "title": "argument of perihelion", "value": "319.2802463453432", "label": "peri"}, {"label": "M", "units": "deg", "title": "mean anomaly", "value": "5.779503439359202", "name": "ma", "sigma": "2.3715E-5"}, {"units": "TDB", "value": "2461193.153978545189", "title": "time of perihelion passage", "name": "tp", "sigma": "3.0105E-5", "label": "tp"}, {"label": "period", "units": "d", "value": "457.5769789705835", "title": "sidereal orbital period", "sigma": "3.923E-6", "name": "per"}, {"label": "n", "value": ".7867528668288698", "title": "mean motion", "units": "deg/d", "sigma": "6.7452E-9", "name": "n"}, {"name": "ad", "sigma": "1.0117E-8", "units": "au", "value": "1.769989079987432", "title": "aphelion distance", "label": "Q"}], "epoch": "2461200.5"}