{"spkid": "20163818", "covariance": {"elements": [{"label": "e", "value": ".3544060519917487", "title": "eccentricity", "units": null, "sigma": 2.39897518890117e-09, "name": "e"}, {"name": "q", "sigma": 2.96397365257331e-09, "value": ".79356714666686", "title": "perihelion distance", "units": "au", "label": "q"}, {"label": "tp", "sigma": 1.58925621965187e-06, "name": "tp", "units": "TDB", "value": "2458514.520451281334", "title": "time of perihelion passage"}, {"units": "deg", "value": "241.0615707304599", "title": "longitude of the ascending node", "name": "om", "sigma": 1.02307833899082e-06, "label": "node"}, {"sigma": 1.2429304213925e-06, "name": "w", "value": "245.8245780940759", "title": "argument of perihelion", "units": "deg", "label": "peri"}, {"label": "i", "value": "10.39042503697495", "title": "inclination", "units": "deg", "name": "i", "sigma": 2.405747689682e-07}], "data": [["5.755081956963399E-18", "-6.983646019006149E-18", "4.818191678175275E-16", "-5.923270503841625E-16", "1.097957444817256E-15", "2.04310211163445E-16"], ["-6.983646019006149E-18", "8.785139813148791E-18", "1.091706254120599E-16", "4.760271894968945E-16", "-9.221821757040995E-16", "-1.462273710820738E-16"], ["4.818191678175275E-16", "1.091706254120599E-16", "2.525735331702168E-12", "-1.646871918400435E-13", "8.702302415276301E-13", "2.498794318304204E-13"], ["-5.923270503841625E-16", "4.760271894968945E-16", "-1.646871918400435E-13", "1.04668928771221E-12", "-1.166313699675548E-12", "-1.827573503753523E-13"], ["1.097957444817256E-15", "-9.221821757040995E-16", "8.702302415276301E-13", "-1.166313699675548E-12", "1.544876032422945E-12", "2.682899720500631E-13"], ["2.04310211163445E-16", "-1.462273710820738E-16", "2.498794318304204E-13", "-1.827573503753523E-13", "2.682899720500631E-13", "5.787621946410303E-14"]], "labels": ["e", "q", "tp", "node", "peri", "i"], "epoch": "2458564.5"}, "elements": [{"sigma": "2.4011E-9", "name": "e", "title": "eccentricity", "value": ".3545467137453703", "units": null, "label": "e"}, {"sigma": "8.0587E-10", "name": "a", "units": "au", "value": "1.229427086391681", "title": "semi-major axis", "label": "a"}, {"label": "q", "name": "q", "sigma": "2.9613E-9", "units": "au", "value": ".7935377531219652", "title": "perihelion distance"}, {"name": "i", "sigma": "2.4077E-7", "title": "inclination; angle with respect to x-y ecliptic plane", "value": "10.38840937738378", "units": "deg", "label": "i"}, {"name": "om", "sigma": "1.0219E-6", "value": "241.0026579876122", "title": "longitude of the ascending node", "units": "deg", "label": "node"}, {"sigma": "1.2367E-6", "name": "w", "units": "deg", "title": "argument of perihelion", "value": "245.9191872975635", "label": "peri"}, {"units": "deg", "title": "mean anomaly", "value": "142.4893684517065", "sigma": "2.9748E-6", "name": "ma", "label": "M"}, {"label": "tp", "value": "2461003.424537977975", "title": "time of perihelion passage", "units": "TDB", "sigma": "3.927E-6", "name": "tp"}, {"label": "period", "title": "sidereal orbital period", "value": "497.9119993220742", "units": "d", "sigma": "4.8956E-7", "name": "per"}, {"label": "n", "sigma": "7.1089E-10", "name": "n", "units": "deg/d", "value": ".7230193297011389", "title": "mean motion"}, {"label": "Q", "name": "ad", "sigma": "1.0916E-9", "value": "1.665316419661397", "title": "aphelion distance", "units": "au"}], "epoch": "2461200.5"}