{"spkid": "20161989", "covariance": {"labels": ["e", "q", "tp", "node", "peri", "i", "A2"], "elements": [{"value": ".2139390653259747", "title": "eccentricity", "units": null, "sigma": 2.42467654646724e-09, "name": "e", "label": "e"}, {"sigma": 2.64894819037298e-09, "name": "q", "units": "au", "title": "perihelion distance", "value": ".8827678370292891", "label": "q"}, {"name": "tp", "sigma": 6.73871918848436e-07, "value": "2457148.713951163568", "title": "time of perihelion passage", "units": "TDB", "label": "tp"}, {"label": "node", "value": "161.2461103477838", "title": "longitude of the ascending node", "units": "deg", "sigma": 1.47597409999643e-07, "name": "om"}, {"units": "deg", "title": "argument of perihelion", "value": "102.1684943330086", "name": "w", "sigma": 4.5453362855281e-07, "label": "peri"}, {"label": "i", "value": "26.06163827986602", "title": "inclination", "units": "deg", "name": "i", "sigma": 1.45277688810672e-07}], "data": [["5.879056354988311E-18", "-6.409391508500986E-18", "-6.404832807587029E-16", "1.087584525810331E-16", "-4.671945476448158E-16", "-3.998905141919605E-18", "2.177365343126656E-25"], ["-6.409391508500986E-18", "7.016926515280282E-18", "6.716059511515913E-16", "-1.177923039255321E-16", "5.016826687718303E-16", "8.134963235493051E-18", "-4.710439944849084E-25"], ["-6.404832807587029E-16", "6.716059511515913E-16", "4.541033630124732E-13", "-5.167956616084112E-14", "2.9057358872136E-13", "5.974241672222401E-15", "-1.827024523213973E-22"], ["1.087584525810331E-16", "-1.177923039255321E-16", "-5.167956616084112E-14", "2.178499543860281E-14", "-4.77075032854632E-14", "-3.278157608333811E-15", "5.268403759154651E-23"], ["-4.671945476448158E-16", "5.016826687718303E-16", "2.9057358872136E-13", "-4.77075032854632E-14", "2.066008194853839E-13", "1.031717779739332E-14", "-1.981687665196064E-22"], ["-3.998905141919605E-18", "8.134963235493051E-18", "5.974241672222401E-15", "-3.278157608333811E-15", "1.031717779739332E-14", "2.110560686617047E-14", "-3.189633316119538E-23"], ["2.177365343126656E-25", "-4.710439944849084E-25", "-1.827024523213973E-22", "5.268403759154651E-23", "-1.981687665196064E-22", "-3.189633316119538E-23", "2.296961816625006E-30"]], "epoch": "2457268.5"}, "elements": [{"sigma": "2.4285E-9", "name": "e", "units": null, "title": "eccentricity", "value": ".2138661445274499", "label": "e"}, {"label": "a", "sigma": "5.1691E-10", "name": "a", "title": "semi-major axis", "value": "1.122678570459829", "units": "au"}, {"sigma": "2.6414E-9", "name": "q", "title": "perihelion distance", "value": ".8825756330519963", "units": "au", "label": "q"}, {"units": "deg", "value": "26.06566728817256", "title": "inclination; angle with respect to x-y ecliptic plane", "sigma": "1.4526E-7", "name": "i", "label": "i"}, {"label": "node", "name": "om", "sigma": "1.4751E-7", "title": "longitude of the ascending node", "value": "161.2027585311259", "units": "deg"}, {"name": "w", "sigma": "4.523E-7", "units": "deg", "title": "argument of perihelion", "value": "102.1008071401297", "label": "peri"}, {"label": "M", "title": "mean anomaly", "value": "115.9319824025176", "units": "deg", "name": "ma", "sigma": "6.1631E-7"}, {"name": "tp", "sigma": "6.5943E-7", "units": "TDB", "title": "time of perihelion passage", "value": "2461060.579181240339", "label": "tp"}, {"value": "434.4917917351522", "title": "sidereal orbital period", "units": "d", "name": "per", "sigma": "3.0008E-7", "label": "period"}, {"sigma": "5.7223E-10", "name": "n", "units": "deg/d", "value": ".8285542025140046", "title": "mean motion", "label": "n"}, {"label": "Q", "name": "ad", "sigma": "6.2746E-10", "title": "aphelion distance", "value": "1.362781507867661", "units": "au"}], "epoch": "2461200.5"}