{"spkid": "20164207", "covariance": {"epoch": "2458636.5", "labels": ["e", "q", "tp", "node", "peri", "i", "A2"], "data": [["2.162233774418532E-14", "-2.146092063336998E-14", "-5.520396415609385E-13", "2.264968186239541E-14", "-5.871651649049437E-13", "1.204770633026123E-12", "3.694383620348714E-22"], ["-2.146092063336998E-14", "2.130248564977356E-14", "5.451235469456415E-13", "-2.186511508905941E-14", "5.812974253477218E-13", "-1.196435943112307E-12", "-3.609216482274546E-22"], ["-5.520396415609385E-13", "5.451235469456415E-13", "5.646341369772543E-10", "7.991376967575035E-11", "3.400925646280894E-10", "-3.774694597426783E-11", "1.895073789850427E-20"], ["2.264968186239541E-14", "-2.186511508905941E-14", "7.991376967575035E-11", "1.041932514116128E-10", "-4.59329409204349E-11", "-2.838573765026173E-12", "1.608570531593181E-20"], ["-5.871651649049437E-13", "5.812974253477218E-13", "3.400925646280894E-10", "-4.59329409204349E-11", "3.093574808443102E-10", "-3.384003473802315E-11", "4.446446595526999E-21"], ["1.204770633026123E-12", "-1.196435943112307E-12", "-3.774694597426783E-11", "-2.838573765026173E-12", "-3.384003473802315E-11", "7.656905692610856E-11", "2.004619057474691E-20"], ["3.694383620348714E-22", "-3.609216482274546E-22", "1.895073789850427E-20", "1.608570531593181E-20", "4.446446595526999E-21", "2.004619057474691E-20", "5.36547369858355E-29"]], "elements": [{"label": "e", "name": "e", "sigma": 1.47045359478582e-07, "title": "eccentricity", "value": ".1360259138920066", "units": null}, {"label": "q", "sigma": 1.45953710640646e-07, "name": "q", "title": "perihelion distance", "value": ".8651681167210559", "units": "au"}, {"name": "tp", "sigma": 2.37620314152064e-05, "units": "TDB", "title": "time of perihelion passage", "value": "2458706.550138142289", "label": "tp"}, {"units": "deg", "title": "longitude of the ascending node", "value": "38.55798151463632", "sigma": 1.0207509559712e-05, "name": "om", "label": "node"}, {"name": "w", "sigma": 1.75885610794149e-05, "value": "279.9406208980497", "title": "argument of perihelion", "units": "deg", "label": "peri"}, {"label": "i", "sigma": 8.75037467347019e-06, "name": "i", "value": "13.65049374002186", "title": "inclination", "units": "deg"}]}, "elements": [{"name": "e", "sigma": "1.476E-7", "value": ".1359505998606398", "title": "eccentricity", "units": null, "label": "e"}, {"label": "a", "title": "semi-major axis", "value": "1.001148076833024", "units": "au", "sigma": "4.0657E-9", "name": "a"}, {"label": "q", "value": ".8650413952382482", "title": "perihelion distance", "units": "au", "sigma": "1.4545E-7", "name": "q"}, {"sigma": "8.7463E-6", "name": "i", "units": "deg", "title": "inclination; angle with respect to x-y ecliptic plane", "value": "13.65196847672156", "label": "i"}, {"units": "deg", "title": "longitude of the ascending node", "value": "38.37013954242411", "sigma": "1.021E-5", "name": "om", "label": "node"}, {"label": "peri", "sigma": "1.7143E-5", "name": "w", "units": "deg", "value": "279.3128558067677", "title": "argument of perihelion"}, {"value": "294.1746809733236", "title": "mean anomaly", "units": "deg", "sigma": "2.4707E-5", "name": "ma", "label": "M"}, {"value": "2461267.401580053689", "title": "time of perihelion passage", "units": "TDB", "sigma": "2.5264E-5", "name": "tp", "label": "tp"}, {"name": "per", "sigma": "2.2288E-6", "units": "d", "title": "sidereal orbital period", "value": "365.8860933065497", "label": "period"}, {"label": "n", "units": "deg/d", "title": "mean motion", "value": ".9839127711759788", "sigma": "5.9936E-9", "name": "n"}, {"title": "aphelion distance", "value": "1.137254758427799", "units": "au", "sigma": "4.6185E-9", "name": "ad", "label": "Q"}], "epoch": "2461200.5"}