{"spkid": "20162783", "covariance": {"epoch": "2456681.5", "labels": ["e", "q", "tp", "node", "peri", "i", "A2"], "elements": [{"title": "eccentricity", "value": ".2318666275191697", "units": null, "name": "e", "sigma": 1.07702937236376e-07, "label": "e"}, {"label": "q", "name": "q", "sigma": 1.40959941780557e-07, "units": "au", "value": "1.008501847602432", "title": "perihelion distance"}, {"value": "2456802.571299498297", "title": "time of perihelion passage", "units": "TDB", "sigma": 5.30400619862014e-05, "name": "tp", "label": "tp"}, {"label": "node", "title": "longitude of the ascending node", "value": "64.98724102536733", "units": "deg", "name": "om", "sigma": 5.77364652844746e-05}, {"label": "peri", "sigma": 5.96127703203979e-05, "name": "w", "title": "argument of perihelion", "value": "339.087011574815", "units": "deg"}, {"label": "i", "value": "7.263097385094833", "title": "inclination", "units": "deg", "name": "i", "sigma": 1.27533433311839e-05}], "data": [["1.159992268934272E-14", "-1.51714943971934E-14", "1.264002290258727E-12", "2.073772515550841E-12", "-1.779410591400701E-13", "1.480901434688755E-13", "1.139418452961153E-22"], ["-1.51714943971934E-14", "1.986970518677789E-14", "-1.494988270990899E-12", "-2.691798815908474E-12", "3.217497184036536E-13", "-1.899780030563025E-13", "-4.417923539795124E-23"], ["1.264002290258727E-12", "-1.494988270990899E-12", "2.813248175500083E-9", "5.36851307775038E-10", "1.283735351749872E-9", "1.12754574183579E-10", "2.35880306292972E-19"], ["2.073772515550841E-12", "-2.691798815908474E-12", "5.36851307775038E-10", "3.333499423545345E-9", "-2.779255387860883E-9", "5.434210086604965E-10", "3.899183771187794E-20"], ["-1.779410591400701E-13", "3.217497184036536E-13", "1.283735351749872E-9", "-2.779255387860883E-9", "3.553682385272512E-9", "-4.576331364878842E-10", "2.072610308266788E-19"], ["1.480901434688755E-13", "-1.899780030563025E-13", "1.12754574183579E-10", "5.434210086604965E-10", "-4.576331364878842E-10", "1.626477661230527E-10", "1.713312699904541E-20"], ["1.139418452961153E-22", "-4.417923539795124E-23", "2.35880306292972E-19", "3.899183771187794E-20", "2.072610308266788E-19", "1.713312699904541E-20", "5.887534816056374E-28"]]}, "elements": [{"label": "e", "value": ".2322675920230955", "title": "eccentricity", "units": null, "name": "e", "sigma": "1.0774E-7"}, {"units": "au", "title": "semi-major axis", "value": "1.313703425405876", "name": "a", "sigma": "1.6795E-8", "label": "a"}, {"label": "q", "value": "1.008572694154361", "title": "perihelion distance", "units": "au", "sigma": "1.4101E-7", "name": "q"}, {"units": "deg", "value": "7.264031596296319", "title": "inclination; angle with respect to x-y ecliptic plane", "sigma": "1.2755E-5", "name": "i", "label": "i"}, {"name": "om", "sigma": "5.7779E-5", "value": "64.91002354436367", "title": "longitude of the ascending node", "units": "deg", "label": "node"}, {"label": "peri", "value": "339.1497672993793", "title": "argument of perihelion", "units": "deg", "name": "w", "sigma": "5.953E-5"}, {"label": "M", "name": "ma", "sigma": "6.1049E-5", "value": "359.7914416625311", "title": "mean anomaly", "units": "deg"}, {"units": "TDB", "value": "2461200.818617393691", "title": "time of perihelion passage", "sigma": "9.327E-5", "name": "tp", "label": "tp"}, {"label": "period", "units": "d", "title": "sidereal orbital period", "value": "549.9768703601798", "sigma": "1.0547E-5", "name": "per"}, {"label": "n", "value": ".6545729818860129", "title": "mean motion", "units": "deg/d", "sigma": "1.2553E-8", "name": "n"}, {"units": "au", "value": "1.618834156657391", "title": "aphelion distance", "sigma": "2.0697E-8", "name": "ad", "label": "Q"}], "epoch": "2461200.5"}