{"spkid": "20163373", "covariance": {"epoch": "2458255.5", "labels": ["e", "q", "tp", "node", "peri", "i"], "data": [["1.72229374466575E-16", "-2.553686739119791E-16", "1.429506985909427E-15", "2.841209973353548E-14", "-1.453008491487306E-15", "-1.185923094391911E-14"], ["-2.553686739119791E-16", "3.946015224437441E-16", "-2.666185235450429E-14", "7.745980678261904E-15", "-4.992015363049772E-14", "5.586190711726756E-15"], ["1.429506985909427E-15", "-2.666185235450429E-14", "3.792775168057261E-11", "-7.942108901667044E-11", "8.327255855321098E-11", "1.846744361498797E-11"], ["2.841209973353548E-14", "7.745980678261904E-15", "-7.942108901667044E-11", "1.30091364386226E-9", "-1.305223143241348E-9", "-6.361197556351936E-11"], ["-1.453008491487306E-15", "-4.992015363049772E-14", "8.327255855321098E-11", "-1.305223143241348E-9", "1.314395621190765E-9", "6.353363645994319E-11"], ["-1.185923094391911E-14", "5.586190711726756E-15", "1.846744361498797E-11", "-6.361197556351936E-11", "6.353363645994319E-11", "1.077272510190163E-11"]], "elements": [{"sigma": 1.31236189546396e-08, "name": "e", "units": null, "value": ".5463192587776409", "title": "eccentricity", "label": "e"}, {"units": "au", "title": "perihelion distance", "value": ".6659038622757022", "sigma": 1.98645795939341e-08, "name": "q", "label": "q"}, {"label": "tp", "value": "2458295.842865399980", "title": "time of perihelion passage", "units": "TDB", "sigma": 6.15855110237567e-06, "name": "tp"}, {"sigma": 3.60681804900422e-05, "name": "om", "value": "328.9447891426319", "title": "longitude of the ascending node", "units": "deg", "label": "node"}, {"label": "peri", "sigma": 3.62545944838825e-05, "name": "w", "units": "deg", "value": "259.9869934300053", "title": "argument of perihelion"}, {"label": "i", "name": "i", "sigma": 3.28218297812624e-06, "value": "1.668583268515624", "title": "inclination", "units": "deg"}]}, "elements": [{"label": "e", "value": ".5463307939477294", "title": "eccentricity", "units": null, "sigma": "1.3111E-8", "name": "e"}, {"name": "a", "sigma": "9.1643E-9", "title": "semi-major axis", "value": "1.468980224131847", "units": "au", "label": "a"}, {"label": "q", "sigma": "1.9828E-8", "name": "q", "units": "au", "title": "perihelion distance", "value": ".6664310919883814"}, {"name": "i", "sigma": "3.2785E-6", "units": "deg", "value": "1.66693572369708", "title": "inclination; angle with respect to x-y ecliptic plane", "label": "i"}, {"sigma": "3.5996E-5", "name": "om", "value": "328.7193557390398", "title": "longitude of the ascending node", "units": "deg", "label": "node"}, {"sigma": "3.6182E-5", "name": "w", "value": "260.1947220215912", "title": "argument of perihelion", "units": "deg", "label": "peri"}, {"name": "ma", "sigma": "1.1608E-5", "title": "mean anomaly", "value": "168.1693869439695", "units": "deg", "label": "M"}, {"value": "2460896.714674715917", "title": "time of perihelion passage", "units": "TDB", "sigma": "1.8126E-5", "name": "tp", "label": "tp"}, {"name": "per", "sigma": "6.0855E-6", "units": "d", "value": "650.3128725723847", "title": "sidereal orbital period", "label": "period"}, {"label": "n", "sigma": "5.1803E-9", "name": "n", "title": "mean motion", "value": ".5535796924578473", "units": "deg/d"}, {"name": "ad", "sigma": "1.4171E-8", "units": "au", "title": "aphelion distance", "value": "2.271529356275312", "label": "Q"}], "epoch": "2461200.5"}