{"spkid": "20162082", "covariance": {"epoch": "2458475.5", "labels": ["e", "q", "tp", "node", "peri", "i"], "elements": [{"name": "e", "sigma": 6.94573776712945e-09, "value": ".1872022442806391", "title": "eccentricity", "units": null, "label": "e"}, {"label": "q", "name": "q", "sigma": 8.07203949123256e-09, "units": "au", "value": "1.012969134161301", "title": "perihelion distance"}, {"units": "TDB", "value": "2458245.456462485263", "title": "time of perihelion passage", "name": "tp", "sigma": 4.87830260266191e-06, "label": "tp"}, {"sigma": 7.82952501430342e-07, "name": "om", "title": "longitude of the ascending node", "value": "213.567728887371", "units": "deg", "label": "node"}, {"label": "peri", "sigma": 5.13218533563465e-06, "name": "w", "units": "deg", "title": "argument of perihelion", "value": "148.5185205149061"}, {"label": "i", "units": "deg", "value": "20.04845282710307", "title": "inclination", "sigma": 3.75352955235481e-06, "name": "i"}], "data": [["4.824327312972833E-17", "-5.526204057482377E-17", "-3.37627382448533E-14", "2.609554257011601E-15", "-3.485655250608252E-14", "-1.729777307891856E-15"], ["-5.526204057482377E-17", "6.515782154801794E-17", "3.840756042040756E-14", "-3.097735919007702E-15", "4.116353646295446E-14", "1.966370390354255E-15"], ["-3.37627382448533E-14", "3.840756042040756E-14", "2.379783628313794E-11", "-1.612701848391386E-12", "2.422519668497787E-11", "1.083599143487342E-12"], ["2.609554257011601E-15", "-3.097735919007702E-15", "-1.612701848391386E-12", "6.130146194960295E-13", "-2.055946867593677E-12", "-1.190290267191465E-12"], ["-3.485655250608252E-14", "4.116353646295446E-14", "2.422519668497787E-11", "-2.055946867593677E-12", "2.63393263193033E-11", "2.186855791216319E-12"], ["-1.729777307891856E-15", "1.966370390354255E-15", "1.083599143487342E-12", "-1.190290267191465E-12", "2.186855791216319E-12", "1.40889841004009E-11"]]}, "elements": [{"name": "e", "sigma": "6.9069E-9", "title": "eccentricity", "value": ".1870612005464274", "units": null, "label": "e"}, {"units": "au", "title": "semi-major axis", "value": "1.246329349416732", "sigma": "1.8981E-9", "name": "a", "label": "a"}, {"title": "perihelion distance", "value": "1.013189485038591", "units": "au", "name": "q", "sigma": "8.0828E-9", "label": "q"}, {"label": "i", "name": "i", "sigma": "3.7514E-6", "units": "deg", "title": "inclination; angle with respect to x-y ecliptic plane", "value": "20.0523066400347"}, {"label": "node", "sigma": "7.7924E-7", "name": "om", "title": "longitude of the ascending node", "value": "213.5231744539749", "units": "deg"}, {"label": "peri", "value": "148.6555990038715", "title": "argument of perihelion", "units": "deg", "sigma": "5.1445E-6", "name": "w"}, {"name": "ma", "sigma": "4.4327E-6", "units": "deg", "value": "293.2489306261282", "title": "mean anomaly", "label": "M"}, {"label": "tp", "sigma": "6.4157E-6", "name": "tp", "value": "2461294.733080177140", "title": "time of perihelion passage", "units": "TDB"}, {"label": "period", "name": "per", "sigma": "1.161E-6", "units": "d", "title": "sidereal orbital period", "value": "508.2152118607"}, {"units": "deg/d", "value": ".7083613233101623", "title": "mean motion", "name": "n", "sigma": "1.6182E-9", "label": "n"}, {"label": "Q", "units": "au", "value": "1.479469213794874", "title": "aphelion distance", "name": "ad", "sigma": "2.2532E-9"}], "epoch": "2461200.5"}