{"spkid": "20162421", "covariance": {"epoch": "2458497.5", "labels": ["e", "q", "tp", "node", "peri", "i", "A2"], "elements": [{"sigma": 7.26726604929117e-09, "name": "e", "units": null, "value": ".1237123574355651", "title": "eccentricity", "label": "e"}, {"label": "q", "title": "perihelion distance", "value": ".8295464182560085", "units": "au", "name": "q", "sigma": 7.33171698944808e-09}, {"label": "tp", "sigma": 2.40787655572096e-06, "name": "tp", "units": "TDB", "value": "2458552.478881781769", "title": "time of perihelion passage"}, {"units": "deg", "title": "longitude of the ascending node", "value": "331.1484064137794", "sigma": 3.06621052932224e-07, "name": "om", "label": "node"}, {"label": "peri", "units": "deg", "title": "argument of perihelion", "value": "46.11316117274868", "sigma": 2.38562158826523e-06, "name": "w"}, {"label": "i", "name": "i", "sigma": 6.81720703923669e-07, "units": "deg", "title": "inclination", "value": "22.32273121554384"}], "data": [["5.281315583118015E-17", "-5.307336100670836E-17", "3.949505573598723E-15", "1.206525420743968E-15", "1.020770463767337E-14", "-1.869685808920189E-15", "-1.387979805726872E-24"], ["-5.307336100670836E-17", "5.37540740133616E-17", "-2.92485420397047E-15", "-1.180107415931396E-15", "-1.047986665189921E-14", "1.785397792179341E-15", "2.614820123206163E-24"], ["3.949505573598723E-15", "-2.92485420397047E-15", "5.79786950759061E-12", "1.880872085428311E-13", "2.815504609760231E-12", "-4.094890943446386E-13", "2.471565380624827E-21"], ["1.206525420743968E-15", "-1.180107415931396E-15", "1.880872085428311E-13", "9.401647010126557E-14", "8.123604203651826E-14", "-1.912618816426246E-13", "-5.865393743287961E-23"], ["1.020770463767337E-14", "-1.047986665189921E-14", "2.815504609760231E-12", "8.123604203651826E-14", "5.691190362397119E-12", "1.694020056796862E-14", "4.038831648440219E-22"], ["-1.869685808920189E-15", "1.785397792179341E-15", "-4.094890943446386E-13", "-1.912618816426246E-13", "1.694020056796862E-14", "4.647431181581828E-13", "9.913235538811468E-23"], ["-1.387979805726872E-24", "2.614820123206163E-24", "2.471565380624827E-21", "-5.865393743287961E-23", "4.038831648440219E-22", "9.913235538811468E-23", "6.209647291375436E-30"]]}, "elements": [{"label": "e", "sigma": "7.241E-9", "name": "e", "value": ".1238510400373357", "title": "eccentricity", "units": null}, {"label": "a", "value": ".9466308218466468", "title": "semi-major axis", "units": "au", "sigma": "1.4242E-9", "name": "a"}, {"label": "q", "sigma": "7.3538E-9", "name": "q", "value": ".8293896100295418", "title": "perihelion distance", "units": "au"}, {"label": "i", "units": "deg", "title": "inclination; angle with respect to x-y ecliptic plane", "value": "22.32418716140079", "name": "i", "sigma": "6.8175E-7"}, {"value": "331.1115732136115", "title": "longitude of the ascending node", "units": "deg", "name": "om", "sigma": "3.0572E-7", "label": "node"}, {"sigma": "2.4131E-6", "name": "w", "units": "deg", "title": "argument of perihelion", "value": "46.04861298351022", "label": "peri"}, {"units": "deg", "value": "313.5935359311802", "title": "mean anomaly", "name": "ma", "sigma": "6.7371E-6", "label": "M"}, {"title": "time of perihelion passage", "value": "2461243.865600636566", "units": "TDB", "sigma": "6.3867E-6", "name": "tp", "label": "tp"}, {"label": "period", "title": "sidereal orbital period", "value": "336.4103803731306", "units": "d", "name": "per", "sigma": "7.5917E-7"}, {"value": "1.070121556893413", "title": "mean motion", "units": "deg/d", "sigma": "2.4149E-9", "name": "n", "label": "n"}, {"label": "Q", "name": "ad", "sigma": "1.6006E-9", "units": "au", "title": "aphelion distance", "value": "1.063872033663752"}], "epoch": "2461200.5"}