{"spkid": "20162998", "covariance": {"labels": ["e", "q", "tp", "node", "peri", "i"], "data": [["6.708085480230335E-16", "-1.294192316152553E-15", "3.759692558759191E-14", "1.851731567567692E-13", "-9.353841088970281E-14", "-2.012190754081722E-15"], ["-1.294192316152553E-15", "2.497585167676046E-15", "-6.727842178886625E-14", "-3.571791169423802E-13", "1.820262527557689E-13", "3.858160134327983E-15"], ["3.759692558759191E-14", "-6.727842178886625E-14", "1.309414552871021E-10", "-3.968166135012102E-12", "6.676257844521285E-11", "1.208446625812077E-12"], ["1.851731567567692E-13", "-3.571791169423802E-13", "-3.968166135012102E-12", "1.398630173637344E-8", "-1.395896328276462E-8", "2.009582251704086E-11"], ["-9.353841088970281E-14", "1.820262527557689E-13", "6.676257844521285E-11", "-1.395896328276462E-8", "1.397657814283677E-8", "-1.994489625784591E-11"], ["-2.012190754081722E-15", "3.858160134327983E-15", "1.208446625812077E-12", "2.009582251704086E-11", "-1.994489625784591E-11", "5.492490185808748E-12"]], "elements": [{"label": "e", "sigma": 2.58999719695415e-08, "name": "e", "units": null, "value": ".4740870429935347", "title": "eccentricity"}, {"value": "1.013104715762779", "title": "perihelion distance", "units": "au", "name": "q", "sigma": 4.99758458425272e-08, "label": "q"}, {"name": "tp", "sigma": 1.14429653187931e-05, "title": "time of perihelion passage", "value": "2458156.051581629337", "units": "TDB", "label": "tp"}, {"title": "longitude of the ascending node", "value": "285.3829057930405", "units": "deg", "sigma": 0.000118263695766594, "name": "om", "label": "node"}, {"label": "peri", "name": "w", "sigma": 0.000118222578819939, "value": "186.3725315688067", "title": "argument of perihelion", "units": "deg"}, {"name": "i", "sigma": 2.34360623522996e-06, "units": "deg", "value": "1.679866497296324", "title": "inclination", "label": "i"}], "epoch": "2458462.5"}, "elements": [{"name": "e", "sigma": "2.5761E-8", "value": ".474500339691072", "title": "eccentricity", "units": null, "label": "e"}, {"name": "a", "sigma": "1.5762E-9", "units": "au", "value": "1.92586128829269", "title": "semi-major axis", "label": "a"}, {"name": "q", "sigma": "4.9588E-8", "value": "1.012039452799923", "title": "perihelion distance", "units": "au", "label": "q"}, {"sigma": "2.344E-6", "name": "i", "value": "1.679785090880053", "title": "inclination; angle with respect to x-y ecliptic plane", "units": "deg", "label": "i"}, {"units": "deg", "title": "longitude of the ascending node", "value": "285.2861952717813", "name": "om", "sigma": ".00011831", "label": "node"}, {"label": "peri", "name": "w", "sigma": ".00011827", "value": "186.4647655800696", "title": "argument of perihelion", "units": "deg"}, {"label": "M", "units": "deg", "value": "42.77010150650838", "title": "mean anomaly", "name": "ma", "sigma": "5.2095E-6"}, {"name": "tp", "sigma": "1.4015E-5", "units": "TDB", "value": "2461084.522508163273", "title": "time of perihelion passage", "label": "tp"}, {"label": "period", "name": "per", "sigma": "1.1984E-6", "title": "sidereal orbital period", "value": "976.193546205826", "units": "d"}, {"label": "n", "sigma": "4.5273E-10", "name": "n", "value": ".3687793280330657", "title": "mean motion", "units": "deg/d"}, {"label": "Q", "name": "ad", "sigma": "2.3241E-9", "units": "au", "title": "aphelion distance", "value": "2.839683123785457"}], "epoch": "2461200.5"}