{"spkid": "20164202", "covariance": {"elements": [{"label": "e", "name": "e", "sigma": 3.17580272542013e-07, "title": "eccentricity", "value": ".2798769941666168", "units": null}, {"label": "q", "sigma": 3.23530024304354e-07, "name": "q", "units": "au", "value": ".7127828243273709", "title": "perihelion distance"}, {"label": "tp", "sigma": 2.22547570748217e-05, "name": "tp", "value": "2453698.559349599383", "title": "time of perihelion passage", "units": "TDB"}, {"label": "node", "title": "longitude of the ascending node", "value": "343.4746827508931", "units": "deg", "sigma": 2.13444176519444e-05, "name": "om"}, {"name": "w", "sigma": 2.78619522845166e-05, "value": "55.85095027255314", "title": "argument of perihelion", "units": "deg", "label": "peri"}, {"label": "i", "units": "deg", "title": "inclination", "value": "4.663285514382308", "sigma": 7.91693832833673e-06, "name": "i"}], "data": [["1.008572295078592E-13", "-1.027458331936198E-13", "4.930251389223752E-12", "-6.458433979787532E-13", "-3.454770268591652E-12", "8.57152065827865E-13"], ["-1.027458331936198E-13", "1.046716766263762E-13", "-5.01879106489628E-12", "6.570592160609922E-13", "3.522692648970166E-12", "-8.751715365026507E-13"], ["4.930251389223752E-12", "-5.01879106489628E-12", "4.952742124593247E-10", "-7.769400202009263E-11", "6.93669842632675E-11", "1.232779426545773E-11"], ["-6.458433979787532E-13", "6.570592160609922E-13", "-7.769400202009263E-11", "4.555841649006373E-10", "-4.581491607434823E-10", "3.219364910393961E-11"], ["-3.454770268591652E-12", "3.522692648970166E-12", "6.93669842632675E-11", "-4.581491607434823E-10", "7.762883851046815E-10", "-8.657995877854808E-11"], ["8.57152065827865E-13", "-8.751715365026507E-13", "1.232779426545773E-11", "3.219364910393961E-11", "-8.657995877854808E-11", "6.267791249468716E-11"]], "labels": ["e", "q", "tp", "node", "peri", "i"], "epoch": "2453731.5"}, "elements": [{"label": "e", "name": "e", "sigma": "3.2205E-7", "units": null, "title": "eccentricity", "value": ".2789092468873"}, {"label": "a", "value": ".9878826429391402", "title": "semi-major axis", "units": "au", "name": "a", "sigma": "5.6106E-9"}, {"name": "q", "sigma": "3.2209E-7", "units": "au", "value": ".7123530389839491", "title": "perihelion distance", "label": "q"}, {"label": "i", "units": "deg", "title": "inclination; angle with respect to x-y ecliptic plane", "value": "4.668263514664645", "name": "i", "sigma": "7.9045E-6"}, {"label": "node", "name": "om", "sigma": "2.1525E-5", "units": "deg", "title": "longitude of the ascending node", "value": "342.8924523818102"}, {"label": "peri", "sigma": "2.8591E-5", "name": "w", "units": "deg", "value": "56.21932915870478", "title": "argument of perihelion"}, {"label": "M", "sigma": ".00010082", "name": "ma", "title": "mean anomaly", "value": "322.0039210239203", "units": "deg"}, {"label": "tp", "units": "TDB", "value": "2461238.352340684668", "title": "time of perihelion passage", "name": "tp", "sigma": ".00010074"}, {"title": "sidereal orbital period", "value": "358.6381282936891", "units": "d", "sigma": "3.0553E-6", "name": "per", "label": "period"}, {"sigma": "8.5515E-9", "name": "n", "title": "mean motion", "value": "1.00379734222011", "units": "deg/d", "label": "n"}, {"label": "Q", "units": "au", "title": "aphelion distance", "value": "1.263412246894331", "name": "ad", "sigma": "7.1755E-9"}], "epoch": "2461200.5"}