{"spkid": "20164121", "covariance": {"labels": ["e", "q", "tp", "node", "peri", "i", "A2"], "data": [["2.76552933337122E-19", "-3.095653586300726E-19", "1.830969452987456E-18", "1.528427372738411E-17", "8.018210166332329E-18", "2.519756449941793E-18", "2.534471879998504E-26"], ["-3.095653586300726E-19", "3.467321526392448E-19", "-2.160612261624086E-18", "-1.700181930929161E-17", "-9.103399898381814E-18", "-2.707700656739124E-18", "-2.752586302582775E-26"], ["1.830969452987456E-18", "-2.160612261624086E-18", "4.180640517135194E-15", "-4.100692411661062E-16", "4.686937108269827E-15", "-1.135916653753058E-15", "-1.327903908567554E-24"], ["1.528427372738411E-17", "-1.700181930929161E-17", "-4.100692411661062E-16", "4.034398370279419E-15", "-3.094738284295759E-15", "2.124193028124017E-16", "3.288958958896788E-24"], ["8.018210166332329E-18", "-9.103399898381814E-18", "4.686937108269827E-15", "-3.094738284295759E-15", "8.996339409733309E-15", "-9.29166568568257E-16", "-1.885781152862624E-24"], ["2.519756449941793E-18", "-2.707700656739124E-18", "-1.135916653753058E-15", "2.124193028124017E-16", "-9.29166568568257E-16", "3.466742085236264E-15", "9.013712380393007E-25"], ["2.534471879998504E-26", "-2.752586302582775E-26", "-1.327903908567554E-24", "3.288958958896788E-24", "-1.885781152862624E-24", "9.013712380393007E-25", "9.935473482356285E-33"]], "elements": [{"label": "e", "name": "e", "sigma": 5.25883003468568e-10, "units": null, "title": "eccentricity", "value": ".2919197104343917"}, {"label": "q", "name": "q", "sigma": 5.8883966632628e-10, "value": ".7856782887515483", "title": "perihelion distance", "units": "au"}, {"label": "tp", "name": "tp", "sigma": 6.46578728163492e-08, "units": "TDB", "title": "time of perihelion passage", "value": "2457760.077533637816"}, {"label": "node", "value": "38.33521029375598", "title": "longitude of the ascending node", "units": "deg", "sigma": 6.35169140487746e-08, "name": "om"}, {"sigma": 9.48490348381749e-08, "name": "w", "units": "deg", "value": "91.05563112501757", "title": "argument of perihelion", "label": "peri"}, {"units": "deg", "title": "inclination", "value": "44.06371547132097", "name": "i", "sigma": 5.88790462323929e-08, "label": "i"}], "epoch": "2457854.5"}, "elements": [{"units": null, "value": ".2920960046659441", "title": "eccentricity", "name": "e", "sigma": "5.2617E-10", "label": "e"}, {"label": "a", "name": "a", "sigma": "4.8409E-11", "value": "1.109906933210648", "title": "semi-major axis", "units": "au"}, {"value": ".7857075524687869", "title": "perihelion distance", "units": "au", "name": "q", "sigma": "5.7596E-10", "label": "q"}, {"label": "i", "sigma": "5.8886E-8", "name": "i", "units": "deg", "title": "inclination; angle with respect to x-y ecliptic plane", "value": "44.05782197033246"}, {"label": "node", "units": "deg", "value": "38.30847047157867", "title": "longitude of the ascending node", "name": "om", "sigma": "6.3516E-8"}, {"label": "peri", "units": "deg", "title": "argument of perihelion", "value": "91.01206924581963", "sigma": "9.5093E-8", "name": "w"}, {"label": "M", "sigma": "1.2924E-7", "name": "ma", "title": "mean anomaly", "value": "20.8639533381755", "units": "deg"}, {"label": "tp", "title": "time of perihelion passage", "value": "2461175.747311567737", "units": "TDB", "name": "tp", "sigma": "1.5193E-7"}, {"value": "427.0987233905471", "title": "sidereal orbital period", "units": "d", "name": "per", "sigma": "2.7942E-8", "label": "period"}, {"value": ".8428964552788167", "title": "mean motion", "units": "deg/d", "sigma": "5.5145E-11", "name": "n", "label": "n"}, {"sigma": "6.255E-11", "name": "ad", "title": "aphelion distance", "value": "1.434106313952509", "units": "au", "label": "Q"}], "epoch": "2461200.5"}