{"spkid": "20175729", "covariance": {"data": [["1.130611050179187E-15", "-1.453305408110234E-15", "-5.964298517445439E-14", "7.123738558411415E-15", "2.993640462067154E-15", "1.22156581349949E-14"], ["-1.453305408110234E-15", "1.868482268277096E-15", "7.521751028963278E-14", "-1.12128834860868E-14", "-3.43092715452067E-15", "-1.576223624334426E-14"], ["-5.964298517445439E-14", "7.521751028963278E-14", "7.395426881826206E-11", "6.280660589132122E-12", "3.695377732122529E-11", "9.777527357406009E-13"], ["7.123738558411415E-15", "-1.12128834860868E-14", "6.280660589132122E-12", "2.458396365878749E-10", "-2.248874812805358E-10", "-3.096039961772772E-11"], ["2.993640462067154E-15", "-3.43092715452067E-15", "3.695377732122529E-11", "-2.248874812805358E-10", "2.441420207980458E-10", "3.228462836549366E-11"], ["1.22156581349949E-14", "-1.576223624334426E-14", "9.777527357406009E-13", "-3.096039961772772E-11", "3.228462836549366E-11", "2.852232258580582E-11"]], "elements": [{"name": "e", "sigma": 3.36245602228369e-08, "value": ".4247792536659095", "title": "eccentricity", "units": null, "label": "e"}, {"label": "q", "name": "q", "sigma": 4.32259443884931e-08, "units": "au", "title": "perihelion distance", "value": ".7315919900039474"}, {"units": "TDB", "title": "time of perihelion passage", "value": "2458620.890504258139", "sigma": 8.59966678530407e-06, "name": "tp", "label": "tp"}, {"label": "node", "units": "deg", "title": "longitude of the ascending node", "value": "124.3148801713116", "name": "om", "sigma": 1.56792741090866e-05}, {"label": "peri", "name": "w", "sigma": 1.56250446654736e-05, "units": "deg", "title": "argument of perihelion", "value": "259.2047707090949"}, {"label": "i", "name": "i", "sigma": 5.34062941850545e-06, "value": "11.53455707931722", "title": "inclination", "units": "deg"}], "labels": ["e", "q", "tp", "node", "peri", "i"], "epoch": "2458361.5"}, "elements": [{"label": "e", "value": ".4244764033066843", "title": "eccentricity", "units": null, "sigma": "3.3655E-8", "name": "e"}, {"label": "a", "units": "au", "title": "semi-major axis", "value": "1.271366606612605", "sigma": "1.2887E-9", "name": "a"}, {"sigma": "4.3222E-8", "name": "q", "units": "au", "title": "perihelion distance", "value": ".7317014821534623", "label": "q"}, {"title": "inclination; angle with respect to x-y ecliptic plane", "value": "11.53669133499942", "units": "deg", "name": "i", "sigma": "5.3414E-6", "label": "i"}, {"units": "deg", "title": "longitude of the ascending node", "value": "124.2720093442093", "name": "om", "sigma": "1.5675E-5", "label": "node"}, {"units": "deg", "title": "argument of perihelion", "value": "259.2414681975458", "name": "w", "sigma": "1.5625E-5", "label": "peri"}, {"label": "M", "value": "333.1522972257452", "title": "mean anomaly", "units": "deg", "sigma": "5.9998E-6", "name": "ma"}, {"label": "tp", "name": "tp", "sigma": "8.7388E-6", "units": "TDB", "title": "time of perihelion passage", "value": "2461239.548940745258"}, {"label": "period", "name": "per", "sigma": "7.961E-7", "units": "d", "title": "sidereal orbital period", "value": "523.6060152518279"}, {"label": "n", "title": "mean motion", "value": ".6875398477361997", "units": "deg/d", "name": "n", "sigma": "1.0453E-9"}, {"title": "aphelion distance", "value": "1.811031731071748", "units": "au", "sigma": "1.8357E-9", "name": "ad", "label": "Q"}], "epoch": "2461200.5"}