{"spkid": "20177049", "covariance": {"elements": [{"name": "e", "sigma": 1.85320733026303e-08, "title": "eccentricity", "value": ".6142707100908729", "units": null, "label": "e"}, {"label": "q", "value": ".5466485703605016", "title": "perihelion distance", "units": "au", "name": "q", "sigma": 2.672174489965e-08}, {"label": "tp", "value": "2457509.370455575885", "title": "time of perihelion passage", "units": "TDB", "name": "tp", "sigma": 2.93106664459128e-06}, {"title": "longitude of the ascending node", "value": "127.0402284951022", "units": "deg", "sigma": 0.000228558734681948, "name": "om", "label": "node"}, {"sigma": 0.000228567375438011, "name": "w", "value": "259.6706163005058", "title": "argument of perihelion", "units": "deg", "label": "peri"}, {"label": "i", "units": "deg", "title": "inclination", "value": ".6496047437004954", "name": "i", "sigma": 4.04169515262618e-06}], "data": [["3.434377408940626E-16", "-4.946103544555322E-16", "-2.768541216982874E-14", "1.100393177649972E-13", "-6.420739083709565E-14", "6.033529687083979E-16"], ["-4.946103544555322E-16", "7.140516504819697E-16", "4.286490691372497E-14", "-1.552886502026526E-13", "8.912817761526131E-14", "-8.672775919397861E-16"], ["-2.768541216982874E-14", "4.286490691372497E-14", "8.591151675035596E-12", "2.143703787686223E-12", "-4.921449420515566E-12", "-1.824907829965776E-13"], ["1.100393177649972E-13", "-1.552886502026526E-13", "2.143703787686223E-12", "5.223909519941296E-8", "-5.22373978482549E-8", "-4.070770283606716E-10"], ["-6.420739083709565E-14", "8.912817761526131E-14", "-4.921449420515566E-12", "-5.22373978482549E-8", "5.224304511462051E-8", "4.069037462109552E-10"], ["6.033529687083979E-16", "-8.672775919397861E-16", "-1.824907829965776E-13", "-4.070770283606716E-10", "4.069037462109552E-10", "1.633529970676195E-11"]], "labels": ["e", "q", "tp", "node", "peri", "i"], "epoch": "2457326.5"}, "elements": [{"label": "e", "units": null, "title": "eccentricity", "value": ".6141565794033405", "name": "e", "sigma": "1.8588E-8"}, {"name": "a", "sigma": "2.8787E-9", "units": "au", "title": "semi-major axis", "value": "1.41778175286834", "label": "a"}, {"title": "perihelion distance", "value": ".5470417611862483", "units": "au", "name": "q", "sigma": "2.6711E-8", "label": "q"}, {"label": "i", "sigma": "4.0345E-6", "name": "i", "value": ".6522847507989123", "title": "inclination; angle with respect to x-y ecliptic plane", "units": "deg"}, {"name": "om", "sigma": ".00022862", "units": "deg", "title": "longitude of the ascending node", "value": "127.2260144457072", "label": "node"}, {"label": "peri", "title": "argument of perihelion", "value": "259.4911882374448", "units": "deg", "sigma": ".00022863", "name": "w"}, {"label": "M", "sigma": "9.0845E-6", "name": "ma", "value": "355.4555543800197", "title": "mean anomaly", "units": "deg"}, {"name": "tp", "sigma": "1.5584E-5", "units": "TDB", "value": "2461208.283786422290", "title": "time of perihelion passage", "label": "tp"}, {"label": "period", "sigma": "1.878E-6", "name": "per", "units": "d", "title": "sidereal orbital period", "value": "616.6127502339162"}, {"label": "n", "units": "deg/d", "title": "mean motion", "value": ".5838348296616175", "sigma": "1.7781E-9", "name": "n"}, {"label": "Q", "sigma": "4.6466E-9", "name": "ad", "units": "au", "title": "aphelion distance", "value": "2.288521744550432"}], "epoch": "2461200.5"}