{"spkid": "20173561", "covariance": {"epoch": "2458515.5", "labels": ["e", "q", "tp", "node", "peri", "i"], "elements": [{"units": null, "title": "eccentricity", "value": ".3108128681728656", "name": "e", "sigma": 2.44772966310636e-08, "label": "e"}, {"label": "q", "value": ".9977343285851573", "title": "perihelion distance", "units": "au", "sigma": 3.56569593773449e-08, "name": "q"}, {"name": "tp", "sigma": 1.22917891585306e-05, "units": "TDB", "title": "time of perihelion passage", "value": "2458743.636295677255", "label": "tp"}, {"name": "om", "sigma": 5.84276438945035e-06, "title": "longitude of the ascending node", "value": "137.2455701203857", "units": "deg", "label": "node"}, {"sigma": 7.571236213533e-06, "name": "w", "units": "deg", "title": "argument of perihelion", "value": "211.3580416214195", "label": "peri"}, {"label": "i", "sigma": 4.62850791912278e-06, "name": "i", "units": "deg", "value": "28.00061157675576", "title": "inclination"}], "data": [["5.991380503650784E-16", "-8.716182528896684E-16", "-1.238742949140471E-13", "-9.520743337698028E-15", "-2.331599603077479E-14", "-1.531653906527734E-14"], ["-8.716182528896684E-16", "1.271418752037624E-15", "1.764290167243085E-13", "1.367880410132951E-14", "3.183831142837754E-14", "2.160867316687003E-14"], ["-1.238742949140471E-13", "1.764290167243085E-13", "1.510880807177702E-10", "1.359892959639139E-11", "6.085426088371868E-11", "2.556948711923797E-11"], ["-9.520743337698028E-15", "1.367880410132951E-14", "1.359892959639139E-11", "3.413789571062913E-11", "-2.413926792129794E-11", "-5.361054520646226E-12"], ["-2.331599603077479E-14", "3.183831142837754E-14", "6.085426088371868E-11", "-2.413926792129794E-11", "5.732361780111344E-11", "1.603306171902472E-11"], ["-1.531653906527734E-14", "2.160867316687003E-14", "2.556948711923797E-11", "-5.361054520646226E-12", "1.603306171902472E-11", "2.14230855573823E-11"]]}, "elements": [{"units": null, "value": ".3110772797638071", "title": "eccentricity", "sigma": "2.4514E-8", "name": "e", "label": "e"}, {"label": "a", "units": "au", "value": "1.448027544724027", "title": "semi-major axis", "name": "a", "sigma": "2.7156E-9"}, {"name": "q", "sigma": "3.5663E-8", "units": "au", "title": "perihelion distance", "value": ".9975790750882119", "label": "q"}, {"label": "i", "value": "28.0019383089354", "title": "inclination; angle with respect to x-y ecliptic plane", "units": "deg", "name": "i", "sigma": "4.6294E-6"}, {"label": "node", "name": "om", "sigma": "5.8415E-6", "units": "deg", "value": "137.217050276829", "title": "longitude of the ascending node"}, {"title": "argument of perihelion", "value": "211.368973610499", "units": "deg", "name": "w", "sigma": "7.5688E-6", "label": "peri"}, {"label": "M", "sigma": "7.2748E-6", "name": "ma", "units": "deg", "value": "309.7089137379294", "title": "mean anomaly"}, {"units": "TDB", "title": "time of perihelion passage", "value": "2461289.410320782990", "name": "tp", "sigma": "1.2951E-5", "label": "tp"}, {"sigma": "1.7904E-6", "name": "per", "value": "636.449077975403", "title": "sidereal orbital period", "units": "d", "label": "period"}, {"label": "n", "units": "deg/d", "title": "mean motion", "value": ".5656383400620041", "sigma": "1.5912E-9", "name": "n"}, {"label": "Q", "title": "aphelion distance", "value": "1.898476014359841", "units": "au", "sigma": "3.5603E-9", "name": "ad"}], "epoch": "2461200.5"}