{"spkid": "20189040", "covariance": {"labels": ["e", "q", "tp", "node", "peri", "i"], "elements": [{"units": null, "title": "eccentricity", "value": ".3825129332652372", "name": "e", "sigma": 3.42668097463326e-08, "label": "e"}, {"units": "au", "title": "perihelion distance", "value": ".8478415500317067", "sigma": 4.77790797227827e-08, "name": "q", "label": "q"}, {"label": "tp", "title": "time of perihelion passage", "value": "2458700.089347364071", "units": "TDB", "sigma": 7.38857699493571e-06, "name": "tp"}, {"label": "node", "name": "om", "sigma": 1.16475202472619e-05, "units": "deg", "title": "longitude of the ascending node", "value": "130.0891110961039"}, {"label": "peri", "title": "argument of perihelion", "value": "63.65697271922832", "units": "deg", "name": "w", "sigma": 1.13959514251928e-05}, {"name": "i", "sigma": 4.80597224945218e-06, "units": "deg", "title": "inclination", "value": "13.09346788242714", "label": "i"}], "data": [["1.174214250191355E-15", "-1.636982863782734E-15", "-1.375937004364541E-13", "-1.239864967649516E-13", "7.853189474080205E-14", "-1.524287515546336E-14"], ["-1.636982863782734E-15", "2.282840459156024E-15", "1.910216974400558E-13", "1.72693865106767E-13", "-1.100296692383269E-13", "2.123373241006285E-14"], ["-1.375937004364541E-13", "1.910216974400558E-13", "5.459107001009328E-11", "2.268664914934039E-11", "1.357866112016218E-11", "3.897894752540283E-12"], ["-1.239864967649516E-13", "1.72693865106767E-13", "2.268664914934039E-11", "1.356647279103769E-10", "-1.166343315070282E-10", "-1.857614054181684E-11"], ["7.853189474080205E-14", "-1.100296692383269E-13", "1.357866112016218E-11", "-1.166343315070282E-10", "1.298677088853547E-10", "2.076656057225919E-11"], ["-1.524287515546336E-14", "2.123373241006285E-14", "3.897894752540283E-12", "-1.857614054181684E-11", "2.076656057225919E-11", "2.309736926250443E-11"]], "epoch": "2458490.5"}, "elements": [{"name": "e", "sigma": "3.4299E-8", "title": "eccentricity", "value": ".3823924641113154", "units": null, "label": "e"}, {"units": "au", "title": "semi-major axis", "value": "1.372548224397561", "name": "a", "sigma": "1.7503E-9", "label": "a"}, {"label": "q", "title": "perihelion distance", "value": ".847696126758567", "units": "au", "name": "q", "sigma": "4.7798E-8"}, {"label": "i", "units": "deg", "title": "inclination; angle with respect to x-y ecliptic plane", "value": "13.09353745575759", "sigma": "4.8048E-6", "name": "i"}, {"units": "deg", "value": "130.0296746147371", "title": "longitude of the ascending node", "name": "om", "sigma": "1.1651E-5", "label": "node"}, {"value": "63.76492455691572", "title": "argument of perihelion", "units": "deg", "sigma": "1.1405E-5", "name": "w", "label": "peri"}, {"label": "M", "sigma": "5.9006E-6", "name": "ma", "units": "deg", "value": "92.51159499899359", "title": "mean anomaly"}, {"label": "tp", "name": "tp", "sigma": "9.446E-6", "value": "2461049.567240165276", "title": "time of perihelion passage", "units": "TDB"}, {"sigma": "1.1235E-6", "name": "per", "value": "587.3403603201502", "title": "sidereal orbital period", "units": "d", "label": "period"}, {"label": "n", "value": ".6129325078286285", "title": "mean motion", "units": "deg/d", "sigma": "1.1724E-9", "name": "n"}, {"label": "Q", "title": "aphelion distance", "value": "1.897400322036555", "units": "au", "sigma": "2.4196E-9", "name": "ad"}], "epoch": "2461200.5"}