{"spkid": "20199145", "covariance": {"epoch": "2458740.5", "elements": [{"label": "e", "sigma": 2.11576452558894e-08, "name": "e", "title": "eccentricity", "value": ".7316696115285043", "units": null}, {"label": "q", "name": "q", "sigma": 3.5069387746395e-08, "units": "au", "title": "perihelion distance", "value": ".4426131343472775"}, {"value": "2458490.510188896435", "title": "time of perihelion passage", "units": "TDB", "sigma": 4.14124717953461e-06, "name": "tp", "label": "tp"}, {"value": "300.320894475982", "title": "longitude of the ascending node", "units": "deg", "name": "om", "sigma": 3.12876367660396e-05, "label": "node"}, {"sigma": 3.14429168915315e-05, "name": "w", "units": "deg", "title": "argument of perihelion", "value": "314.7690349805086", "label": "peri"}, {"label": "i", "sigma": 3.91233653020012e-06, "name": "i", "units": "deg", "value": "3.771075755802691", "title": "inclination"}], "data": [["4.476459527740586E-16", "-7.417992704498669E-16", "-2.260668543572732E-15", "-1.01878849720315E-13", "1.636981111943356E-13", "7.871376875443631E-15"], ["-7.417992704498669E-16", "1.229861956906999E-15", "6.134079709348806E-16", "1.693287931337121E-13", "-2.720433326889866E-13", "-1.284301984081802E-14"], ["-2.260668543572732E-15", "6.134079709348806E-16", "1.714992820200336E-11", "6.801832652101083E-12", "-6.390250968401997E-12", "-1.083952741267166E-12"], ["-1.01878849720315E-13", "1.693287931337121E-13", "6.801832652101083E-12", "9.789162144036356E-10", "-9.785944594481297E-10", "9.199206275064596E-11"], ["1.636981111943356E-13", "-2.720433326889866E-13", "-6.390250968401997E-12", "-9.785944594481297E-10", "9.886570226477546E-10", "-9.11594366129502E-11"], ["7.871376875443631E-15", "-1.284301984081802E-14", "-1.083952741267166E-12", "9.199206275064596E-11", "-9.11594366129502E-11", "1.530637712553834E-11"]], "labels": ["e", "q", "tp", "node", "peri", "i"]}, "elements": [{"title": "eccentricity", "value": ".7321107154072822", "units": null, "sigma": "2.1212E-8", "name": "e", "label": "e"}, {"title": "semi-major axis", "value": "1.648720703373885", "units": "au", "name": "a", "sigma": "3.4123E-9", "label": "a"}, {"name": "q", "sigma": "3.4945E-8", "title": "perihelion distance", "value": ".4416746097200325", "units": "au", "label": "q"}, {"name": "i", "sigma": "3.9197E-6", "title": "inclination; angle with respect to x-y ecliptic plane", "value": "3.771642876182899", "units": "deg", "label": "i"}, {"label": "node", "name": "om", "sigma": "3.1338E-5", "units": "deg", "title": "longitude of the ascending node", "value": "299.9485534143308"}, {"label": "peri", "name": "w", "sigma": "3.148E-5", "units": "deg", "title": "argument of perihelion", "value": "315.1926982177442"}, {"value": "180.8347258339215", "title": "mean anomaly", "units": "deg", "name": "ma", "sigma": "1.9908E-6", "label": "M"}, {"title": "time of perihelion passage", "value": "2461585.331312395044", "units": "TDB", "name": "tp", "sigma": "5.4119E-6", "label": "tp"}, {"name": "per", "sigma": "2.4006E-6", "units": "d", "value": "773.2484607134066", "title": "sidereal orbital period", "label": "period"}, {"label": "n", "sigma": "1.4454E-9", "name": "n", "value": ".4655683370748135", "title": "mean motion", "units": "deg/d"}, {"label": "Q", "value": "2.855766797027738", "title": "aphelion distance", "units": "au", "sigma": "5.9105E-9", "name": "ad"}], "epoch": "2461200.5"}