{"spkid": "20194006", "covariance": {"data": [["4.563268430137526E-16", "-6.743849606931247E-16", "-1.774295928758516E-13", "-3.167245416230581E-15", "-8.041363554228387E-14", "2.101102131197216E-15"], ["-6.743849606931247E-16", "9.96941115944765E-16", "2.70783078712356E-13", "3.612253777340417E-15", "1.23885314060081E-13", "-3.21350744334476E-15"], ["-1.774295928758516E-13", "2.70783078712356E-13", "4.742580930222392E-10", "-8.367834256978733E-11", "3.230783742273597E-10", "-1.090609893185331E-11"], ["-3.167245416230581E-15", "3.612253777340417E-15", "-8.367834256978733E-11", "4.168331603700015E-10", "-4.589936849681932E-10", "1.280319329778741E-11"], ["-8.041363554228387E-14", "1.23885314060081E-13", "3.230783742273597E-10", "-4.589936849681932E-10", "6.262949197730945E-10", "-1.846321438607552E-11"], ["2.101102131197216E-15", "-3.21350744334476E-15", "-1.090609893185331E-11", "1.280319329778741E-11", "-1.846321438607552E-11", "2.277760338212796E-11"]], "elements": [{"label": "e", "value": ".4241802948261211", "title": "eccentricity", "units": null, "name": "e", "sigma": 2.13618080464588e-08}, {"label": "q", "value": ".834148442111033", "title": "perihelion distance", "units": "au", "name": "q", "sigma": 3.15743743555556e-08}, {"label": "tp", "value": "2457849.973802218372", "title": "time of perihelion passage", "units": "TDB", "name": "tp", "sigma": 2.17774675530062e-05}, {"title": "longitude of the ascending node", "value": "184.9858301421197", "units": "deg", "sigma": 2.04164923620587e-05, "name": "om", "label": "node"}, {"name": "w", "sigma": 2.50258849948028e-05, "units": "deg", "title": "argument of perihelion", "value": "101.5774692525692", "label": "peri"}, {"label": "i", "units": "deg", "title": "inclination", "value": "4.257139295723193", "sigma": 4.77258875057635e-06, "name": "i"}], "labels": ["e", "q", "tp", "node", "peri", "i"], "epoch": "2457940.5"}, "elements": [{"label": "e", "name": "e", "sigma": "2.1446E-8", "value": ".4245451062720764", "title": "eccentricity", "units": null}, {"label": "a", "title": "semi-major axis", "value": "1.44850136782225", "units": "au", "sigma": "9.7824E-10", "name": "a"}, {"name": "q", "sigma": "3.1546E-8", "title": "perihelion distance", "value": ".8335472006849048", "units": "au", "label": "q"}, {"label": "i", "name": "i", "sigma": "4.7714E-6", "title": "inclination; angle with respect to x-y ecliptic plane", "value": "4.256988940384892", "units": "deg"}, {"units": "deg", "title": "longitude of the ascending node", "value": "184.890124595625", "sigma": "2.0422E-5", "name": "om", "label": "node"}, {"label": "peri", "name": "w", "sigma": "2.5026E-5", "units": "deg", "title": "argument of perihelion", "value": "101.6718775167722"}, {"sigma": "1.4232E-5", "name": "ma", "title": "mean anomaly", "value": "93.96195203780235", "units": "deg", "label": "M"}, {"name": "tp", "sigma": "2.5074E-5", "value": "2461034.301797984971", "title": "time of perihelion passage", "units": "TDB", "label": "tp"}, {"label": "period", "units": "d", "value": "636.7614915166877", "title": "sidereal orbital period", "sigma": "6.4505E-7", "name": "per"}, {"label": "n", "units": "deg/d", "value": ".5653608215888247", "title": "mean motion", "sigma": "5.7272E-10", "name": "n"}, {"label": "Q", "value": "2.063455534959595", "title": "aphelion distance", "units": "au", "name": "ad", "sigma": "1.3935E-9"}], "epoch": "2461200.5"}