{"spkid": "20200840", "covariance": {"labels": ["e", "q", "tp", "node", "peri", "i"], "elements": [{"value": ".5581477412834435", "title": "eccentricity", "units": null, "name": "e", "sigma": 1.57237178157185e-08, "label": "e"}, {"sigma": 3.61680720092639e-08, "name": "q", "units": "au", "value": "1.027231475540375", "title": "perihelion distance", "label": "q"}, {"sigma": 4.00861194595792e-05, "name": "tp", "units": "TDB", "title": "time of perihelion passage", "value": "2457537.449130562993", "label": "tp"}, {"label": "node", "value": "264.5717167758646", "title": "longitude of the ascending node", "units": "deg", "sigma": 8.31160787780606e-05, "name": "om"}, {"label": "peri", "sigma": 8.42072471594423e-05, "name": "w", "units": "deg", "value": "278.2083088200797", "title": "argument of perihelion"}, {"sigma": 2.99037730304714e-06, "name": "i", "value": "1.940061261347142", "title": "inclination", "units": "deg", "label": "i"}], "data": [["2.47235301948344E-16", "-5.664254453642472E-16", "1.39801888040515E-13", "-8.579787327742989E-14", "1.282640330531951E-13", "-1.674890225290388E-15"], ["-5.664254453642472E-16", "1.308129432867296E-15", "-2.024048753156685E-13", "1.869373036720327E-13", "-2.631745423731244E-13", "4.01540791868219E-15"], ["1.39801888040515E-13", "-2.024048753156685E-13", "1.606896973327652E-9", "-1.947979265289484E-10", "5.410644577713071E-10", "7.950400615878995E-12"], ["-8.579787327742989E-14", "1.869373036720327E-13", "-1.947979265289484E-10", "6.90828255144078E-9", "-6.955591566727448E-9", "-4.270384626686851E-11"], ["1.282640330531951E-13", "-2.631745423731244E-13", "5.410644577713071E-10", "-6.955591566727448E-9", "7.090860474171403E-9", "4.452919197422943E-11"], ["-1.674890225290388E-15", "4.01540791868219E-15", "7.950400615878995E-12", "-4.270384626686851E-11", "4.452919197422943E-11", "8.9423564145795E-12"]], "epoch": "2456999.5"}, "elements": [{"sigma": "1.5517E-8", "name": "e", "units": null, "value": ".5611728363177627", "title": "eccentricity", "label": "e"}, {"sigma": "7.4456E-9", "name": "a", "units": "au", "title": "semi-major axis", "value": "2.320249755637337", "label": "a"}, {"sigma": "3.5655E-8", "name": "q", "units": "au", "title": "perihelion distance", "value": "1.018188619300737", "label": "q"}, {"value": "1.942988725829591", "title": "inclination; angle with respect to x-y ecliptic plane", "units": "deg", "name": "i", "sigma": "2.9966E-6", "label": "i"}, {"label": "node", "sigma": "8.3153E-5", "name": "om", "title": "longitude of the ascending node", "value": "264.0501161877705", "units": "deg"}, {"title": "argument of perihelion", "value": "278.7254407512582", "units": "deg", "name": "w", "sigma": "8.4219E-5", "label": "peri"}, {"name": "ma", "sigma": "1.5776E-5", "title": "mean anomaly", "value": "299.6409093070652", "units": "deg", "label": "M"}, {"sigma": "5.7601E-5", "name": "tp", "units": "TDB", "title": "time of perihelion passage", "value": "2461416.941591194633", "label": "tp"}, {"title": "sidereal orbital period", "value": "1290.923569847428", "units": "d", "name": "per", "sigma": "6.2138E-6", "label": "period"}, {"label": "n", "sigma": "1.3423E-9", "name": "n", "units": "deg/d", "title": "mean motion", "value": ".2788701116074191"}, {"name": "ad", "sigma": "1.1624E-8", "units": "au", "title": "aphelion distance", "value": "3.622310891973937", "label": "Q"}], "epoch": "2461200.5"}