{"spkid": "20217430", "covariance": {"epoch": "2458874.5", "data": [["4.46041027948669E-16", "-5.502168642651532E-16", "2.61334728152762E-15", "-2.735023612839833E-14", "1.642538837638714E-14", "4.569395543520167E-15"], ["-5.502168642651532E-16", "6.795507915497846E-16", "-3.7504081549509E-15", "3.388448176441545E-14", "-2.06392869258126E-14", "-5.367418207715128E-15"], ["2.61334728152762E-15", "-3.7504081549509E-15", "9.187210558248891E-11", "-1.774750075136859E-11", "7.395841525552945E-11", "4.81798378960866E-13"], ["-2.735023612839833E-14", "3.388448176441545E-14", "-1.774750075136859E-11", "1.052520852775866E-10", "-1.111484915174823E-10", "-8.502059463001994E-12"], ["1.642538837638714E-14", "-2.06392869258126E-14", "7.395841525552945E-11", "-1.111484915174823E-10", "1.558682459992209E-10", "8.595820493049842E-12"], ["4.569395543520167E-15", "-5.367418207715128E-15", "4.81798378960866E-13", "-8.502059463001994E-12", "8.595820493049842E-12", "1.250349593733206E-11"]], "elements": [{"label": "e", "units": null, "title": "eccentricity", "value": ".2705227526988345", "sigma": 2.11196834244424e-08, "name": "e"}, {"label": "q", "value": ".8972893733878636", "title": "perihelion distance", "units": "au", "sigma": 2.60681950190224e-08, "name": "q"}, {"sigma": 9.58499377060251e-06, "name": "tp", "title": "time of perihelion passage", "value": "2458938.071156079454", "units": "TDB", "label": "tp"}, {"label": "node", "units": "deg", "value": "168.3144798568397", "title": "longitude of the ascending node", "sigma": 1.02592438940492e-05, "name": "om"}, {"name": "w", "sigma": 1.24847205014458e-05, "value": "45.14699596489108", "title": "argument of perihelion", "units": "deg", "label": "peri"}, {"sigma": 3.53602827156855e-06, "name": "i", "title": "inclination", "value": "13.00929929045771", "units": "deg", "label": "i"}], "labels": ["e", "q", "tp", "node", "peri", "i"]}, "elements": [{"sigma": "2.1088E-8", "name": "e", "units": null, "title": "eccentricity", "value": ".2705818399551121", "label": "e"}, {"label": "a", "name": "a", "sigma": "1.2849E-9", "title": "semi-major axis", "value": "1.230030641180046", "units": "au"}, {"units": "au", "value": ".8972066870883831", "title": "perihelion distance", "name": "q", "sigma": "2.6081E-8", "label": "q"}, {"label": "i", "sigma": "3.5355E-6", "name": "i", "title": "inclination; angle with respect to x-y ecliptic plane", "value": "13.01127234061516", "units": "deg"}, {"label": "node", "name": "om", "sigma": "1.0257E-5", "value": "168.260244947379", "title": "longitude of the ascending node", "units": "deg"}, {"sigma": "1.2495E-5", "name": "w", "value": "45.21106040447392", "title": "argument of perihelion", "units": "deg", "label": "peri"}, {"title": "mean anomaly", "value": "194.6423913282013", "units": "deg", "sigma": "7.1431E-6", "name": "ma", "label": "M"}, {"name": "tp", "sigma": "9.9889E-6", "units": "TDB", "title": "time of perihelion passage", "value": "2461429.372706094612", "label": "tp"}, {"units": "d", "title": "sidereal orbital period", "value": "498.2786994555292", "name": "per", "sigma": "7.8077E-7", "label": "period"}, {"units": "deg/d", "value": ".7224872353431386", "title": "mean motion", "name": "n", "sigma": "1.1321E-9", "label": "n"}, {"name": "ad", "sigma": "1.6326E-9", "units": "au", "value": "1.562854595271709", "title": "aphelion distance", "label": "Q"}], "epoch": "2461200.5"}