{"spkid": "20215588", "covariance": {"epoch": "2457914.5", "elements": [{"name": "e", "sigma": 1.42754938452355e-08, "title": "eccentricity", "value": ".6754586838509606", "units": null, "label": "e"}, {"label": "q", "units": "au", "title": "perihelion distance", "value": ".3614902565963227", "sigma": 1.56597740565466e-08, "name": "q"}, {"label": "tp", "units": "TDB", "title": "time of perihelion passage", "value": "2457791.144938271481", "sigma": 8.25466057580054e-07, "name": "tp"}, {"name": "om", "sigma": 6.26098521086869e-05, "title": "longitude of the ascending node", "value": "189.9748614187175", "units": "deg", "label": "node"}, {"units": "deg", "value": "230.9346312083256", "title": "argument of perihelion", "sigma": 6.29039049256715e-05, "name": "w", "label": "peri"}, {"label": "i", "sigma": 3.29394598668722e-06, "name": "i", "title": "inclination", "value": "3.05659084290713", "units": "deg"}], "data": [["2.037897245253564E-16", "-2.233856702568462E-16", "1.062783046661173E-14", "9.705137302505527E-14", "-1.159127474882982E-13", "-2.154622418876951E-15"], ["-2.233856702568462E-16", "2.452285235020885E-16", "-1.15993358872315E-14", "-1.136926174145964E-13", "1.34446815412989E-13", "1.651197282208648E-15"], ["1.062783046661173E-14", "-1.15993358872315E-14", "6.813942122167573E-13", "-1.687747248675354E-11", "1.594664483526184E-11", "-5.966953840639185E-13"], ["9.705137302505527E-14", "-1.136926174145964E-13", "-1.687747248675354E-11", "3.919993581071646E-9", "-3.937557883393109E-9", "6.642969279493329E-11"], ["-1.159127474882982E-13", "1.34446815412989E-13", "1.594664483526184E-11", "-3.937557883393109E-9", "3.956901254897924E-9", "-6.653622107430273E-11"], ["-2.154622418876951E-15", "1.651197282208648E-15", "-5.966953840639185E-13", "6.642969279493329E-11", "-6.653622107430273E-11", "1.085008016321282E-11"]], "labels": ["e", "q", "tp", "node", "peri", "i"]}, "elements": [{"name": "e", "sigma": "1.4274E-8", "value": ".6754402552790715", "title": "eccentricity", "units": null, "label": "e"}, {"units": "au", "value": "1.11390993500971", "title": "semi-major axis", "name": "a", "sigma": "1.93E-9", "label": "a"}, {"label": "q", "name": "q", "sigma": "1.5688E-8", "value": ".3615303241488574", "title": "perihelion distance", "units": "au"}, {"label": "i", "value": "3.053945512596087", "title": "inclination; angle with respect to x-y ecliptic plane", "units": "deg", "name": "i", "sigma": "3.2927E-6"}, {"name": "om", "sigma": "6.2735E-5", "units": "deg", "value": "189.8443762011107", "title": "longitude of the ascending node", "label": "node"}, {"name": "w", "sigma": "6.3032E-5", "value": "231.0794419296812", "title": "argument of perihelion", "units": "deg", "label": "peri"}, {"units": "deg", "value": "338.3268949689981", "title": "mean anomaly", "name": "ma", "sigma": "7.9052E-6", "label": "M"}, {"name": "tp", "sigma": "9.4963E-6", "value": "2461226.351882773892", "title": "time of perihelion passage", "units": "TDB", "label": "tp"}, {"label": "period", "name": "per", "sigma": "1.116E-6", "title": "sidereal orbital period", "value": "429.4113734644112", "units": "d"}, {"name": "n", "sigma": "2.1788E-9", "units": "deg/d", "value": ".8383569282191733", "title": "mean motion", "label": "n"}, {"label": "Q", "name": "ad", "sigma": "3.2336E-9", "units": "au", "title": "aphelion distance", "value": "1.866289545870562"}], "epoch": "2461200.5"}