{"spkid": "20216985", "covariance": {"epoch": "2457291.5", "elements": [{"label": "e", "sigma": 3.7035461968156e-08, "name": "e", "value": ".2617141765362681", "title": "eccentricity", "units": null}, {"name": "q", "sigma": 4.47586870145272e-08, "units": "au", "value": ".8715858790089006", "title": "perihelion distance", "label": "q"}, {"label": "tp", "units": "TDB", "value": "2457323.248566944442", "title": "time of perihelion passage", "sigma": 3.63498810641131e-05, "name": "tp"}, {"label": "node", "title": "longitude of the ascending node", "value": "173.9273284189665", "units": "deg", "name": "om", "sigma": 4.01989500618302e-05}, {"name": "w", "sigma": 4.80819218750047e-05, "title": "argument of perihelion", "value": "66.31564051701203", "units": "deg", "label": "peri"}, {"name": "i", "sigma": 4.28637449251757e-06, "units": "deg", "value": "4.722586173198829", "title": "inclination", "label": "i"}], "data": [["1.371625443194728E-15", "-1.653066526397598E-15", "-3.079335438534389E-13", "-2.650291469859301E-14", "-1.714979471731849E-13", "-4.053798023751918E-16", "-2.839803378789474E-23"], ["-1.653066526397598E-15", "2.003340063264405E-15", "3.992040172298894E-13", "2.618246421116705E-14", "2.38582493035124E-13", "1.198316146799334E-15", "8.25870725645289E-23"], ["-3.079335438534389E-13", "3.992040172298894E-13", "1.321313853375165E-9", "-1.459759088849947E-10", "9.588351340073617E-10", "8.104209409446361E-12", "1.890401395991459E-20"], ["-2.650291469859301E-14", "2.618246421116705E-14", "-1.459759088849947E-10", "1.615955586073516E-9", "-1.704924631416884E-9", "-4.395375717364642E-11", "-2.53806010633423E-20"], ["-1.714979471731849E-13", "2.38582493035124E-13", "9.588351340073617E-10", "-1.704924631416884E-9", "2.311871211194056E-9", "4.938687736745023E-11", "8.351944561297582E-20"], ["-4.053798023751918E-16", "1.198316146799334E-15", "8.104209409446361E-12", "-4.395375717364642E-11", "4.938687736745023E-11", "1.837300629010522E-11", "1.39554688964887E-21"], ["-2.839803378789474E-23", "8.25870725645289E-23", "1.890401395991459E-20", "-2.53806010633423E-20", "8.351944561297582E-20", "1.39554688964887E-21", "2.310310357635844E-28"]], "labels": ["e", "q", "tp", "node", "peri", "i", "A2"]}, "elements": [{"units": null, "title": "eccentricity", "value": ".2618719999287679", "sigma": "3.7007E-8", "name": "e", "label": "e"}, {"units": "au", "value": "1.180551255504687", "title": "semi-major axis", "name": "a", "sigma": "1.1443E-8", "label": "a"}, {"sigma": "4.5594E-8", "name": "q", "value": ".8713979372072569", "title": "perihelion distance", "units": "au", "label": "q"}, {"label": "i", "value": "4.719530468472939", "title": "inclination; angle with respect to x-y ecliptic plane", "units": "deg", "name": "i", "sigma": "4.2917E-6"}, {"label": "node", "name": "om", "sigma": "4.0169E-5", "units": "deg", "value": "173.7937258768449", "title": "longitude of the ascending node"}, {"units": "deg", "title": "argument of perihelion", "value": "66.41640052442584", "sigma": "4.8131E-5", "name": "w", "label": "peri"}, {"label": "M", "units": "deg", "value": "99.15187854019064", "title": "mean anomaly", "sigma": "4.4379E-5", "name": "ma"}, {"label": "tp", "title": "time of perihelion passage", "value": "2461071.460062504841", "units": "TDB", "name": "tp", "sigma": "5.6353E-5"}, {"label": "period", "name": "per", "sigma": "6.812E-6", "title": "sidereal orbital period", "value": "468.517371351943", "units": "d"}, {"value": ".7683813280203298", "title": "mean motion", "units": "deg/d", "sigma": "1.1172E-8", "name": "n", "label": "n"}, {"label": "Q", "name": "ad", "sigma": "1.444E-8", "units": "au", "value": "1.489704573802118", "title": "aphelion distance"}], "epoch": "2461200.5"}