{"spkid": "20221980", "covariance": {"epoch": "2458994.5", "labels": ["e", "q", "tp", "node", "peri", "i"], "elements": [{"sigma": 7.99278993058139e-08, "name": "e", "units": null, "value": ".4005952660487563", "title": "eccentricity", "label": "e"}, {"name": "q", "sigma": 1.07519742547674e-07, "units": "au", "value": ".804110221105632", "title": "perihelion distance", "label": "q"}, {"sigma": 2.97457664825615e-05, "name": "tp", "units": "TDB", "value": "2459128.893437898627", "title": "time of perihelion passage", "label": "tp"}, {"label": "node", "sigma": 1.26031882656409e-05, "name": "om", "title": "longitude of the ascending node", "value": "356.4814148054418", "units": "deg"}, {"name": "w", "sigma": 2.29374195686561e-05, "value": "64.69637498092992", "title": "argument of perihelion", "units": "deg", "label": "peri"}, {"label": "i", "value": "21.59091495219047", "title": "inclination", "units": "deg", "name": "i", "sigma": 1.74232466391247e-05}], "data": [["6.388469087440331E-15", "-8.593182207031468E-15", "-5.357967448264866E-13", "1.746190342064549E-13", "-9.348545358665998E-13", "5.296387277586118E-13"], ["-8.593182207031468E-15", "1.156049503751804E-14", "7.30527794381199E-13", "-2.361884822639777E-13", "1.26222519404419E-12", "-7.147368601434427E-13"], ["-5.357967448264866E-13", "7.30527794381199E-13", "8.848106236350802E-10", "-7.561475652172864E-11", "5.34295673834747E-10", "-1.390348073426709E-10"], ["1.746190342064549E-13", "-2.361884822639777E-13", "-7.561475652172864E-11", "1.588403544591886E-10", "-1.927231115789217E-10", "3.936153637871511E-11"], ["-9.348545358665998E-13", "1.26222519404419E-12", "5.34295673834747E-10", "-1.927231115789217E-10", "5.261252164685662E-10", "-1.430434591764182E-10"], ["5.296387277586118E-13", "-7.147368601434427E-13", "-1.390348073426709E-10", "3.936153637871511E-11", "-1.430434591764182E-10", "3.035695234477698E-10"]]}, "elements": [{"label": "e", "title": "eccentricity", "value": ".4006907444802866", "units": null, "name": "e", "sigma": "7.9887E-8"}, {"label": "a", "sigma": "2.1865E-9", "name": "a", "units": "au", "value": "1.34165793190412", "title": "semi-major axis"}, {"units": "au", "value": ".8040680163315764", "title": "perihelion distance", "name": "q", "sigma": "1.0763E-7", "label": "q"}, {"label": "i", "units": "deg", "title": "inclination; angle with respect to x-y ecliptic plane", "value": "21.5898131651474", "name": "i", "sigma": "1.7423E-5"}, {"units": "deg", "value": "356.4531223912606", "title": "longitude of the ascending node", "name": "om", "sigma": "1.2606E-5", "label": "node"}, {"title": "argument of perihelion", "value": "64.70291362733562", "units": "deg", "sigma": "2.294E-5", "name": "w", "label": "peri"}, {"name": "ma", "sigma": "1.9703E-5", "value": "234.0716370414301", "title": "mean anomaly", "units": "deg", "label": "M"}, {"label": "tp", "sigma": "3.1207E-5", "name": "tp", "units": "TDB", "value": "2461399.055621632374", "title": "time of perihelion passage"}, {"title": "sidereal orbital period", "value": "567.6244978358949", "units": "d", "name": "per", "sigma": "1.3876E-6", "label": "period"}, {"label": "n", "title": "mean motion", "value": ".6342220981873109", "units": "deg/d", "name": "n", "sigma": "1.5504E-9"}, {"label": "Q", "name": "ad", "sigma": "3.0626E-9", "value": "1.879247847476664", "title": "aphelion distance", "units": "au"}], "epoch": "2461200.5"}