{"spkid": "20242216", "covariance": {"epoch": "2458315.5", "elements": [{"units": null, "value": ".5411025610229298", "title": "eccentricity", "name": "e", "sigma": 9.34973548177009e-09, "label": "e"}, {"units": "au", "value": "1.023692731090775", "title": "perihelion distance", "name": "q", "sigma": 2.05308373495428e-08, "label": "q"}, {"name": "tp", "sigma": 4.61870543426959e-06, "value": "2457730.572846686562", "title": "time of perihelion passage", "units": "TDB", "label": "tp"}, {"sigma": 2.92337277698128e-07, "name": "om", "units": "deg", "title": "longitude of the ascending node", "value": "267.2036870350283", "label": "node"}, {"label": "peri", "units": "deg", "title": "argument of perihelion", "value": "4.58586644444544", "sigma": 4.13993035281081e-07, "name": "w"}, {"sigma": 2.56020651329113e-07, "name": "i", "units": "deg", "value": "39.64434452749197", "title": "inclination", "label": "i"}], "data": [["8.741755357907064E-17", "-1.917789559460113E-16", "-3.422027691336866E-14", "1.211707642860109E-15", "-2.260976409515695E-16", "1.051619665517704E-15"], ["-1.917789559460113E-16", "4.215152822733816E-16", "7.368415935413573E-14", "-2.589516373580994E-15", "2.864778203163548E-16", "-2.27928754786739E-15"], ["-3.422027691336866E-14", "7.368415935413573E-14", "2.13324398885514E-11", "-2.779581393113454E-13", "1.051646000627589E-12", "-1.2552861360562E-13"], ["1.211707642860109E-15", "-2.589516373580994E-15", "-2.779581393113454E-13", "8.546108393195251E-14", "-2.010014986256388E-14", "6.698160752112769E-14"], ["-2.260976409515695E-16", "2.864778203163548E-16", "1.051646000627589E-12", "-2.010014986256388E-14", "1.713902332612428E-13", "-6.256480579964985E-15"], ["1.051619665517704E-15", "-2.27928754786739E-15", "-1.2552861360562E-13", "6.698160752112769E-14", "-6.256480579964985E-15", "6.554657390698333E-14"]], "labels": ["e", "q", "tp", "node", "peri", "i"]}, "elements": [{"label": "e", "units": null, "value": ".5419750837999958", "title": "eccentricity", "name": "e", "sigma": "9.4514E-9"}, {"label": "a", "value": "2.230188590630848", "title": "semi-major axis", "units": "au", "name": "a", "sigma": "2.116E-9"}, {"name": "q", "sigma": "2.0812E-8", "units": "au", "title": "perihelion distance", "value": "1.021481942333899", "label": "q"}, {"label": "i", "units": "deg", "title": "inclination; angle with respect to x-y ecliptic plane", "value": "39.65677037370256", "name": "i", "sigma": "2.5834E-7"}, {"label": "node", "value": "267.1248451821052", "title": "longitude of the ascending node", "units": "deg", "name": "om", "sigma": "2.9186E-7"}, {"label": "peri", "sigma": "4.0979E-7", "name": "w", "units": "deg", "value": "5.014083905523096", "title": "argument of perihelion"}, {"label": "M", "value": "305.533995772274", "title": "mean anomaly", "units": "deg", "sigma": "1.2455E-6", "name": "ma"}, {"label": "tp", "sigma": "4.3532E-6", "name": "tp", "value": "2461384.549154236765", "title": "time of perihelion passage", "units": "TDB"}, {"name": "per", "sigma": "1.7313E-6", "units": "d", "title": "sidereal orbital period", "value": "1216.496353362135", "label": "period"}, {"label": "n", "units": "deg/d", "title": "mean motion", "value": ".2959318365443818", "name": "n", "sigma": "4.2116E-10"}, {"label": "Q", "title": "aphelion distance", "value": "3.438895238927796", "units": "au", "name": "ad", "sigma": "3.2628E-9"}], "epoch": "2461200.5"}