{"spkid": "20250706", "covariance": {"epoch": "2456678.5", "elements": [{"name": "e", "sigma": 2.4082384349711e-08, "title": "eccentricity", "value": ".6957837402013445", "units": null, "label": "e"}, {"units": "au", "value": ".9050158489322494", "title": "perihelion distance", "sigma": 7.15858798951602e-08, "name": "q", "label": "q"}, {"label": "tp", "value": "2457397.770396588188", "title": "time of perihelion passage", "units": "TDB", "sigma": 9.84234056512689e-06, "name": "tp"}, {"units": "deg", "value": "28.16478317077398", "title": "longitude of the ascending node", "name": "om", "sigma": 4.96332090180487e-05, "label": "node"}, {"label": "peri", "sigma": 5.00894751694116e-05, "name": "w", "units": "deg", "title": "argument of perihelion", "value": "58.96017003503842"}, {"label": "i", "units": "deg", "value": "6.952125655146545", "title": "inclination", "sigma": 7.06587465077957e-06, "name": "i"}], "data": [["5.799612359672068E-16", "-1.722167530028868E-15", "5.857094365558646E-14", "-5.754383653392819E-17", "4.174458470901085E-14", "-2.353829052320923E-14"], ["-1.722167530028868E-15", "5.124538200364304E-15", "-1.624284977766129E-13", "-3.670603888540981E-16", "-1.222272292323173E-13", "7.163100036170005E-14"], ["5.857094365558646E-14", "-1.624284977766129E-13", "9.687166779994222E-11", "-4.583581142019563E-11", "9.824513943855494E-11", "9.010224119673208E-12"], ["-5.754383653392819E-17", "-3.670603888540981E-16", "-4.583581142019563E-11", "2.463455437429315E-9", "-2.46017985641072E-9", "-2.029870552715423E-10"], ["4.174458470901085E-14", "-1.222272292323173E-13", "9.824513943855494E-11", "-2.46017985641072E-9", "2.508955522747098E-9", "2.007013249310096E-10"], ["-2.353829052320923E-14", "7.163100036170005E-14", "9.010224119673208E-12", "-2.029870552715423E-10", "2.007013249310096E-10", "4.992658458052931E-11"]], "labels": ["e", "q", "tp", "node", "peri", "i"]}, "elements": [{"label": "e", "name": "e", "sigma": "2.3754E-8", "value": ".7010867775418111", "title": "eccentricity", "units": null}, {"units": "au", "value": "2.955505107476474", "title": "semi-major axis", "sigma": "1.1457E-8", "name": "a", "label": "a"}, {"label": "q", "name": "q", "sigma": "7.0198E-8", "value": ".8834395556674285", "title": "perihelion distance", "units": "au"}, {"name": "i", "sigma": "7.0901E-6", "units": "deg", "title": "inclination; angle with respect to x-y ecliptic plane", "value": "6.932333040652332", "label": "i"}, {"value": "27.2437499485967", "title": "longitude of the ascending node", "units": "deg", "sigma": "5.022E-5", "name": "om", "label": "node"}, {"label": "peri", "name": "w", "sigma": "5.0545E-5", "value": "60.01731354387423", "title": "argument of perihelion", "units": "deg"}, {"sigma": "5.3136E-6", "name": "ma", "value": "14.59808001952609", "title": "mean anomaly", "units": "deg", "label": "M"}, {"label": "tp", "name": "tp", "sigma": "2.697E-5", "units": "TDB", "value": "2461125.244328146427", "title": "time of perihelion passage"}, {"label": "period", "name": "per", "sigma": "1.0791E-5", "title": "sidereal orbital period", "value": "1855.863362240009", "units": "d"}, {"sigma": "1.1279E-9", "name": "n", "units": "deg/d", "title": "mean motion", "value": ".1939797979337679", "label": "n"}, {"label": "Q", "title": "aphelion distance", "value": "5.027570659285518", "units": "au", "sigma": "1.9489E-8", "name": "ad"}], "epoch": "2461200.5"}