{"spkid": "20276033", "covariance": {"elements": [{"name": "e", "sigma": 1.0523049422967e-08, "title": "eccentricity", "value": ".9149890227004241", "units": null, "label": "e"}, {"sigma": 1.44267372313423e-08, "name": "q", "units": "au", "title": "perihelion distance", "value": ".116553393916442", "label": "q"}, {"value": "2458117.380339870619", "title": "time of perihelion passage", "units": "TDB", "name": "tp", "sigma": 6.85240438668554e-07, "label": "tp"}, {"label": "node", "sigma": 5.59539342954114e-06, "name": "om", "units": "deg", "title": "longitude of the ascending node", "value": "138.0875903423294"}, {"label": "peri", "name": "w", "sigma": 6.05117088706884e-06, "value": "210.9816201122743", "title": "argument of perihelion", "units": "deg"}, {"label": "i", "units": "deg", "title": "inclination", "value": "15.46069126654597", "sigma": 5.63956427674063e-06, "name": "i"}], "data": [["1.107345691582061E-16", "-1.518067496849969E-16", "7.1264227145129E-15", "-1.317577645999914E-14", "-7.767912532156739E-15", "-3.187471999965971E-15", "-2.547992031917773E-24"], ["-1.518067496849969E-16", "2.081307471421976E-16", "-9.769511993836164E-15", "1.803421039845514E-14", "1.068362608100625E-14", "4.406593305758694E-15", "3.419504234716909E-24"], ["7.1264227145129E-15", "-9.769511993836164E-15", "4.695544587866719E-13", "-1.071350624797543E-12", "-2.437989592773067E-13", "-3.947499460108504E-13", "-1.595897540279498E-22"], ["-1.317577645999914E-14", "1.803421039845514E-14", "-1.071350624797543E-12", "3.130842763135221E-11", "-3.182073656461691E-11", "8.312573362743077E-12", "-4.842454865284706E-22"], ["-7.767912532156739E-15", "1.068362608100625E-14", "-2.437989592773067E-13", "-3.182073656461691E-11", "3.661666910450955E-11", "-8.929331284209685E-12", "1.028617824103868E-21"], ["-3.187471999965971E-15", "4.406593305758694E-15", "-3.947499460108504E-13", "8.312573362743077E-12", "-8.929331284209685E-12", "3.180468523148909E-11", "3.526200728219298E-22"], ["-2.547992031917773E-24", "3.419504234716909E-24", "-1.595897540279498E-22", "-4.842454865284706E-22", "1.028617824103868E-21", "3.526200728219298E-22", "2.084076382370916E-30"]], "labels": ["e", "q", "tp", "node", "peri", "i", "A2"], "epoch": "2457835.5"}, "elements": [{"units": null, "title": "eccentricity", "value": ".9149225462050926", "name": "e", "sigma": "1.0523E-8", "label": "e"}, {"units": "au", "title": "semi-major axis", "value": "1.370688334115001", "sigma": "2.7565E-9", "name": "a", "label": "a"}, {"title": "perihelion distance", "value": ".1166146734128876", "units": "au", "name": "q", "sigma": "1.4462E-8", "label": "q"}, {"name": "i", "sigma": "5.6399E-6", "value": "15.44223966107453", "title": "inclination; angle with respect to x-y ecliptic plane", "units": "deg", "label": "i"}, {"value": "138.0012126535561", "title": "longitude of the ascending node", "units": "deg", "sigma": "5.6095E-6", "name": "om", "label": "node"}, {"name": "w", "sigma": "6.0597E-6", "units": "deg", "value": "211.0452083707522", "title": "argument of perihelion", "label": "peri"}, {"value": "94.08852038798838", "title": "mean anomaly", "units": "deg", "sigma": "3.6334E-6", "name": "ma", "label": "M"}, {"units": "TDB", "value": "2461047.306393719265", "title": "time of perihelion passage", "sigma": "5.5092E-6", "name": "tp", "label": "tp"}, {"sigma": "1.7681E-6", "name": "per", "units": "d", "value": "586.1469394315736", "title": "sidereal orbital period", "label": "period"}, {"sigma": "1.8527E-9", "name": "n", "value": ".6141804653098016", "title": "mean motion", "units": "deg/d", "label": "n"}, {"label": "Q", "name": "ad", "sigma": "5.2785E-9", "value": "2.624761994817114", "title": "aphelion distance", "units": "au"}], "epoch": "2461200.5"}