{"spkid": "20289315", "covariance": {"labels": ["e", "q", "tp", "node", "peri", "i"], "elements": [{"label": "e", "name": "e", "sigma": 5.39715127364237e-08, "units": null, "value": ".6375493842121713", "title": "eccentricity"}, {"units": "au", "title": "perihelion distance", "value": ".8411323014292631", "sigma": 1.26699027885942e-07, "name": "q", "label": "q"}, {"label": "tp", "name": "tp", "sigma": 2.75236541899334e-05, "units": "TDB", "value": "2458454.219923694211", "title": "time of perihelion passage"}, {"label": "node", "units": "deg", "title": "longitude of the ascending node", "value": "175.8128683437541", "name": "om", "sigma": 0.000154633881429837}, {"sigma": 0.000155169043808078, "name": "w", "units": "deg", "value": "208.4273439406165", "title": "argument of perihelion", "label": "peri"}, {"name": "i", "sigma": 7.69025261948787e-06, "value": "4.918244012818358", "title": "inclination", "units": "deg", "label": "i"}], "data": [["2.91292418705795E-15", "-6.835716931215509E-15", "8.319538524126637E-13", "-2.858048076518717E-13", "5.942631623115615E-13", "-1.670749488492075E-14"], ["-6.835716931215509E-15", "1.605264366724259E-14", "-1.931700457808719E-12", "6.498226472579976E-13", "-1.381573163079879E-12", "4.157575594702151E-14"], ["8.319538524126637E-13", "-1.931700457808719E-12", "7.575515399670376E-10", "-1.900715662698416E-10", "4.684737972901158E-10", "-7.326005788235132E-12"], ["-2.858048076518717E-13", "6.498226472579976E-13", "-1.900715662698416E-10", "2.391163728605679E-8", "-2.391549017595861E-8", "-5.937146711380561E-10"], ["5.942631623115615E-13", "-1.381573163079879E-12", "4.684737972901158E-10", "-2.391549017595861E-8", "2.407743215631317E-8", "5.872379331156686E-10"], ["-1.670749488492075E-14", "4.157575594702151E-14", "-7.326005788235132E-12", "-5.937146711380561E-10", "5.872379331156686E-10", "5.913998535153999E-11"]], "epoch": "2458174.5"}, "elements": [{"value": ".6377772780498494", "title": "eccentricity", "units": null, "sigma": "5.3922E-8", "name": "e", "label": "e"}, {"units": "au", "title": "semi-major axis", "value": "2.319883144041254", "name": "a", "sigma": "9.927E-9", "label": "a"}, {"label": "q", "units": "au", "value": ".8403143870408963", "title": "perihelion distance", "name": "q", "sigma": "1.2685E-7"}, {"label": "i", "name": "i", "sigma": "7.6861E-6", "title": "inclination; angle with respect to x-y ecliptic plane", "value": "4.918905925886084", "units": "deg"}, {"units": "deg", "title": "longitude of the ascending node", "value": "175.7646868805188", "name": "om", "sigma": ".00015472", "label": "node"}, {"sigma": ".00015525", "name": "w", "value": "208.5115057451866", "title": "argument of perihelion", "units": "deg", "label": "peri"}, {"value": "46.25120138505073", "title": "mean anomaly", "units": "deg", "name": "ma", "sigma": "8.7813E-6", "label": "M"}, {"units": "TDB", "title": "time of perihelion passage", "value": "2461034.687178920042", "name": "tp", "sigma": "3.1017E-5", "label": "tp"}, {"label": "period", "units": "d", "title": "sidereal orbital period", "value": "1290.617622920356", "name": "per", "sigma": "8.284E-6"}, {"label": "n", "sigma": "1.7904E-9", "name": "n", "units": "deg/d", "value": ".2789362190680512", "title": "mean motion"}, {"units": "au", "value": "3.799451901041611", "title": "aphelion distance", "name": "ad", "sigma": "1.6258E-8", "label": "Q"}], "epoch": "2461200.5"}