{"spkid": "20293726", "covariance": {"elements": [{"value": ".370392314868113", "title": "eccentricity", "units": null, "sigma": 2.28776636332068e-08, "name": "e", "label": "e"}, {"name": "q", "sigma": 3.80060492566828e-08, "value": ".9962704677376606", "title": "perihelion distance", "units": "au", "label": "q"}, {"sigma": 1.4834119800777e-05, "name": "tp", "units": "TDB", "title": "time of perihelion passage", "value": "2455759.024798509675", "label": "tp"}, {"label": "node", "sigma": 6.31192077552929e-05, "name": "om", "value": "352.319248518014", "title": "longitude of the ascending node", "units": "deg"}, {"label": "peri", "title": "argument of perihelion", "value": "300.3779919286876", "units": "deg", "name": "w", "sigma": 6.45817053866424e-05}, {"name": "i", "sigma": 4.49493614080666e-06, "units": "deg", "title": "inclination", "value": "1.998743938514571", "label": "i"}], "data": [["5.233874933141545E-16", "-8.688824061008731E-16", "-1.937266942888315E-13", "1.06160580147184E-13", "-2.991119494555163E-13", "1.335552066140649E-14"], ["-8.688824061008731E-16", "1.4444597801014E-15", "3.280419363076749E-13", "-1.547827074873906E-13", "4.791155663336043E-13", "-2.319607275532767E-14"], ["-1.937266942888315E-13", "3.280419363076749E-13", "2.200511102638057E-10", "-4.044837614276914E-11", "2.432910567832455E-10", "-1.641118077733891E-12"], ["1.06160580147184E-13", "-1.547827074873906E-13", "-4.044837614276914E-11", "3.984034387655827E-9", "-3.981278147894978E-9", "-3.583003263581198E-11"], ["-2.991119494555163E-13", "4.791155663336043E-13", "2.432910567832455E-10", "-3.981278147894978E-9", "4.170796670647081E-9", "3.307754201296589E-11"], ["1.335552066140649E-14", "-2.319607275532767E-14", "-1.641118077733891E-12", "-3.583003263581198E-11", "3.307754201296589E-11", "2.020445090992985E-11"]], "labels": ["e", "q", "tp", "node", "peri", "i"], "epoch": "2455866.5"}, "elements": [{"label": "e", "units": null, "value": ".3690840764387515", "title": "eccentricity", "sigma": "2.4012E-8", "name": "e"}, {"units": "au", "title": "semi-major axis", "value": "1.577984003835454", "name": "a", "sigma": "2.469E-9", "label": "a"}, {"label": "q", "units": "au", "value": ".9955752351447223", "title": "perihelion distance", "name": "q", "sigma": "3.7952E-8"}, {"label": "i", "name": "i", "sigma": "4.4802E-6", "units": "deg", "value": "2.008192925206797", "title": "inclination; angle with respect to x-y ecliptic plane"}, {"title": "longitude of the ascending node", "value": "350.4445584071525", "units": "deg", "sigma": "6.2487E-5", "name": "om", "label": "node"}, {"label": "peri", "value": "302.3322719640823", "title": "argument of perihelion", "units": "deg", "sigma": "6.4101E-5", "name": "w"}, {"value": "181.949064168738", "title": "mean anomaly", "units": "deg", "name": "ma", "sigma": "1.1591E-5", "label": "M"}, {"sigma": "2.3816E-5", "name": "tp", "units": "TDB", "value": "2461558.591556953808", "title": "time of perihelion passage", "label": "tp"}, {"units": "d", "value": "724.0229314241903", "title": "sidereal orbital period", "sigma": "1.6993E-6", "name": "per", "label": "period"}, {"label": "n", "value": ".4972218204357996", "title": "mean motion", "units": "deg/d", "sigma": "1.167E-9", "name": "n"}, {"sigma": "3.3802E-9", "name": "ad", "units": "au", "title": "aphelion distance", "value": "2.160392772526186", "label": "Q"}], "epoch": "2461200.5"}