{"spkid": "20303450", "covariance": {"data": [["6.979197690574199E-16", "-8.759086182063446E-16", "-1.804457555091906E-13", "8.177026381447153E-14", "-1.377903056551489E-13", "2.318991054853688E-15", "2.229259717529143E-23"], ["-8.759086182063446E-16", "1.100348877468244E-15", "2.272138116174988E-13", "-1.022870048573144E-13", "1.735820038348797E-13", "-2.884298379905324E-15", "-2.253916030822147E-23"], ["-1.804457555091906E-13", "2.272138116174988E-13", "1.867067898471453E-10", "-7.26984010771222E-11", "1.703799387144483E-10", "6.345925631118064E-12", "-1.27455208232406E-20"], ["8.177026381447153E-14", "-1.022870048573144E-13", "-7.26984010771222E-11", "4.569097267252531E-10", "-4.898657544347265E-10", "3.646262590177444E-11", "4.705622289544523E-22"], ["-1.377903056551489E-13", "1.735820038348797E-13", "1.703799387144483E-10", "-4.898657544347265E-10", "5.809221453760254E-10", "-3.212217733635215E-11", "8.112903548935728E-22"], ["2.318991054853688E-15", "-2.884298379905324E-15", "6.345925631118064E-12", "3.646262590177444E-11", "-3.212217733635215E-11", "1.149212860344465E-11", "1.102695696491523E-21"], ["2.229259717529143E-23", "-2.253916030822147E-23", "-1.27455208232406E-20", "4.705622289544523E-22", "8.112903548935728E-22", "1.102695696491523E-21", "4.803619495420257E-29"]], "elements": [{"label": "e", "units": null, "value": ".3304836034513899", "title": "eccentricity", "name": "e", "sigma": 2.64181711906298e-08}, {"name": "q", "sigma": 3.31715070123177e-08, "units": "au", "title": "perihelion distance", "value": ".8496421694711215", "label": "q"}, {"name": "tp", "sigma": 1.3664069300437e-05, "units": "TDB", "title": "time of perihelion passage", "value": "2459207.310586720238", "label": "tp"}, {"units": "deg", "value": "74.47119367732522", "title": "longitude of the ascending node", "sigma": 2.13754468193124e-05, "name": "om", "label": "node"}, {"label": "peri", "units": "deg", "value": "130.2246521317298", "title": "argument of perihelion", "name": "w", "sigma": 2.41023265552524e-05}, {"label": "i", "units": "deg", "title": "inclination", "value": "7.29074529899176", "name": "i", "sigma": 3.39000421879452e-06}], "labels": ["e", "q", "tp", "node", "peri", "i", "A2"], "epoch": "2459276.5"}, "elements": [{"units": null, "value": ".3306475922260459", "title": "eccentricity", "sigma": "2.6392E-8", "name": "e", "label": "e"}, {"label": "a", "units": "au", "title": "semi-major axis", "value": "1.269279213109855", "sigma": "2.9386E-9", "name": "a"}, {"label": "q", "sigma": "3.306E-8", "name": "q", "units": "au", "value": ".8495950974325114", "title": "perihelion distance"}, {"value": "7.291508523179973", "title": "inclination; angle with respect to x-y ecliptic plane", "units": "deg", "name": "i", "sigma": "3.3905E-6", "label": "i"}, {"sigma": "2.1368E-5", "name": "om", "units": "deg", "value": "74.40037700756361", "title": "longitude of the ascending node", "label": "node"}, {"label": "peri", "value": "130.2972427317927", "title": "argument of perihelion", "units": "deg", "name": "w", "sigma": "2.407E-5"}, {"title": "mean anomaly", "value": "294.0584952108213", "units": "deg", "sigma": "9.6559E-6", "name": "ma", "label": "M"}, {"label": "tp", "name": "tp", "sigma": "1.4111E-5", "units": "TDB", "title": "time of perihelion passage", "value": "2461296.173250902712"}, {"label": "period", "units": "d", "title": "sidereal orbital period", "value": "522.3170207457617", "sigma": "1.8139E-6", "name": "per"}, {"label": "n", "value": ".6892365856391081", "title": "mean motion", "units": "deg/d", "name": "n", "sigma": "2.3936E-9"}, {"title": "aphelion distance", "value": "1.688963328787199", "units": "au", "sigma": "3.9103E-9", "name": "ad", "label": "Q"}], "epoch": "2461200.5"}