{"spkid": "20314212", "covariance": {"data": [["1.298881711384099E-14", "-2.702179092999224E-14", "-2.129316587167576E-12", "-8.492263395443433E-13", "-1.59406344703461E-12", "-5.42356686207575E-14"], ["-2.702179092999224E-14", "5.623701670908174E-14", "4.406522425814497E-12", "1.774630009313257E-12", "3.28779827974003E-12", "1.20867453199981E-13"], ["-2.129316587167576E-12", "4.406522425814497E-12", "5.748947376348577E-10", "1.425531637996657E-10", "4.324771889384779E-10", "1.454497478638364E-11"], ["-8.492263395443433E-13", "1.774630009313257E-12", "1.425531637996657E-10", "4.865741941250965E-9", "-4.655352059307232E-9", "-6.300405684485612E-10"], ["-1.59406344703461E-12", "3.28779827974003E-12", "4.324771889384779E-10", "-4.655352059307232E-9", "5.145067051643576E-9", "6.201568722347999E-10"], ["-5.42356686207575E-14", "1.20867453199981E-13", "1.454497478638364E-11", "-6.300405684485612E-10", "6.201568722347999E-10", "3.824406285966331E-10"]], "elements": [{"sigma": 1.13968491759087e-07, "name": "e", "title": "eccentricity", "value": ".6504801868631427", "units": null, "label": "e"}, {"units": "au", "value": ".7457551207871966", "title": "perihelion distance", "name": "q", "sigma": 2.37143451752482e-07, "label": "q"}, {"label": "tp", "sigma": 2.39769626440644e-05, "name": "tp", "value": "2454766.769391634286", "title": "time of perihelion passage", "units": "TDB"}, {"label": "node", "name": "om", "sigma": 6.9754870376562e-05, "value": "316.5902251138345", "title": "longitude of the ascending node", "units": "deg"}, {"label": "peri", "value": "82.20308042205745", "title": "argument of perihelion", "units": "deg", "name": "w", "sigma": 7.17291227580791e-05}, {"sigma": 1.95560892971124e-05, "name": "i", "units": "deg", "title": "inclination", "value": "6.468483803969506", "label": "i"}], "labels": ["e", "q", "tp", "node", "peri", "i"], "epoch": "2454475.5"}, "elements": [{"title": "eccentricity", "value": ".6506774009803994", "units": null, "sigma": "1.1633E-7", "name": "e", "label": "e"}, {"name": "a", "sigma": "1.9929E-8", "units": "au", "title": "semi-major axis", "value": "2.132807432103983", "label": "a"}, {"label": "q", "units": "au", "value": ".7450378353908839", "title": "perihelion distance", "sigma": "2.427E-7", "name": "q"}, {"label": "i", "sigma": "1.9575E-5", "name": "i", "value": "6.463475005470074", "title": "inclination; angle with respect to x-y ecliptic plane", "units": "deg"}, {"label": "node", "value": "316.137602843154", "title": "longitude of the ascending node", "units": "deg", "sigma": "6.9687E-5", "name": "om"}, {"units": "deg", "value": "82.64827143710114", "title": "argument of perihelion", "name": "w", "sigma": "7.1509E-5", "label": "peri"}, {"label": "M", "name": "ma", "sigma": "2.6335E-5", "value": "235.6434571040427", "title": "mean anomaly", "units": "deg"}, {"name": "tp", "sigma": "8.8675E-5", "units": "TDB", "value": "2461593.499533125317", "title": "time of perihelion passage", "label": "tp"}, {"name": "per", "sigma": "1.5946E-5", "units": "d", "value": "1137.695119455701", "title": "sidereal orbital period", "label": "period"}, {"title": "mean motion", "value": ".3164292382411133", "units": "deg/d", "name": "n", "sigma": "4.4352E-9", "label": "n"}, {"sigma": "3.2897E-8", "name": "ad", "units": "au", "value": "3.520577028817083", "title": "aphelion distance", "label": "Q"}], "epoch": "2461200.5"}