{"spkid": "20329437", "covariance": {"labels": ["e", "q", "tp", "node", "peri", "i", "A2"], "elements": [{"sigma": 1.69941533691105e-08, "name": "e", "units": null, "title": "eccentricity", "value": ".2431225341159584", "label": "e"}, {"value": ".7079848924559333", "title": "perihelion distance", "units": "au", "name": "q", "sigma": 1.58328362411649e-08, "label": "q"}, {"value": "2457648.691013175885", "title": "time of perihelion passage", "units": "TDB", "sigma": 4.4341826898359e-06, "name": "tp", "label": "tp"}, {"sigma": 3.83091836900167e-06, "name": "om", "value": "174.1064207607694", "title": "longitude of the ascending node", "units": "deg", "label": "node"}, {"name": "w", "sigma": 4.02689781826579e-06, "value": "318.6442046949634", "title": "argument of perihelion", "units": "deg", "label": "peri"}, {"name": "i", "sigma": 1.91920975897905e-06, "title": "inclination", "value": "6.883300807448776", "units": "deg", "label": "i"}], "data": [["2.888012487328512E-16", "-2.689578836546857E-16", "2.194576390310221E-14", "-7.94479482530304E-15", "2.235599541986442E-14", "6.223301042609081E-15", "-2.767344887248672E-23"], ["-2.689578836546857E-16", "2.50678703439546E-16", "-2.005473757794969E-14", "7.197800834228181E-15", "-2.063647613866014E-14", "-5.902071657516844E-15", "2.633197606091451E-23"], ["2.194576390310221E-14", "-2.005473757794969E-14", "1.966197612684035E-11", "2.531340205210352E-12", "6.872821519611279E-12", "8.771164437158411E-13", "-1.32518724637697E-20"], ["-7.94479482530304E-15", "7.197800834228181E-15", "2.531340205210352E-12", "1.467593554995439E-11", "-1.304954043100375E-11", "6.783802343190379E-12", "-1.885515591788085E-21"], ["2.235599541986442E-14", "-2.063647613866014E-14", "6.872821519611279E-12", "-1.304954043100375E-11", "1.621590603875379E-11", "-6.033505769929732E-12", "-5.142625375449566E-21"], ["6.223301042609081E-15", "-5.902071657516844E-15", "8.771164437158411E-13", "6.783802343190379E-12", "-6.033505769929732E-12", "3.683366098960432E-12", "-1.179385907979511E-21"], ["-2.767344887248672E-23", "2.633197606091451E-23", "-1.32518724637697E-20", "-1.885515591788085E-21", "-5.142625375449566E-21", "-1.179385907979511E-21", "1.574283228963439E-29"]], "epoch": "2457768.5"}, "elements": [{"name": "e", "sigma": "1.6692E-8", "value": ".2431921369451466", "title": "eccentricity", "units": null, "label": "e"}, {"title": "semi-major axis", "value": ".9356875306201174", "units": "au", "name": "a", "sigma": "3.3088E-9", "label": "a"}, {"sigma": "1.6473E-8", "name": "q", "title": "perihelion distance", "value": ".7081356805356838", "units": "au", "label": "q"}, {"name": "i", "sigma": "1.9154E-6", "units": "deg", "value": "6.89887276009113", "title": "inclination; angle with respect to x-y ecliptic plane", "label": "i"}, {"label": "node", "units": "deg", "value": "173.9834347842035", "title": "longitude of the ascending node", "sigma": "3.8452E-6", "name": "om"}, {"label": "peri", "value": "318.7367765227017", "title": "argument of perihelion", "units": "deg", "name": "w", "sigma": "4.0341E-6"}, {"value": "269.0670985204121", "title": "mean anomaly", "units": "deg", "name": "ma", "sigma": "7.1582E-6", "label": "M"}, {"label": "tp", "value": "2461284.005145623118", "title": "time of perihelion passage", "units": "TDB", "name": "tp", "sigma": "6.9426E-6"}, {"name": "per", "sigma": "1.7536E-6", "value": "330.5937887737007", "title": "sidereal orbital period", "units": "d", "label": "period"}, {"name": "n", "sigma": "5.7762E-9", "value": "1.088949678502364", "title": "mean motion", "units": "deg/d", "label": "n"}, {"sigma": "4.1135E-9", "name": "ad", "units": "au", "value": "1.163239380704551", "title": "aphelion distance", "label": "Q"}], "epoch": "2461200.5"}