{"spkid": "20337075", "covariance": {"labels": ["e", "q", "tp", "node", "peri", "i"], "data": [["3.786499621538372E-15", "-7.443136181758726E-15", "-6.04488844225889E-13", "3.032404369980137E-13", "-3.092479134794861E-13", "-1.521128946967765E-13"], ["-7.443136181758726E-15", "1.463460785438198E-14", "1.17646162886851E-12", "-5.932370853489927E-13", "5.936083905338039E-13", "2.938033953086475E-13"], ["-6.04488844225889E-13", "1.17646162886851E-12", "3.50312864780327E-10", "-1.618863648560339E-10", "3.697088233193522E-10", "4.520385940612594E-11"], ["3.032404369980137E-13", "-5.932370853489927E-13", "-1.618863648560339E-10", "5.165813761864226E-9", "-5.159758261054428E-9", "1.086460023436903E-9"], ["-3.092479134794861E-13", "5.936083905338039E-13", "3.697088233193522E-10", "-5.159758261054428E-9", "5.359255649636979E-9", "-1.037043196302452E-9"], ["-1.521128946967765E-13", "2.938033953086475E-13", "4.520385940612594E-11", "1.086460023436903E-9", "-1.037043196302452E-9", "3.419289551017134E-10"]], "elements": [{"label": "e", "units": null, "value": ".5906689434407029", "title": "eccentricity", "name": "e", "sigma": 6.15345400692844e-08}, {"label": "q", "title": "perihelion distance", "value": ".8118781235438923", "units": "au", "sigma": 1.20973583291486e-07, "name": "q"}, {"name": "tp", "sigma": 1.87166467290572e-05, "title": "time of perihelion passage", "value": "2455211.004343548071", "units": "TDB", "label": "tp"}, {"label": "node", "sigma": 7.18735957209894e-05, "name": "om", "units": "deg", "title": "longitude of the ascending node", "value": "308.6310304062976"}, {"label": "peri", "units": "deg", "title": "argument of perihelion", "value": "115.1255659721454", "name": "w", "sigma": 7.32069371688024e-05}, {"label": "i", "name": "i", "sigma": 1.84913210750804e-05, "units": "deg", "title": "inclination", "value": "9.63676933526965"}], "epoch": "2455216.5"}, "elements": [{"name": "e", "sigma": "6.1454E-8", "title": "eccentricity", "value": ".5899009177021439", "units": null, "label": "e"}, {"sigma": "5.0528E-9", "name": "a", "units": "au", "value": "1.983858335402315", "title": "semi-major axis", "label": "a"}, {"label": "q", "units": "au", "title": "perihelion distance", "value": ".8135784827574419", "name": "q", "sigma": "1.2072E-7"}, {"label": "i", "sigma": "1.8501E-5", "name": "i", "units": "deg", "title": "inclination; angle with respect to x-y ecliptic plane", "value": "9.652338109510941"}, {"units": "deg", "title": "longitude of the ascending node", "value": "308.3220198636284", "name": "om", "sigma": "7.1678E-5", "label": "node"}, {"label": "peri", "units": "deg", "title": "argument of perihelion", "value": "115.5026625859916", "sigma": "7.3079E-5", "name": "w"}, {"label": "M", "value": "313.346274499149", "title": "mean anomaly", "units": "deg", "sigma": "7.3364E-6", "name": "ma"}, {"sigma": "2.1115E-5", "name": "tp", "units": "TDB", "title": "time of perihelion passage", "value": "2461332.766006368933", "label": "tp"}, {"label": "period", "units": "d", "title": "sidereal orbital period", "value": "1020.620792479852", "sigma": "3.8992E-6", "name": "per"}, {"units": "deg/d", "title": "mean motion", "value": ".3527265000405199", "name": "n", "sigma": "1.3476E-9", "label": "n"}, {"label": "Q", "sigma": "8.0334E-9", "name": "ad", "title": "aphelion distance", "value": "3.154138188047189", "units": "au"}], "epoch": "2461200.5"}