{"spkid": "20332446", "covariance": {"epoch": "2458207.5", "elements": [{"value": ".4108452546789179", "title": "eccentricity", "units": null, "sigma": 2.09334527819973e-08, "name": "e", "label": "e"}, {"label": "q", "title": "perihelion distance", "value": ".8145563424985767", "units": "au", "sigma": 2.90005542220182e-08, "name": "q"}, {"value": "2457987.191562392880", "title": "time of perihelion passage", "units": "TDB", "sigma": 4.48795115527418e-06, "name": "tp", "label": "tp"}, {"label": "node", "value": "109.3726625724793", "title": "longitude of the ascending node", "units": "deg", "sigma": 7.11829112906901e-06, "name": "om"}, {"title": "argument of perihelion", "value": "293.409219997719", "units": "deg", "sigma": 7.67784803671207e-06, "name": "w", "label": "peri"}, {"name": "i", "sigma": 3.8759554439243e-06, "title": "inclination", "value": "8.919130350410221", "units": "deg", "label": "i"}], "data": [["4.382094453761086E-16", "-6.07023705303747E-16", "8.008629989113134E-15", "-3.456004979566612E-15", "-5.573203438034103E-14", "-5.172128536296295E-15"], ["-6.07023705303747E-16", "8.41032145184215E-16", "-1.176901600817319E-14", "4.449634579876821E-15", "7.709324482897263E-14", "7.246856354654668E-15"], ["8.008629989113134E-15", "-1.176901600817319E-14", "2.014170557212688E-11", "6.970180528083117E-12", "7.391165058127118E-12", "-3.010077837424038E-12"], ["-3.456004979566612E-15", "4.449634579876821E-15", "6.970180528083117E-12", "5.067006859818254E-11", "-4.433842187815648E-11", "1.502869904458125E-11"], ["-5.573203438034103E-14", "7.709324482897263E-14", "7.391165058127118E-12", "-4.433842187815648E-11", "5.894935047484343E-11", "-1.636023716857965E-11"], ["-5.172128536296295E-15", "7.246856354654668E-15", "-3.010077837424038E-12", "1.502869904458125E-11", "-1.636023716857965E-11", "1.502303060328644E-11"]], "labels": ["e", "q", "tp", "node", "peri", "i"]}, "elements": [{"sigma": "2.0914E-8", "name": "e", "title": "eccentricity", "value": ".4099422997466634", "units": null, "label": "e"}, {"units": "au", "title": "semi-major axis", "value": "1.379863188962814", "name": "a", "sigma": "2.3952E-9", "label": "a"}, {"name": "q", "sigma": "2.9158E-8", "units": "au", "value": ".814198899943633", "title": "perihelion distance", "label": "q"}, {"units": "deg", "value": "8.931799550541948", "title": "inclination; angle with respect to x-y ecliptic plane", "name": "i", "sigma": "3.8889E-6", "label": "i"}, {"label": "node", "sigma": "7.1074E-6", "name": "om", "value": "109.3016608300458", "title": "longitude of the ascending node", "units": "deg"}, {"value": "293.361663298926", "title": "argument of perihelion", "units": "deg", "sigma": "7.5835E-6", "name": "w", "label": "peri"}, {"value": "151.3831146752579", "title": "mean anomaly", "units": "deg", "name": "ma", "sigma": "2.3479E-6", "label": "M"}, {"label": "tp", "title": "time of perihelion passage", "value": "2460951.541243498613", "units": "TDB", "name": "tp", "sigma": "3.486E-6"}, {"name": "per", "sigma": "1.5415E-6", "title": "sidereal orbital period", "value": "592.0419363332585", "units": "d", "label": "period"}, {"sigma": "1.5832E-9", "name": "n", "title": "mean motion", "value": ".6080650337535501", "units": "deg/d", "label": "n"}, {"label": "Q", "units": "au", "value": "1.945527477981994", "title": "aphelion distance", "name": "ad", "sigma": "3.3771E-9"}], "epoch": "2461200.5"}