{"spkid": "20349507", "covariance": {"epoch": "2459085.5", "labels": ["e", "q", "tp", "node", "peri", "i", "A2"], "data": [["3.905345144675731E-16", "-4.431901929701557E-16", "-3.452837700092494E-14", "-2.070795924362018E-14", "-7.331878903923611E-15", "-4.742427696205355E-16", "1.129849325561808E-22"], ["-4.431901929701557E-16", "5.041692004462197E-16", "3.349545677309812E-14", "2.369163740021433E-14", "8.303008653252918E-15", "5.935013024130457E-17", "-1.131883596656205E-22"], ["-3.452837700092494E-14", "3.349545677309812E-14", "2.951606376881961E-11", "7.468347525486904E-13", "1.050881731943515E-12", "2.430391022464503E-12", "-7.982684507031115E-20"], ["-2.070795924362018E-14", "2.369163740021433E-14", "7.468347525486904E-13", "8.236681744503639E-12", "-8.473023716853737E-12", "2.946148665224157E-12", "-2.137562475773819E-21"], ["-7.331878903923611E-15", "8.303008653252918E-15", "1.050881731943515E-12", "-8.473023716853737E-12", "1.168977629557702E-11", "-2.127429475758485E-12", "-3.637373626839549E-21"], ["-4.742427696205355E-16", "5.935013024130457E-17", "2.430391022464503E-12", "2.946148665224157E-12", "-2.127429475758485E-12", "6.450027205623028E-12", "-3.605693731513194E-21"], ["1.129849325561808E-22", "-1.131883596656205E-22", "-7.982684507031115E-20", "-2.137562475773819E-21", "-3.637373626839549E-21", "-3.605693731513194E-21", "2.183747565831142E-28"]], "elements": [{"label": "e", "units": null, "title": "eccentricity", "value": ".581471900022452", "sigma": 1.97619461204501e-08, "name": "e"}, {"label": "q", "units": "au", "title": "perihelion distance", "value": ".4885417902503312", "sigma": 2.24537123978691e-08, "name": "q"}, {"label": "tp", "value": "2459245.842263353005", "title": "time of perihelion passage", "units": "TDB", "sigma": 5.43286883412618e-06, "name": "tp"}, {"value": "1.954955853598476", "title": "longitude of the ascending node", "units": "deg", "sigma": 2.86996197614248e-06, "name": "om", "label": "node"}, {"units": "deg", "value": "254.8318699741594", "title": "argument of perihelion", "sigma": 3.41903148502277e-06, "name": "w", "label": "peri"}, {"units": "deg", "value": "13.57673304543315", "title": "inclination", "name": "i", "sigma": 2.53969037593621e-06, "label": "i"}]}, "elements": [{"label": "e", "sigma": "2.0027E-8", "name": "e", "title": "eccentricity", "value": ".5815965428042777", "units": null}, {"sigma": "8.856E-9", "name": "a", "units": "au", "title": "semi-major axis", "value": "1.167880037942596", "label": "a"}, {"value": ".4886450454650535", "title": "perihelion distance", "units": "au", "sigma": "2.1977E-8", "name": "q", "label": "q"}, {"value": "13.56291723716985", "title": "inclination; angle with respect to x-y ecliptic plane", "units": "deg", "sigma": "2.5392E-6", "name": "i", "label": "i"}, {"name": "om", "sigma": "2.8777E-6", "units": "deg", "value": "1.87449968669965", "title": "longitude of the ascending node", "label": "node"}, {"title": "argument of perihelion", "value": "254.9466534089925", "units": "deg", "sigma": "3.4146E-6", "name": "w", "label": "peri"}, {"label": "M", "sigma": "8.0641E-6", "name": "ma", "title": "mean anomaly", "value": "86.83499945186969", "units": "deg"}, {"label": "tp", "units": "TDB", "value": "2461089.304276503102", "title": "time of perihelion passage", "name": "tp", "sigma": "9.0677E-6"}, {"label": "period", "name": "per", "sigma": "5.2436E-6", "units": "d", "value": "460.9945380499596", "title": "sidereal orbital period"}, {"units": "deg/d", "value": ".7809203152879558", "title": "mean motion", "name": "n", "sigma": "8.8826E-9", "label": "n"}, {"label": "Q", "units": "au", "value": "1.847115030420139", "title": "aphelion distance", "sigma": "1.4007E-8", "name": "ad"}], "epoch": "2461200.5"}