{"spkid": "20359369", "covariance": {"labels": ["e", "q", "tp", "node", "peri", "i"], "elements": [{"units": null, "title": "eccentricity", "value": ".6977614008190643", "name": "e", "sigma": 4.07478615592683e-08, "label": "e"}, {"label": "q", "value": ".6487530853662815", "title": "perihelion distance", "units": "au", "name": "q", "sigma": 8.57363211271559e-08}, {"label": "tp", "name": "tp", "sigma": 1.09589528574905e-05, "units": "TDB", "value": "2456396.012498526328", "title": "time of perihelion passage"}, {"sigma": 8.61398426944284e-05, "name": "om", "value": "138.8971825817285", "title": "longitude of the ascending node", "units": "deg", "label": "node"}, {"label": "peri", "name": "w", "sigma": 8.61672623252805e-05, "title": "argument of perihelion", "value": "67.44199197522289", "units": "deg"}, {"label": "i", "title": "inclination", "value": "3.387664632049904", "units": "deg", "sigma": 8.9817270490036e-06, "name": "i"}], "data": [["1.660388221653298E-15", "-3.491168718311345E-15", "4.227778350025135E-14", "-1.203868357457566E-13", "8.206103112669029E-14", "-1.084116673800012E-15"], ["-3.491168718311345E-15", "7.350716760418791E-15", "-8.896342204858513E-14", "2.552497449117586E-13", "-1.755238571944639E-13", "3.39321547135971E-15"], ["4.227778350025135E-14", "-8.896342204858513E-14", "1.20098647732699E-10", "1.75404194611601E-12", "4.880046523132092E-11", "-1.21949227529082E-12"], ["-1.203868357457566E-13", "2.552497449117586E-13", "1.75404194611601E-12", "7.420072499420869E-9", "-7.39878579492778E-9", "-1.925846454070003E-10"], ["8.206103112669029E-14", "-1.755238571944639E-13", "4.880046523132092E-11", "-7.39878579492778E-9", "7.424797096633701E-9", "1.924135497394811E-10"], ["-1.084116673800012E-15", "3.39321547135971E-15", "-1.21949227529082E-12", "-1.925846454070003E-10", "1.924135497394811E-10", "8.06714207828029E-11"]], "epoch": "2456422.5"}, "elements": [{"label": "e", "name": "e", "sigma": "4.0279E-8", "units": null, "title": "eccentricity", "value": ".6956029194022738"}, {"units": "au", "title": "semi-major axis", "value": "2.151677808914938", "sigma": "6.5058E-9", "name": "a", "label": "a"}, {"sigma": "8.6891E-8", "name": "q", "value": ".6549644434206192", "title": "perihelion distance", "units": "au", "label": "q"}, {"label": "i", "name": "i", "sigma": "8.9429E-6", "value": "3.385833030179448", "title": "inclination; angle with respect to x-y ecliptic plane", "units": "deg"}, {"label": "node", "value": "138.585611715516", "title": "longitude of the ascending node", "units": "deg", "name": "om", "sigma": "8.6428E-5"}, {"label": "peri", "sigma": "8.6414E-5", "name": "w", "value": "67.7374307285767", "title": "argument of perihelion", "units": "deg"}, {"label": "M", "name": "ma", "sigma": "1.2289E-5", "title": "mean anomaly", "value": "65.0844480772861", "units": "deg"}, {"name": "tp", "sigma": "3.9133E-5", "units": "TDB", "value": "2460992.080181336257", "title": "time of perihelion passage", "label": "tp"}, {"label": "period", "name": "per", "sigma": "5.2285E-6", "title": "sidereal orbital period", "value": "1152.827394800212", "units": "d"}, {"label": "n", "name": "n", "sigma": "1.4163E-9", "title": "mean motion", "value": ".3122757158823319", "units": "deg/d"}, {"title": "aphelion distance", "value": "3.648391174409257", "units": "au", "name": "ad", "sigma": "1.1031E-8", "label": "Q"}], "epoch": "2461200.5"}