{"spkid": "20358744", "covariance": {"data": [["4.455500852266066E-16", "-8.10332045441608E-16", "5.83639485696752E-14", "1.559478542001579E-13", "-1.249320902124578E-13", "-3.960513750635748E-15"], ["-8.10332045441608E-16", "1.476580929820711E-15", "-1.155255240959175E-13", "-2.870125792851808E-13", "2.284102782544683E-13", "7.193376957467607E-15"], ["5.83639485696752E-14", "-1.155255240959175E-13", "7.504063736448206E-11", "1.147663153070831E-11", "2.974967913395642E-11", "-3.965344178418844E-12"], ["1.559478542001579E-13", "-2.870125792851808E-13", "1.147663153070831E-11", "5.81329119792056E-9", "-5.776228967635352E-9", "3.090821094235409E-10"], ["-1.249320902124578E-13", "2.284102782544683E-13", "2.974967913395642E-11", "-5.776228967635352E-9", "5.772213303849795E-9", "-3.108075330414173E-10"], ["-3.960513750635748E-15", "7.193376957467607E-15", "-3.965344178418844E-12", "3.090821094235409E-10", "-3.108075330414173E-10", "2.358833948437444E-11"]], "elements": [{"units": null, "value": ".5111164348421703", "title": "eccentricity", "name": "e", "sigma": 2.11080573532148e-08, "label": "e"}, {"label": "q", "units": "au", "title": "perihelion distance", "value": ".8997095376274543", "sigma": 3.84263051804452e-08, "name": "q"}, {"name": "tp", "sigma": 8.66259991945155e-06, "units": "TDB", "title": "time of perihelion passage", "value": "2458319.373574755857", "label": "tp"}, {"label": "node", "name": "om", "sigma": 7.62449421136941e-05, "title": "longitude of the ascending node", "value": "121.5389613704023", "units": "deg"}, {"label": "peri", "sigma": 7.59750834408874e-05, "name": "w", "units": "deg", "value": "157.0273606632939", "title": "argument of perihelion"}, {"label": "i", "name": "i", "sigma": 4.85678283273758e-06, "value": "3.92315530896038", "title": "inclination", "units": "deg"}], "labels": ["e", "q", "tp", "node", "peri", "i"], "epoch": "2458765.5"}, "elements": [{"name": "e", "sigma": "2.116E-8", "units": null, "title": "eccentricity", "value": ".5123778425258905", "label": "e"}, {"value": "1.841174912001039", "title": "semi-major axis", "units": "au", "sigma": "3.6959E-9", "name": "a", "label": "a"}, {"units": "au", "title": "perihelion distance", "value": ".8977976828771504", "name": "q", "sigma": "3.8456E-8", "label": "q"}, {"label": "i", "title": "inclination; angle with respect to x-y ecliptic plane", "value": "3.922850245114936", "units": "deg", "name": "i", "sigma": "4.8654E-6"}, {"sigma": "7.6213E-5", "name": "om", "units": "deg", "value": "121.4169081046774", "title": "longitude of the ascending node", "label": "node"}, {"value": "157.2498906271187", "title": "argument of perihelion", "units": "deg", "name": "w", "sigma": "7.5912E-5", "label": "peri"}, {"label": "M", "title": "mean anomaly", "value": "56.96189629287574", "units": "deg", "sigma": "3.1584E-6", "name": "ma"}, {"name": "tp", "sigma": "7.8205E-6", "units": "TDB", "value": "2461056.114713927800", "title": "time of perihelion passage", "label": "tp"}, {"title": "sidereal orbital period", "value": "912.5170749010483", "units": "d", "sigma": "2.7476E-6", "name": "per", "label": "period"}, {"label": "n", "sigma": "1.1879E-9", "name": "n", "units": "deg/d", "title": "mean motion", "value": ".3945131657279265"}, {"value": "2.784552141124928", "title": "aphelion distance", "units": "au", "name": "ad", "sigma": "5.5896E-9", "label": "Q"}], "epoch": "2461200.5"}