{"spkid": "20357024", "covariance": {"labels": ["e", "q", "tp", "node", "peri", "i"], "data": [["6.032971138661066E-17", "-9.58612364402273E-17", "1.525318100328314E-14", "1.346491737295848E-13", "-1.205070267226143E-13", "-3.201075080909848E-15"], ["-9.58612364402273E-17", "1.60681120068345E-16", "-1.567928585651101E-14", "-2.242166865491417E-13", "2.001710293106347E-13", "5.449588394962047E-15"], ["1.525318100328314E-14", "-1.567928585651101E-14", "1.949485977437202E-11", "4.691098047594185E-12", "5.443440098461941E-12", "-3.115601083608392E-12"], ["1.346491737295848E-13", "-2.242166865491417E-13", "4.691098047594185E-12", "6.132319805947117E-10", "-6.039500608721255E-10", "-3.178867839121106E-11"], ["-1.205070267226143E-13", "2.001710293106347E-13", "5.443440098461941E-12", "-6.039500608721255E-10", "6.079953002214313E-10", "2.800773855400702E-11"], ["-3.201075080909848E-15", "5.449588394962047E-15", "-3.115601083608392E-12", "-3.178867839121106E-11", "2.800773855400702E-11", "5.549658050045008E-12"]], "elements": [{"units": null, "value": ".4001352156092197", "title": "eccentricity", "name": "e", "sigma": 7.76722031273806e-09, "label": "e"}, {"sigma": 1.26760056827198e-08, "name": "q", "title": "perihelion distance", "value": ".9906096144981745", "units": "au", "label": "q"}, {"value": "2458434.932005455683", "title": "time of perihelion passage", "units": "TDB", "sigma": 4.41529837886094e-06, "name": "tp", "label": "tp"}, {"units": "deg", "value": "3.032587149277692", "title": "longitude of the ascending node", "sigma": 2.47635211671263e-05, "name": "om", "label": "node"}, {"label": "peri", "units": "deg", "title": "argument of perihelion", "value": "9.61851140396095", "name": "w", "sigma": 2.46575607110969e-05}, {"sigma": 2.35577122192394e-06, "name": "i", "value": "3.728621317519624", "title": "inclination", "units": "deg", "label": "i"}], "epoch": "2458055.5"}, "elements": [{"units": null, "value": ".4001374874629836", "title": "eccentricity", "sigma": "7.7625E-9", "name": "e", "label": "e"}, {"label": "a", "name": "a", "sigma": "4.886E-9", "value": "1.651233495407989", "title": "semi-major axis", "units": "au"}, {"label": "q", "sigma": "1.2647E-8", "name": "q", "value": ".9905130733407159", "title": "perihelion distance", "units": "au"}, {"label": "i", "units": "deg", "title": "inclination; angle with respect to x-y ecliptic plane", "value": "3.726104229298626", "name": "i", "sigma": "2.3553E-6"}, {"label": "node", "value": "2.968349157764005", "title": "longitude of the ascending node", "units": "deg", "name": "om", "sigma": "2.4784E-5"}, {"units": "deg", "value": "9.698600534188447", "title": "argument of perihelion", "name": "w", "sigma": "2.4677E-5", "label": "peri"}, {"label": "M", "units": "deg", "title": "mean anomaly", "value": "204.4385388630184", "sigma": "7.3135E-6", "name": "ma"}, {"sigma": "1.7207E-5", "name": "tp", "value": "2461535.396550608592", "title": "time of perihelion passage", "units": "TDB", "label": "tp"}, {"label": "period", "units": "d", "value": "775.0168797458771", "title": "sidereal orbital period", "sigma": "3.4399E-6", "name": "per"}, {"units": "deg/d", "title": "mean motion", "value": ".4645060119439484", "name": "n", "sigma": "2.0617E-9", "label": "n"}, {"title": "aphelion distance", "value": "2.311953917475261", "units": "au", "name": "ad", "sigma": "6.8411E-9", "label": "Q"}], "epoch": "2461200.5"}