{"spkid": "20357622", "covariance": {"data": [["2.781605674607431E-15", "-3.021107296486001E-15", "2.014515592951112E-13", "-2.17238729207142E-13", "1.134262026211823E-13", "2.386013044052764E-14", "-6.042067485639917E-23"], ["-3.021107296486001E-15", "3.281860828728454E-15", "-2.163243436737184E-13", "2.353740310403128E-13", "-1.217928823200503E-13", "-2.601919678528312E-14", "6.870709585152143E-23"], ["2.014515592951112E-13", "-2.163243436737184E-13", "3.356542231446056E-11", "-5.412679574426136E-11", "5.377282826089199E-11", "7.586873935006907E-12", "-7.733134438230606E-22"], ["-2.17238729207142E-13", "2.353740310403128E-13", "-5.412679574426136E-11", "6.017708496421777E-9", "-6.014065182827257E-9", "-1.126134844749029E-10", "1.741272099600384E-20"], ["1.134262026211823E-13", "-1.217928823200503E-13", "5.377282826089199E-11", "-6.014065182827257E-9", "6.023696093494822E-9", "1.141719426716594E-10", "-7.372785083359783E-21"], ["2.386013044052764E-14", "-2.601919678528312E-14", "7.586873935006907E-12", "-1.126134844749029E-10", "1.141719426716594E-10", "6.536104757726091E-12", "-3.253506081235157E-21"], ["-6.042067485639917E-23", "6.870709585152143E-23", "-7.733134438230606E-22", "1.741272099600384E-20", "-7.372785083359783E-21", "-3.253506081235157E-21", "4.772596604224888E-29"]], "elements": [{"sigma": 5.27409297852003e-08, "name": "e", "title": "eccentricity", "value": ".5384745954771208", "units": null, "label": "e"}, {"label": "q", "units": "au", "value": ".500040159108968", "title": "perihelion distance", "name": "q", "sigma": 5.72875276890918e-08}, {"sigma": 5.79356732199261e-06, "name": "tp", "title": "time of perihelion passage", "value": "2458314.478578237822", "units": "TDB", "label": "tp"}, {"value": "72.91777092542964", "title": "longitude of the ascending node", "units": "deg", "sigma": 7.75738905587555e-05, "name": "om", "label": "node"}, {"units": "deg", "title": "argument of perihelion", "value": "342.0637732167207", "sigma": 7.76124738266654e-05, "name": "w", "label": "peri"}, {"name": "i", "sigma": 2.55658067694452e-06, "units": "deg", "value": "3.170165936165828", "title": "inclination", "label": "i"}], "labels": ["e", "q", "tp", "node", "peri", "i", "A2"], "epoch": "2458204.5"}, "elements": [{"label": "e", "name": "e", "sigma": "5.2662E-8", "units": null, "value": ".5382806208895704", "title": "eccentricity"}, {"label": "a", "units": "au", "title": "semi-major axis", "value": "1.083706431301759", "sigma": "4.4059E-9", "name": "a"}, {"name": "q", "sigma": "5.7535E-8", "units": "au", "title": "perihelion distance", "value": ".5003682605986277", "label": "q"}, {"label": "i", "title": "inclination; angle with respect to x-y ecliptic plane", "value": "3.169839217880055", "units": "deg", "sigma": "2.556E-6", "name": "i"}, {"title": "longitude of the ascending node", "value": "72.86083638010003", "units": "deg", "sigma": "7.7554E-5", "name": "om", "label": "node"}, {"label": "peri", "sigma": "7.759E-5", "name": "w", "title": "argument of perihelion", "value": "342.1458627666928", "units": "deg"}, {"units": "deg", "value": "1.713232677211616", "title": "mean anomaly", "name": "ma", "sigma": "1.2474E-5", "label": "M"}, {"label": "tp", "title": "time of perihelion passage", "value": "2461198.538990256741", "units": "TDB", "name": "tp", "sigma": "1.4267E-5"}, {"name": "per", "sigma": "2.5129E-6", "title": "sidereal orbital period", "value": "412.0651660240805", "units": "d", "label": "period"}, {"label": "n", "sigma": "5.3278E-9", "name": "n", "units": "deg/d", "title": "mean motion", "value": ".8736482228613377"}, {"label": "Q", "name": "ad", "sigma": "6.7775E-9", "title": "aphelion distance", "value": "1.667044602004891", "units": "au"}], "epoch": "2461200.5"}