{"spkid": "20366774", "covariance": {"epoch": "2457305.5", "data": [["9.656294650012579E-17", "-1.779840394682939E-16", "6.701747895280163E-15", "-2.428984423823725E-15", "-8.806070616913574E-15", "2.946143055412444E-16"], ["-1.779840394682939E-16", "3.303278998947191E-16", "-1.286207659444425E-14", "4.452779953584645E-15", "1.633500952254817E-14", "-5.139545546975562E-16"], ["6.701747895280163E-15", "-1.286207659444425E-14", "2.260009640640715E-11", "4.073906111633592E-12", "2.557159547375442E-12", "-1.627360347990909E-12"], ["-2.428984423823725E-15", "4.452779953584645E-15", "4.073906111633592E-12", "2.799077392894423E-12", "-1.2062871029919E-12", "-6.405890636280277E-13"], ["-8.806070616913574E-15", "1.633500952254817E-14", "2.557159547375442E-12", "-1.2062871029919E-12", "3.596559481320976E-12", "1.066637371630565E-13"], ["2.946143055412444E-16", "-5.139545546975562E-16", "-1.627360347990909E-12", "-6.405890636280277E-13", "1.066637371630565E-13", "2.26785354236225E-13"]], "elements": [{"label": "e", "units": null, "value": ".450548079352573", "title": "eccentricity", "sigma": 9.82664472239257e-09, "name": "e"}, {"label": "q", "units": "au", "value": ".9971997906577862", "title": "perihelion distance", "name": "q", "sigma": 1.8174925031337e-08}, {"label": "tp", "units": "TDB", "title": "time of perihelion passage", "value": "2457001.685363958523", "sigma": 4.75395586921115e-06, "name": "tp"}, {"label": "node", "units": "deg", "value": "121.0319406158397", "title": "longitude of the ascending node", "name": "om", "sigma": 1.67304434875302e-06}, {"title": "argument of perihelion", "value": "13.0388083297897", "units": "deg", "name": "w", "sigma": 1.89645972309484e-06, "label": "peri"}, {"units": "deg", "value": "13.20697722516322", "title": "inclination", "name": "i", "sigma": 4.76219859136749e-07, "label": "i"}], "labels": ["e", "q", "tp", "node", "peri", "i"]}, "elements": [{"sigma": "9.7988E-9", "name": "e", "units": null, "title": "eccentricity", "value": ".4508694620290588", "label": "e"}, {"units": "au", "title": "semi-major axis", "value": "1.814685395527349", "name": "a", "sigma": "2.7922E-9", "label": "a"}, {"sigma": "1.8118E-8", "name": "q", "value": ".9964991674939436", "title": "perihelion distance", "units": "au", "label": "q"}, {"sigma": "4.754E-7", "name": "i", "units": "deg", "value": "13.2049906831185", "title": "inclination; angle with respect to x-y ecliptic plane", "label": "i"}, {"units": "deg", "value": "120.9734891314763", "title": "longitude of the ascending node", "name": "om", "sigma": "1.6739E-6", "label": "node"}, {"label": "peri", "title": "argument of perihelion", "value": "13.20650032606435", "units": "deg", "sigma": "1.8943E-6", "name": "w"}, {"units": "deg", "value": "252.4181530413429", "title": "mean anomaly", "sigma": "4.1681E-6", "name": "ma", "label": "M"}, {"label": "tp", "sigma": "1.0888E-5", "name": "tp", "title": "time of perihelion passage", "value": "2461467.331402026982", "units": "TDB"}, {"name": "per", "sigma": "2.0608E-6", "value": "892.8951067983483", "title": "sidereal orbital period", "units": "d", "label": "period"}, {"label": "n", "name": "n", "sigma": "9.3056E-10", "units": "deg/d", "title": "mean motion", "value": ".403182856820496"}, {"name": "ad", "sigma": "4.0512E-9", "title": "aphelion distance", "value": "2.632871623560755", "units": "au", "label": "Q"}], "epoch": "2461200.5"}