{"spkid": "20363790", "covariance": {"epoch": "2457651.5", "elements": [{"label": "e", "units": null, "title": "eccentricity", "value": ".5529857655139534", "name": "e", "sigma": 1.18640599370831e-08}, {"label": "q", "title": "perihelion distance", "value": ".8505597799347645", "units": "au", "sigma": 2.36178995376978e-08, "name": "q"}, {"label": "tp", "name": "tp", "sigma": 9.54807626901108e-06, "value": "2457481.950049524021", "title": "time of perihelion passage", "units": "TDB"}, {"label": "node", "value": "238.4446193055957", "title": "longitude of the ascending node", "units": "deg", "name": "om", "sigma": 6.1099764670243e-06}, {"sigma": 6.38906544757334e-06, "name": "w", "title": "argument of perihelion", "value": "114.6361171794413", "units": "deg", "label": "peri"}, {"label": "i", "sigma": 3.26954632962775e-06, "name": "i", "units": "deg", "title": "inclination", "value": "8.264419388906068"}], "data": [["1.407559181906993E-16", "-2.80128225046883E-16", "-1.003258535033491E-13", "-2.871359123733077E-14", "-5.390774199999385E-15", "7.136934103621488E-15"], ["-2.80128225046883E-16", "5.57805178572788E-16", "2.020050504897156E-13", "5.443156825070655E-14", "1.417484313249365E-14", "-1.3147700303155E-14"], ["-1.003258535033491E-13", "2.020050504897156E-13", "9.116576043885251E-11", "2.590672268317568E-12", "2.988866982824532E-11", "-7.816875418853039E-14"], ["-2.871359123733077E-14", "5.443156825070655E-14", "2.590672268317568E-12", "3.733181242759076E-11", "-3.203086007015017E-11", "-1.735117951186314E-11"], ["-5.390774199999385E-15", "1.417484313249365E-14", "2.988866982824532E-11", "-3.203086007015017E-11", "4.082015729337554E-11", "1.30901743145547E-11"], ["7.136934103621488E-15", "-1.3147700303155E-14", "-7.816875418853039E-14", "-1.735117951186314E-11", "1.30901743145547E-11", "1.068993320158227E-11"]], "labels": ["e", "q", "tp", "node", "peri", "i"]}, "elements": [{"sigma": "1.1922E-8", "name": "e", "units": null, "value": ".5521532165937874", "title": "eccentricity", "label": "e"}, {"value": "1.903329683947484", "title": "semi-major axis", "units": "au", "name": "a", "sigma": "2.5677E-9", "label": "a"}, {"label": "q", "title": "perihelion distance", "value": ".8524000767174441", "units": "au", "name": "q", "sigma": "2.3716E-8"}, {"sigma": "3.2711E-6", "name": "i", "units": "deg", "value": "8.271102252221056", "title": "inclination; angle with respect to x-y ecliptic plane", "label": "i"}, {"name": "om", "sigma": "6.0888E-6", "value": "238.3342214928357", "title": "longitude of the ascending node", "units": "deg", "label": "node"}, {"label": "peri", "sigma": "6.3761E-6", "name": "w", "units": "deg", "value": "114.742594082458", "title": "argument of perihelion"}, {"units": "deg", "title": "mean anomaly", "value": "315.7708948607072", "name": "ma", "sigma": "6.4496E-6", "label": "M"}, {"sigma": "1.7421E-5", "name": "tp", "title": "time of perihelion passage", "value": "2461318.335218100036", "units": "TDB", "label": "tp"}, {"label": "period", "name": "per", "sigma": "1.9409E-6", "title": "sidereal orbital period", "value": "959.1122945493795", "units": "d"}, {"label": "n", "name": "n", "sigma": "7.5955E-10", "units": "deg/d", "value": ".3753470808849751", "title": "mean motion"}, {"label": "Q", "name": "ad", "sigma": "3.9855E-9", "value": "2.954259291177525", "title": "aphelion distance", "units": "au"}], "epoch": "2461200.5"}