{"spkid": "20365071", "covariance": {"epoch": "2456833.5", "labels": ["e", "q", "tp", "node", "peri", "i"], "elements": [{"name": "e", "sigma": 2.51683682436632e-09, "units": null, "title": "eccentricity", "value": ".07398765170112345", "label": "e"}, {"label": "q", "name": "q", "sigma": 2.61539610359419e-09, "units": "au", "value": ".9536111828937238", "title": "perihelion distance"}, {"units": "TDB", "title": "time of perihelion passage", "value": "2456699.044898939859", "name": "tp", "sigma": 5.98508004734231e-06, "label": "tp"}, {"name": "om", "sigma": 6.26848546379559e-07, "title": "longitude of the ascending node", "value": "150.7508349909695", "units": "deg", "label": "node"}, {"title": "argument of perihelion", "value": "322.1080123201216", "units": "deg", "sigma": 6.00684015021476e-06, "name": "w", "label": "peri"}, {"label": "i", "units": "deg", "value": "45.86529506638103", "title": "inclination", "name": "i", "sigma": 5.40534203971613e-07}], "data": [["6.334467600486339E-18", "-6.504792255183991E-18", "-1.338325250285089E-15", "-2.966161157110562E-16", "-1.799868986477551E-15", "5.938883894406046E-16"], ["-6.504792255183991E-18", "6.840296778695665E-18", "3.078934727584366E-15", "1.619286074614536E-16", "3.545036596152385E-15", "-4.710983947780612E-16"], ["-1.338325250285089E-15", "3.078934727584366E-15", "3.582118317309508E-11", "-5.447324156819707E-13", "3.589244178789673E-11", "5.57629281990098E-13"], ["-2.966161157110562E-16", "1.619286074614536E-16", "-5.447324156819707E-13", "3.929391000981658E-13", "-6.019933988335039E-13", "-2.133052218810844E-13"], ["-1.799868986477551E-15", "3.545036596152385E-15", "3.589244178789673E-11", "-6.019933988335039E-13", "3.608212859023212E-11", "4.821605003034334E-13"], ["5.938883894406046E-16", "-4.710983947780612E-16", "5.57629281990098E-13", "-2.133052218810844E-13", "4.821605003034334E-13", "2.921772256632255E-13"]]}, "elements": [{"sigma": "2.5148E-9", "name": "e", "title": "eccentricity", "value": ".07392180380313174", "units": null, "label": "e"}, {"label": "a", "value": "1.029711718815795", "title": "semi-major axis", "units": "au", "sigma": "4.3436E-10", "name": "a"}, {"title": "perihelion distance", "value": ".9535935711637085", "units": "au", "name": "q", "sigma": "2.6135E-9", "label": "q"}, {"name": "i", "sigma": "5.4052E-7", "units": "deg", "value": "45.86728065731324", "title": "inclination; angle with respect to x-y ecliptic plane", "label": "i"}, {"sigma": "6.2672E-7", "name": "om", "units": "deg", "value": "150.7286589112558", "title": "longitude of the ascending node", "label": "node"}, {"label": "peri", "sigma": "6.0148E-6", "name": "w", "units": "deg", "title": "argument of perihelion", "value": "322.1515074368811"}, {"label": "M", "units": "deg", "title": "mean anomaly", "value": "285.716093808904", "name": "ma", "sigma": "7.7839E-6"}, {"label": "tp", "title": "time of perihelion passage", "value": "2461279.252462394160", "units": "TDB", "name": "tp", "sigma": "8.295E-6"}, {"name": "per", "sigma": "2.4149E-7", "units": "d", "title": "sidereal orbital period", "value": "381.6558379275929", "label": "period"}, {"label": "n", "name": "n", "sigma": "5.9684E-10", "value": ".9432582033981585", "title": "mean motion", "units": "deg/d"}, {"value": "1.105829866467882", "title": "aphelion distance", "units": "au", "sigma": "4.6647E-10", "name": "ad", "label": "Q"}], "epoch": "2461200.5"}