{"spkid": "20369264", "covariance": {"epoch": "2458729.5", "elements": [{"name": "e", "sigma": 3.73885771377963e-10, "title": "eccentricity", "value": ".5698245493019254", "units": null, "label": "e"}, {"units": "au", "title": "perihelion distance", "value": ".8623553163455006", "name": "q", "sigma": 7.39644260146941e-10, "label": "q"}, {"units": "TDB", "value": "2458787.199637251254", "title": "time of perihelion passage", "sigma": 4.98483465672672e-07, "name": "tp", "label": "tp"}, {"label": "node", "title": "longitude of the ascending node", "value": "252.0905673149479", "units": "deg", "name": "om", "sigma": 1.36936067984748e-07}, {"sigma": 1.76506065550153e-07, "name": "w", "title": "argument of perihelion", "value": "219.5021710660371", "units": "deg", "label": "peri"}, {"label": "i", "value": "52.41305957768421", "title": "inclination", "units": "deg", "name": "i", "sigma": 1.39144280707285e-07}], "data": [["1.397905700388945E-19", "-2.656123909697093E-19", "5.825790528871667E-17", "1.11626287151956E-17", "3.27165243109114E-17", "3.704821680589772E-18"], ["-2.656123909697093E-19", "5.470736315683153E-19", "-2.652785138650952E-17", "-2.05354388152039E-17", "-5.835315759752103E-17", "-2.118207692800795E-17"], ["5.825790528871667E-17", "-2.652785138650952E-17", "2.484857655490382E-13", "2.953754757791952E-14", "5.057437322779499E-14", "-4.578813251427347E-14"], ["1.11626287151956E-17", "-2.05354388152039E-17", "2.953754757791952E-14", "1.875148671512356E-14", "8.510980376597553E-15", "-1.020819069138516E-14"], ["3.27165243109114E-17", "-5.835315759752103E-17", "5.057437322779499E-14", "8.510980376597553E-15", "3.115439117599502E-14", "-6.759376798178412E-15"], ["3.704821680589772E-18", "-2.118207692800795E-17", "-4.578813251427347E-14", "-1.020819069138516E-14", "-6.759376798178412E-15", "1.936113085354783E-14"]], "labels": ["e", "q", "tp", "node", "peri", "i"]}, "elements": [{"title": "eccentricity", "value": ".5700747704837271", "units": null, "sigma": "3.7624E-10", "name": "e", "label": "e"}, {"label": "a", "sigma": "4.9085E-10", "name": "a", "title": "semi-major axis", "value": "2.005341305499629", "units": "au"}, {"label": "q", "sigma": "7.4479E-10", "name": "q", "title": "perihelion distance", "value": ".8621468210253901", "units": "au"}, {"label": "i", "units": "deg", "title": "inclination; angle with respect to x-y ecliptic plane", "value": "52.36974855715725", "sigma": "1.3934E-7", "name": "i"}, {"label": "node", "value": "252.0441927256925", "title": "longitude of the ascending node", "units": "deg", "sigma": "1.3652E-7", "name": "om"}, {"sigma": "1.7669E-7", "name": "w", "title": "argument of perihelion", "value": "219.5537153645101", "units": "deg", "label": "peri"}, {"label": "M", "name": "ma", "sigma": "4.6484E-7", "value": "117.7065821931048", "title": "mean anomaly", "units": "deg"}, {"units": "TDB", "value": "2460861.359915054760", "title": "time of perihelion passage", "name": "tp", "sigma": "1.2172E-6", "label": "tp"}, {"units": "d", "title": "sidereal orbital period", "value": "1037.243867806728", "name": "per", "sigma": "3.8083E-7", "label": "period"}, {"title": "mean motion", "value": ".3470736354038197", "units": "deg/d", "sigma": "1.2743E-10", "name": "n", "label": "n"}, {"sigma": "7.7067E-10", "name": "ad", "value": "3.148535789973867", "title": "aphelion distance", "units": "au", "label": "Q"}], "epoch": "2461200.5"}