{"spkid": "20364136", "covariance": {"labels": ["e", "q", "tp", "node", "peri", "i", "A2"], "elements": [{"label": "e", "name": "e", "sigma": 4.24305134848462e-08, "units": null, "title": "eccentricity", "value": ".7548371625997685"}, {"value": ".1658579977492461", "title": "perihelion distance", "units": "au", "name": "q", "sigma": 2.87734065136477e-08, "label": "q"}, {"label": "tp", "units": "TDB", "value": "2458145.194046719698", "title": "time of perihelion passage", "sigma": 3.67019911691057e-06, "name": "tp"}, {"units": "deg", "title": "longitude of the ascending node", "value": "303.2615972130566", "name": "om", "sigma": 1.48431967704982e-05, "label": "node"}, {"units": "deg", "value": "29.62930791810568", "title": "argument of perihelion", "sigma": 1.47904164923628e-05, "name": "w", "label": "peri"}, {"name": "i", "sigma": 8.32384305268704e-06, "title": "inclination", "value": "10.23346090292645", "units": "deg", "label": "i"}], "data": [["1.800348474587716E-15", "-1.220832915147046E-15", "8.554250695943981E-14", "-1.955775913960814E-13", "1.705536182198563E-13", "-7.844924172402166E-14", "-9.128119639490802E-24"], ["-1.220832915147046E-15", "8.279089223996245E-16", "-5.756144713302551E-14", "1.314945335028247E-13", "-1.144947011619105E-13", "5.282178356959189E-14", "6.438056196255911E-24"], ["8.554250695943981E-14", "-5.756144713302551E-14", "1.347036155777116E-11", "3.992592294038555E-12", "-5.080029698174674E-12", "3.582894807065486E-12", "6.624527801115419E-23"], ["-1.955775913960814E-13", "1.314945335028247E-13", "3.992592294038555E-12", "2.203204903677287E-10", "-2.192565906954074E-10", "1.054103682761054E-10", "-8.479787963201383E-21"], ["1.705536182198563E-13", "-1.144947011619105E-13", "-5.080029698174674E-12", "-2.192565906954074E-10", "2.187564200175564E-10", "-1.032147132290317E-10", "8.79209055618946E-21"], ["-7.844924172402166E-14", "5.282178356959189E-14", "3.582894807065486E-12", "1.054103682761054E-10", "-1.032147132290317E-10", "6.928636316576625E-11", "-2.979032386552263E-21"], ["-9.128119639490802E-24", "6.438056196255911E-24", "6.624527801115419E-23", "-8.479787963201383E-21", "8.79209055618946E-21", "-2.979032386552263E-21", "1.898175168615632E-30"]], "epoch": "2458178.5"}, "elements": [{"label": "e", "title": "eccentricity", "value": ".7548863078264129", "units": null, "name": "e", "sigma": "4.2395E-8"}, {"label": "a", "sigma": "2.0918E-9", "name": "a", "units": "au", "title": "semi-major axis", "value": ".6766013022257676"}, {"label": "q", "name": "q", "sigma": "2.8798E-8", "value": ".165844243318015", "title": "perihelion distance", "units": "au"}, {"value": "10.22188433772046", "title": "inclination; angle with respect to x-y ecliptic plane", "units": "deg", "sigma": "8.3238E-6", "name": "i", "label": "i"}, {"value": "303.1981812979993", "title": "longitude of the ascending node", "units": "deg", "name": "om", "sigma": "1.49E-5", "label": "node"}, {"label": "peri", "sigma": "1.4846E-5", "name": "w", "value": "29.69332219111609", "title": "argument of perihelion", "units": "deg"}, {"value": "11.11095224075261", "title": "mean anomaly", "units": "deg", "sigma": "2.0018E-5", "name": "ma", "label": "M"}, {"label": "tp", "units": "TDB", "value": "2461194.225972023685", "title": "time of perihelion passage", "sigma": "1.1277E-5", "name": "tp"}, {"value": "203.281413017797", "title": "sidereal orbital period", "units": "d", "name": "per", "sigma": "9.4269E-7", "label": "period"}, {"name": "n", "sigma": "8.2125E-9", "title": "mean motion", "value": "1.770944006417756", "units": "deg/d", "label": "n"}, {"label": "Q", "name": "ad", "sigma": "3.6708E-9", "units": "au", "title": "aphelion distance", "value": "1.18735836113352"}], "epoch": "2461200.5"}