{"spkid": "20378358", "covariance": {"epoch": "2458132.5", "elements": [{"units": null, "value": ".4392598681454021", "title": "eccentricity", "sigma": 6.76904651277022e-08, "name": "e", "label": "e"}, {"label": "q", "sigma": 1.1726910278682e-07, "name": "q", "units": "au", "value": ".9680391486026886", "title": "perihelion distance"}, {"label": "tp", "value": "2458350.636495208293", "title": "time of perihelion passage", "units": "TDB", "sigma": 4.68417778526024e-05, "name": "tp"}, {"label": "node", "name": "om", "sigma": 2.51815887607907e-05, "units": "deg", "value": "226.2483093194378", "title": "longitude of the ascending node"}, {"label": "peri", "name": "w", "sigma": 3.11426755848985e-05, "value": "316.8891030830763", "title": "argument of perihelion", "units": "deg"}, {"value": "16.49550137366584", "title": "inclination", "units": "deg", "sigma": 1.88579201578717e-05, "name": "i", "label": "i"}], "data": [["4.581999069204667E-15", "-7.930913304555224E-15", "7.580060461317808E-13", "4.735621072239859E-14", "5.224334444102306E-13", "-5.7916702587339E-14"], ["-7.930913304555224E-15", "1.375204246842566E-14", "-1.106862603810393E-12", "-9.249462012032977E-14", "-8.294788990142421E-13", "1.002766328493001E-13"], ["7.580060461317808E-13", "-1.106862603810393E-12", "2.194152152392554E-9", "-1.182077459028906E-10", "8.924358955338989E-10", "9.988531549872823E-13"], ["4.735621072239859E-14", "-9.249462012032977E-14", "-1.182077459028906E-10", "6.341124125175822E-10", "-6.393690323657038E-10", "3.376769483786274E-10"], ["5.224334444102306E-13", "-8.294788990142421E-13", "8.924358955338989E-10", "-6.393690323657038E-10", "9.698662425862305E-10", "-3.320382334710028E-10"], ["-5.7916702587339E-14", "1.002766328493001E-13", "9.988531549872823E-13", "3.376769483786274E-10", "-3.320382334710028E-10", "3.556211526806655E-10"]], "labels": ["e", "q", "tp", "node", "peri", "i"]}, "elements": [{"title": "eccentricity", "value": ".4392996638381546", "units": null, "name": "e", "sigma": "6.7645E-8", "label": "e"}, {"value": "1.72590035445611", "title": "semi-major axis", "units": "au", "name": "a", "sigma": "8.6653E-9", "label": "a"}, {"title": "perihelion distance", "value": ".9677129089253893", "units": "au", "sigma": "1.1722E-7", "name": "q", "label": "q"}, {"label": "i", "value": "16.50647082724362", "title": "inclination; angle with respect to x-y ecliptic plane", "units": "deg", "sigma": "1.886E-5", "name": "i"}, {"label": "node", "sigma": "2.5194E-5", "name": "om", "value": "226.1468113369708", "title": "longitude of the ascending node", "units": "deg"}, {"name": "w", "sigma": "3.1174E-5", "units": "deg", "value": "316.9911296421941", "title": "argument of perihelion", "label": "peri"}, {"label": "M", "name": "ma", "sigma": "2.8988E-5", "value": "158.6018243205948", "title": "mean anomaly", "units": "deg"}, {"label": "tp", "sigma": "6.4127E-5", "name": "tp", "units": "TDB", "title": "time of perihelion passage", "value": "2460835.638800552093"}, {"sigma": "6.2371E-6", "name": "per", "title": "sidereal orbital period", "value": "828.1747852769844", "units": "d", "label": "period"}, {"label": "n", "units": "deg/d", "value": ".4346908483570862", "title": "mean motion", "name": "n", "sigma": "3.2737E-9"}, {"label": "Q", "title": "aphelion distance", "value": "2.484087799986832", "units": "au", "name": "ad", "sigma": "1.2472E-8"}], "epoch": "2461200.5"}