{"spkid": "20377097", "covariance": {"epoch": "2458713.5", "data": [["1.263623421805248E-15", "-2.498952814136608E-15", "3.033091339801299E-13", "4.936759518584383E-14", "3.550769751039659E-13", "1.644657712921809E-14", "-1.458698548794191E-23"], ["-2.498952814136608E-15", "4.943447455276878E-15", "-6.065248323044374E-13", "-9.476045070631245E-14", "-7.08267013094937E-13", "-3.283252642613168E-14", "2.974689369032476E-23"], ["3.033091339801299E-13", "-6.065248323044374E-13", "1.092654959392589E-10", "-1.431688299935676E-13", "1.188371751728938E-10", "8.646598723889714E-12", "-1.06916325384438E-20"], ["4.936759518584383E-14", "-9.476045070631245E-14", "-1.431688299935676E-13", "4.504969719527504E-10", "-4.429466688366324E-10", "4.456212233214113E-11", "-1.210418784565608E-20"], ["3.550769751039659E-13", "-7.08267013094937E-13", "1.188371751728938E-10", "-4.429466688366324E-10", "5.854011886895277E-10", "-3.37440139513444E-11", "6.143799462160841E-21"], ["1.644657712921809E-14", "-3.283252642613168E-14", "8.646598723889714E-12", "4.456212233214113E-11", "-3.37440139513444E-11", "3.497654091554468E-11", "-3.924046317982247E-21"], ["-1.458698548794191E-23", "2.974689369032476E-23", "-1.06916325384438E-20", "-1.210418784565608E-20", "6.143799462160841E-21", "-3.924046317982247E-21", "2.067890742315808E-29"]], "elements": [{"label": "e", "title": "eccentricity", "value": ".5549417831465081", "units": null, "name": "e", "sigma": 3.55474812301132e-08}, {"value": ".8719522464010421", "title": "perihelion distance", "units": "au", "sigma": 7.03096540688182e-08, "name": "q", "label": "q"}, {"value": "2458707.329178022422", "title": "time of perihelion passage", "units": "TDB", "sigma": 1.04530137252019e-05, "name": "tp", "label": "tp"}, {"value": "267.0636508771577", "title": "longitude of the ascending node", "units": "deg", "sigma": 2.12249139445311e-05, "name": "om", "label": "node"}, {"title": "argument of perihelion", "value": "244.4168863521918", "units": "deg", "sigma": 2.41950653789058e-05, "name": "w", "label": "peri"}, {"name": "i", "sigma": 5.914096796261e-06, "title": "inclination", "value": "3.941642041400742", "units": "deg", "label": "i"}], "labels": ["e", "q", "tp", "node", "peri", "i", "A2"]}, "elements": [{"label": "e", "sigma": "3.5238E-8", "name": "e", "title": "eccentricity", "value": ".5561853431216783", "units": null}, {"sigma": "3.2065E-9", "name": "a", "title": "semi-major axis", "value": "1.956494290743339", "units": "au", "label": "a"}, {"label": "q", "units": "au", "title": "perihelion distance", "value": ".8683208423306504", "sigma": "6.9559E-8", "name": "q"}, {"label": "i", "sigma": "5.9076E-6", "name": "i", "units": "deg", "value": "3.935947608758929", "title": "inclination; angle with respect to x-y ecliptic plane"}, {"units": "deg", "value": "266.8568096790972", "title": "longitude of the ascending node", "sigma": "2.1343E-5", "name": "om", "label": "node"}, {"sigma": "2.4228E-5", "name": "w", "units": "deg", "title": "argument of perihelion", "value": "244.6732443908233", "label": "peri"}, {"label": "M", "units": "deg", "value": "176.9246267263813", "title": "mean anomaly", "name": "ma", "sigma": "2.0325E-6"}, {"label": "tp", "value": "2460709.250533774603", "title": "time of perihelion passage", "units": "TDB", "name": "tp", "sigma": "6.1074E-6"}, {"label": "period", "value": "999.5771143530287", "title": "sidereal orbital period", "units": "d", "name": "per", "sigma": "2.4573E-6"}, {"units": "deg/d", "title": "mean motion", "value": ".3601523032397638", "sigma": "8.8538E-10", "name": "n", "label": "n"}, {"title": "aphelion distance", "value": "3.044667739156028", "units": "au", "sigma": "4.9899E-9", "name": "ad", "label": "Q"}], "epoch": "2461200.5"}