{"spkid": "20374038", "covariance": {"labels": ["e", "q", "tp", "node", "peri", "i"], "data": [["4.757995470870346E-16", "-1.283286696825582E-15", "2.949691780302234E-14", "8.169967861606797E-14", "-2.924203175913074E-14", "-1.320211141019008E-15"], ["-1.283286696825582E-15", "3.462062583307365E-15", "-8.272892312051075E-14", "-2.188968437879896E-13", "7.802280174184698E-14", "3.525144823785033E-15"], ["2.949691780302234E-14", "-8.272892312051075E-14", "3.717610794915185E-11", "1.722912574763245E-11", "4.458270216132862E-12", "2.5198705613921E-13"], ["8.169967861606797E-14", "-2.188968437879896E-13", "1.722912574763245E-11", "2.818361607966664E-8", "-2.817551267712342E-8", "3.886207451134765E-10"], ["-2.924203175913074E-14", "7.802280174184698E-14", "4.458270216132862E-12", "-2.817551267712342E-8", "2.820077069788622E-8", "-3.884552477160586E-10"], ["-1.320211141019008E-15", "3.525144823785033E-15", "2.5198705613921E-13", "3.886207451134765E-10", "-3.884552477160586E-10", "2.062002890335291E-11"]], "elements": [{"name": "e", "sigma": 2.18128298734262e-08, "title": "eccentricity", "value": ".6343791376953063", "units": null, "label": "e"}, {"label": "q", "units": "au", "value": ".9852242536223749", "title": "perihelion distance", "sigma": 5.88392945514081e-08, "name": "q"}, {"label": "tp", "value": "2457983.584754283262", "title": "time of perihelion passage", "units": "TDB", "sigma": 6.09722133017589e-06, "name": "tp"}, {"title": "longitude of the ascending node", "value": "219.8990571678416", "units": "deg", "name": "om", "sigma": 0.000167879766736991, "label": "node"}, {"sigma": 0.000167930850941351, "name": "w", "title": "argument of perihelion", "value": "62.78068310266917", "units": "deg", "label": "peri"}, {"sigma": 4.54092819843619e-06, "name": "i", "title": "inclination", "value": ".829884877719003", "units": "deg", "label": "i"}], "epoch": "2457880.5"}, "elements": [{"units": null, "value": ".6358410604552402", "title": "eccentricity", "name": "e", "sigma": "2.1474E-8", "label": "e"}, {"units": "au", "title": "semi-major axis", "value": "2.688798127423552", "name": "a", "sigma": "3.2499E-9", "label": "a"}, {"name": "q", "sigma": "5.7948E-8", "value": ".9791498747324967", "title": "perihelion distance", "units": "au", "label": "q"}, {"label": "i", "units": "deg", "value": ".8320282678974884", "title": "inclination; angle with respect to x-y ecliptic plane", "name": "i", "sigma": "4.5418E-6"}, {"units": "deg", "title": "longitude of the ascending node", "value": "219.8225577854886", "sigma": ".0001677", "name": "om", "label": "node"}, {"sigma": ".00016775", "name": "w", "units": "deg", "value": "62.87682156209759", "title": "argument of perihelion", "label": "peri"}, {"label": "M", "value": "357.4228215363646", "title": "mean anomaly", "units": "deg", "sigma": "1.1777E-6", "name": "ma"}, {"label": "tp", "value": "2461212.028630369832", "title": "time of perihelion passage", "units": "TDB", "name": "tp", "sigma": "5.2779E-6"}, {"name": "per", "sigma": "2.9197E-6", "value": "1610.407269694845", "title": "sidereal orbital period", "units": "d", "label": "period"}, {"label": "n", "sigma": "4.0529E-10", "name": "n", "value": ".2235459357235863", "title": "mean motion", "units": "deg/d"}, {"label": "Q", "units": "au", "title": "aphelion distance", "value": "4.398446380114608", "sigma": "5.3163E-9", "name": "ad"}], "epoch": "2461200.5"}