{"spkid": "20374855", "covariance": {"epoch": "2458311.5", "labels": ["e", "q", "tp", "node", "peri", "i"], "elements": [{"title": "eccentricity", "value": ".4457274716655233", "units": null, "name": "e", "sigma": 9.67873965770771e-08, "label": "e"}, {"label": "q", "name": "q", "sigma": 1.06456278713819e-07, "units": "au", "value": ".6094887747880864", "title": "perihelion distance"}, {"label": "tp", "sigma": 7.8566331986052e-06, "name": "tp", "title": "time of perihelion passage", "value": "2458201.126092044658", "units": "TDB"}, {"sigma": 7.35606762721209e-06, "name": "om", "title": "longitude of the ascending node", "value": "233.7134619444294", "units": "deg", "label": "node"}, {"units": "deg", "value": "73.80182451798531", "title": "argument of perihelion", "name": "w", "sigma": 1.22069918054097e-05, "label": "peri"}, {"label": "i", "sigma": 1.0450777551203e-05, "name": "i", "title": "inclination", "value": "16.69741970239316", "units": "deg"}], "data": [["9.367800136168391E-15", "-1.030348750915859E-14", "2.791577867064958E-13", "1.304082707265919E-13", "-8.814672081571169E-13", "3.338688331776125E-13"], ["-1.030348750915859E-14", "1.133293927759429E-14", "-3.072831272381617E-13", "-1.437038768515147E-13", "9.693627369140651E-13", "-3.675552685808917E-13"], ["2.791577867064958E-13", "-3.072831272381617E-13", "6.172668521742535E-11", "7.88995069220584E-13", "4.625156903321983E-12", "-8.964741167903962E-12"], ["1.304082707265919E-13", "-1.437038768515147E-13", "7.88995069220584E-13", "5.411173093611776E-11", "-6.187202327276981E-11", "4.961253976599969E-11"], ["-8.814672081571169E-13", "9.693627369140651E-13", "4.625156903321983E-12", "-6.187202327276981E-11", "1.490106489373386E-10", "-8.214421824393005E-11"], ["3.338688331776125E-13", "-3.675552685808917E-13", "-8.964741167903962E-12", "4.961253976599969E-11", "-8.214421824393005E-11", "1.092187514247276E-10"]]}, "elements": [{"label": "e", "units": null, "value": ".4458747727953085", "title": "eccentricity", "sigma": "9.6772E-8", "name": "e"}, {"name": "a", "sigma": "9.7273E-10", "units": "au", "title": "semi-major axis", "value": "1.099385124919493", "label": "a"}, {"label": "q", "name": "q", "sigma": "1.0652E-7", "value": ".6091970321314725", "title": "perihelion distance", "units": "au"}, {"label": "i", "sigma": "1.0449E-5", "name": "i", "value": "16.69715811377942", "title": "inclination; angle with respect to x-y ecliptic plane", "units": "deg"}, {"label": "node", "name": "om", "sigma": "7.3653E-6", "title": "longitude of the ascending node", "value": "233.6693658538435", "units": "deg"}, {"label": "peri", "sigma": "1.2175E-5", "name": "w", "units": "deg", "value": "73.81970378544091", "title": "argument of perihelion"}, {"label": "M", "value": "44.12775357178398", "title": "mean anomaly", "units": "deg", "name": "ma", "sigma": "6.7608E-6"}, {"name": "tp", "sigma": "7.8953E-6", "units": "TDB", "title": "time of perihelion passage", "value": "2461148.890157932017", "label": "tp"}, {"title": "sidereal orbital period", "value": "421.0398590594457", "units": "d", "sigma": "5.588E-7", "name": "per", "label": "period"}, {"units": "deg/d", "title": "mean motion", "value": ".8550259369842045", "name": "n", "sigma": "1.1348E-9", "label": "n"}, {"name": "ad", "sigma": "1.4065E-9", "units": "au", "value": "1.589573217707515", "title": "aphelion distance", "label": "Q"}], "epoch": "2461200.5"}