{"spkid": "20375054", "covariance": {"epoch": "2456332.5", "labels": ["e", "q", "tp", "node", "peri", "i"], "elements": [{"label": "e", "sigma": 1.11542085367525e-07, "name": "e", "units": null, "value": ".4164014517500695", "title": "eccentricity"}, {"sigma": 1.50180809031566e-07, "name": "q", "title": "perihelion distance", "value": ".7578704580476554", "units": "au", "label": "q"}, {"name": "tp", "sigma": 2.63107410208375e-05, "units": "TDB", "value": "2456397.275667028529", "title": "time of perihelion passage", "label": "tp"}, {"value": "316.4026394923379", "title": "longitude of the ascending node", "units": "deg", "sigma": 1.28684352179307e-05, "name": "om", "label": "node"}, {"units": "deg", "title": "argument of perihelion", "value": "251.2200991920475", "name": "w", "sigma": 2.35835259704081e-05, "label": "peri"}, {"units": "deg", "value": "25.60172741193394", "title": "inclination", "sigma": 2.2160708810052e-05, "name": "i", "label": "i"}], "data": [["1.24416368081362E-14", "-1.675028773454242E-14", "2.253980386164009E-12", "8.22866164941843E-14", "1.865307087528423E-12", "9.025338136369117E-13"], ["-1.675028773454242E-14", "2.255427540137561E-14", "-3.044658261834849E-12", "-1.125711128055267E-13", "-2.518150428476655E-12", "-1.212097728207935E-12"], ["2.253980386164009E-12", "-3.044658261834849E-12", "6.922550930655789E-10", "2.807490936446098E-11", "5.298819608825605E-10", "2.648539992717586E-10"], ["8.22866164941843E-14", "-1.125711128055267E-13", "2.807490936446098E-11", "1.655966249580795E-10", "-1.222831598937427E-10", "-1.362785963162322E-10"], ["1.865307087528423E-12", "-2.518150428476655E-12", "5.298819608825605E-10", "-1.222831598937427E-10", "5.561826971969139E-10", "3.173946156087166E-10"], ["9.025338136369117E-13", "-1.212097728207935E-12", "2.648539992717586E-10", "-1.362785963162322E-10", "3.173946156087166E-10", "4.910970149639142E-10"]]}, "elements": [{"label": "e", "units": null, "value": ".4163682250457902", "title": "eccentricity", "sigma": "1.1152E-7", "name": "e"}, {"sigma": "9.4034E-9", "name": "a", "units": "au", "title": "semi-major axis", "value": "1.298340488955843", "label": "a"}, {"label": "q", "title": "perihelion distance", "value": ".7577527640642153", "units": "au", "sigma": "1.5005E-7", "name": "q"}, {"label": "i", "sigma": "2.2162E-5", "name": "i", "title": "inclination; angle with respect to x-y ecliptic plane", "value": "25.5987263260178", "units": "deg"}, {"label": "node", "name": "om", "sigma": "1.2852E-5", "units": "deg", "value": "316.3250041643597", "title": "longitude of the ascending node"}, {"label": "peri", "name": "w", "sigma": "2.3568E-5", "units": "deg", "value": "251.2563123966723", "title": "argument of perihelion"}, {"sigma": "2.3835E-5", "name": "ma", "units": "deg", "title": "mean anomaly", "value": "319.4925656565599", "label": "M"}, {"units": "TDB", "title": "time of perihelion passage", "value": "2461261.301397866956", "name": "tp", "sigma": "3.637E-5", "label": "tp"}, {"sigma": "5.8704E-6", "name": "per", "units": "d", "title": "sidereal orbital period", "value": "540.3576796921679", "label": "period"}, {"title": "mean motion", "value": ".6662253790953531", "units": "deg/d", "name": "n", "sigma": "7.2379E-9", "label": "n"}, {"sigma": "1.3319E-8", "name": "ad", "value": "1.838928213847471", "title": "aphelion distance", "units": "au", "label": "Q"}], "epoch": "2461200.5"}