{"spkid": "20371660", "covariance": {"elements": [{"sigma": 1.49825238357399e-08, "name": "e", "value": ".2693280742113731", "title": "eccentricity", "units": null, "label": "e"}, {"label": "q", "sigma": 1.98625628279342e-08, "name": "q", "value": ".944816618202061", "title": "perihelion distance", "units": "au"}, {"name": "tp", "sigma": 7.34654786181248e-06, "value": "2457571.292142992980", "title": "time of perihelion passage", "units": "TDB", "label": "tp"}, {"label": "node", "name": "om", "sigma": 8.04060156053436e-06, "value": "159.3378331368197", "title": "longitude of the ascending node", "units": "deg"}, {"label": "peri", "sigma": 1.16482864077951e-05, "name": "w", "units": "deg", "title": "argument of perihelion", "value": "135.6079122709245"}, {"label": "i", "name": "i", "sigma": 2.00528396765553e-06, "value": "7.583738891656506", "title": "inclination", "units": "deg"}], "data": [["2.24476020488513E-16", "-2.956613788966067E-16", "-8.633218206418126E-15", "-8.858679633529363E-14", "6.711709564455084E-14", "-2.173676677473105E-14"], ["-2.956613788966067E-16", "3.945214020936336E-16", "2.408498501852696E-14", "1.14184678121319E-13", "-8.130885036673414E-14", "2.875489097451445E-14"], ["-8.633218206418126E-15", "2.408498501852696E-14", "5.397176548590159E-11", "-2.765957959167862E-11", "6.319739999545085E-11", "1.266916319914796E-12"], ["-8.858679633529363E-14", "1.14184678121319E-13", "-2.765957959167862E-11", "6.465127345526755E-11", "-8.475145610919781E-11", "7.764061977611285E-12"], ["6.711709564455084E-14", "-8.130885036673414E-14", "6.319739999545085E-11", "-8.475145610919781E-11", "1.356825762380244E-10", "-5.458452445947761E-12"], ["-2.173676677473105E-14", "2.875489097451445E-14", "1.266916319914796E-12", "7.764061977611285E-12", "-5.458452445947761E-12", "4.021163790936308E-12"]], "labels": ["e", "q", "tp", "node", "peri", "i"], "epoch": "2457468.5"}, "elements": [{"label": "e", "sigma": "1.4982E-8", "name": "e", "title": "eccentricity", "value": ".2692730402149369", "units": null}, {"label": "a", "units": "au", "title": "semi-major axis", "value": "1.292474245025896", "sigma": "2.961E-9", "name": "a"}, {"label": "q", "title": "perihelion distance", "value": ".9444457756682677", "units": "au", "sigma": "1.9916E-8", "name": "q"}, {"sigma": "2.0053E-6", "name": "i", "value": "7.586129392748012", "title": "inclination; angle with respect to x-y ecliptic plane", "units": "deg", "label": "i"}, {"label": "node", "title": "longitude of the ascending node", "value": "159.2568376195246", "units": "deg", "sigma": "8.051E-6", "name": "om"}, {"units": "deg", "title": "argument of perihelion", "value": "135.725196235653", "sigma": "1.1652E-5", "name": "w", "label": "peri"}, {"label": "M", "name": "ma", "sigma": "1.2714E-5", "units": "deg", "title": "mean anomaly", "value": "274.0963706731642"}, {"sigma": "1.9381E-5", "name": "tp", "units": "TDB", "value": "2461328.567899149328", "title": "time of perihelion passage", "label": "tp"}, {"value": "536.6996022757694", "title": "sidereal orbital period", "units": "d", "sigma": "1.8443E-6", "name": "per", "label": "period"}, {"title": "mean motion", "value": ".6707662880193885", "units": "deg/d", "sigma": "2.305E-9", "name": "n", "label": "n"}, {"name": "ad", "sigma": "3.7583E-9", "units": "au", "title": "aphelion distance", "value": "1.640502714383524", "label": "Q"}], "epoch": "2461200.5"}