{"spkid": "20373135", "covariance": {"epoch": "2456550.5", "labels": ["e", "q", "tp", "node", "peri", "i"], "data": [["9.960330077532841E-16", "-1.639029428932013E-15", "-6.628061476665254E-15", "3.936421405598214E-15", "2.474062073971864E-14", "3.051027682277579E-15"], ["-1.639029428932013E-15", "2.790336347313295E-15", "-1.320307111388153E-15", "-8.684265632365583E-15", "-4.253978177194914E-14", "-4.258386773237588E-15"], ["-6.628061476665254E-15", "-1.320307111388153E-15", "8.701702976753162E-10", "-3.142393781963177E-11", "3.798466098017798E-10", "2.286996933746532E-11"], ["3.936421405598214E-15", "-8.684265632365583E-15", "-3.142393781963177E-11", "4.214716009653547E-9", "-4.213188703181434E-9", "-1.932937695660533E-10"], ["2.474062073971864E-14", "-4.253978177194914E-14", "3.798466098017798E-10", "-4.213188703181434E-9", "4.3653383115163E-9", "2.018856917509159E-10"], ["3.051027682277579E-15", "-4.258386773237588E-15", "2.286996933746532E-11", "-1.932937695660533E-10", "2.018856917509159E-10", "3.767394419316008E-11"]], "elements": [{"label": "e", "name": "e", "sigma": 3.15599906171292e-08, "units": null, "title": "eccentricity", "value": ".4979375777390047"}, {"label": "q", "title": "perihelion distance", "value": ".8296242743262476", "units": "au", "name": "q", "sigma": 5.28236343629752e-08}, {"label": "tp", "name": "tp", "sigma": 2.94986490822091e-05, "value": "2456455.438273591624", "title": "time of perihelion passage", "units": "TDB"}, {"label": "node", "value": "203.2446899396007", "title": "longitude of the ascending node", "units": "deg", "sigma": 6.49208441846958e-05, "name": "om"}, {"label": "peri", "name": "w", "sigma": 6.6070706909464e-05, "units": "deg", "value": "59.32817981880466", "title": "argument of perihelion"}, {"sigma": 6.13791040934617e-06, "name": "i", "units": "deg", "title": "inclination", "value": "4.389898034348834", "label": "i"}]}, "elements": [{"label": "e", "value": ".4974906683516636", "title": "eccentricity", "units": null, "name": "e", "sigma": "3.1546E-8"}, {"name": "a", "sigma": "2.3256E-8", "units": "au", "title": "semi-major axis", "value": "1.652524517802081", "label": "a"}, {"label": "q", "units": "au", "value": ".8304089909732132", "title": "perihelion distance", "name": "q", "sigma": "5.29E-8"}, {"units": "deg", "value": "4.385598070740993", "title": "inclination; angle with respect to x-y ecliptic plane", "sigma": "6.1342E-6", "name": "i", "label": "i"}, {"units": "deg", "title": "longitude of the ascending node", "value": "203.0265998461919", "sigma": "6.5043E-5", "name": "om", "label": "node"}, {"sigma": "6.6203E-5", "name": "w", "units": "deg", "title": "argument of perihelion", "value": "59.65807376013115", "label": "peri"}, {"sigma": "4.4709E-5", "name": "ma", "units": "deg", "value": "40.98570585625517", "title": "mean anomaly", "label": "M"}, {"value": "2461112.161460969875", "title": "time of perihelion passage", "units": "TDB", "sigma": "9.4571E-5", "name": "tp", "label": "tp"}, {"name": "per", "sigma": "1.6379E-5", "units": "d", "value": "775.9259816673721", "title": "sidereal orbital period", "label": "period"}, {"units": "deg/d", "title": "mean motion", "value": ".463961780512109", "sigma": "9.794E-9", "name": "n", "label": "n"}, {"label": "Q", "units": "au", "title": "aphelion distance", "value": "2.474640044630949", "sigma": "3.4826E-8", "name": "ad"}], "epoch": "2461200.5"}