{"spkid": "20380636", "covariance": {"elements": [{"label": "e", "value": ".2664889344683817", "title": "eccentricity", "units": null, "name": "e", "sigma": 9.01208418695909e-08}, {"name": "q", "sigma": 8.37450436763342e-08, "units": "au", "value": ".6831279066809179", "title": "perihelion distance", "label": "q"}, {"label": "tp", "title": "time of perihelion passage", "value": "2458060.438250662701", "units": "TDB", "sigma": 2.56988534648049e-05, "name": "tp"}, {"label": "node", "sigma": 2.73713356366795e-05, "name": "om", "title": "longitude of the ascending node", "value": "120.8684978020707", "units": "deg"}, {"label": "peri", "units": "deg", "value": "115.7035830035412", "title": "argument of perihelion", "name": "w", "sigma": 2.44748969791286e-05}, {"units": "deg", "value": "10.74346252131156", "title": "inclination", "name": "i", "sigma": 5.6889169114988e-06, "label": "i"}], "data": [["8.121766139283811E-15", "-7.546842180509737E-15", "-1.230693220918758E-12", "-1.237146552183607E-12", "4.319535693892393E-13", "4.216498765953981E-13"], ["-7.546842180509737E-15", "7.013232340351121E-15", "1.150216481073446E-12", "1.156736187036059E-12", "-4.039015903637545E-13", "-3.925422875277673E-13"], ["-1.230693220918758E-12", "1.150216481073446E-12", "6.604310694055163E-10", "3.182145514225154E-10", "1.167958053475111E-10", "-8.900626962418064E-11"], ["-1.237146552183607E-12", "1.156736187036059E-12", "3.182145514225154E-10", "7.491900145357611E-10", "-5.281115340573528E-10", "-1.03437759919196E-10"], ["4.319535693892393E-13", "-4.039015903637545E-13", "1.167958053475111E-10", "-5.281115340573528E-10", "5.990205821389587E-10", "4.5484177746811E-11"], ["4.216498765953981E-13", "-3.925422875277673E-13", "-8.900626962418064E-11", "-1.03437759919196E-10", "4.5484177746811E-11", "3.236377562593704E-11"]], "labels": ["e", "q", "tp", "node", "peri", "i"], "epoch": "2458165.5"}, "elements": [{"label": "e", "name": "e", "sigma": "9.0266E-8", "units": null, "title": "eccentricity", "value": ".2665296174266957"}, {"label": "a", "sigma": "1.1308E-9", "name": "a", "value": ".9313355886920642", "title": "semi-major axis", "units": "au"}, {"sigma": "8.3659E-8", "name": "q", "value": ".683107070542102", "title": "perihelion distance", "units": "au", "label": "q"}, {"label": "i", "name": "i", "sigma": "5.6763E-6", "units": "deg", "value": "10.7464317169733", "title": "inclination; angle with respect to x-y ecliptic plane"}, {"sigma": "2.7337E-5", "name": "om", "title": "longitude of the ascending node", "value": "120.7836124217595", "units": "deg", "label": "node"}, {"value": "115.7474552206847", "title": "argument of perihelion", "units": "deg", "sigma": "2.4435E-5", "name": "w", "label": "peri"}, {"label": "M", "title": "mean anomaly", "value": "203.5179683531013", "units": "deg", "name": "ma", "sigma": "2.8901E-5"}, {"label": "tp", "units": "TDB", "value": "2461343.198596046401", "title": "time of perihelion passage", "sigma": "2.6354E-5", "name": "tp"}, {"label": "period", "units": "d", "title": "sidereal orbital period", "value": "328.2900537272163", "name": "per", "sigma": "5.979E-7"}, {"label": "n", "sigma": "1.9972E-9", "name": "n", "units": "deg/d", "value": "1.096591248844633", "title": "mean motion"}, {"sigma": "1.4322E-9", "name": "ad", "value": "1.179564106842027", "title": "aphelion distance", "units": "au", "label": "Q"}], "epoch": "2461200.5"}