{"spkid": "20389694", "covariance": {"epoch": "2457132.5", "labels": ["e", "q", "tp", "node", "peri", "i"], "data": [["9.771964792230695E-18", "-1.547634819143945E-17", "-3.298809514412601E-16", "-8.06523034425933E-16", "1.665217145502922E-15", "1.113054738591209E-15"], ["-1.547634819143945E-17", "2.475891424309874E-17", "4.713480178262096E-16", "1.328312288353809E-15", "-2.732060892463646E-15", "-1.818736906567051E-15"], ["-3.298809514412601E-16", "4.713480178262096E-16", "1.803316587119332E-13", "7.753856184989825E-15", "6.778057452211318E-14", "-5.013703621050172E-14"], ["-8.06523034425933E-16", "1.328312288353809E-15", "7.753856184989825E-15", "1.956538622916363E-13", "-2.664819318049227E-13", "-1.264246816674247E-13"], ["1.665217145502922E-15", "-2.732060892463646E-15", "6.778057452211318E-14", "-2.664819318049227E-13", "5.129774635447576E-13", "2.349793274992731E-13"], ["1.113054738591209E-15", "-1.818736906567051E-15", "-5.013703621050172E-14", "-1.264246816674247E-13", "2.349793274992731E-13", "2.007410297262703E-13"]], "elements": [{"label": "e", "name": "e", "sigma": 3.12601420217994e-09, "units": null, "value": ".4921672107907212", "title": "eccentricity"}, {"label": "q", "name": "q", "sigma": 4.97583302001773e-09, "title": "perihelion distance", "value": ".7848072615073638", "units": "au"}, {"name": "tp", "sigma": 4.24654752371775e-07, "units": "TDB", "title": "time of perihelion passage", "value": "2457371.728697615361", "label": "tp"}, {"label": "node", "sigma": 4.42327776984033e-07, "name": "om", "units": "deg", "value": "358.8974499288101", "title": "longitude of the ascending node"}, {"label": "peri", "title": "argument of perihelion", "value": "106.6762703923045", "units": "deg", "sigma": 7.16224450535415e-07, "name": "w"}, {"label": "i", "name": "i", "sigma": 4.48041325913437e-07, "units": "deg", "value": "19.06700349512561", "title": "inclination"}]}, "elements": [{"title": "eccentricity", "value": ".4921133062217496", "units": null, "sigma": "3.1242E-9", "name": "e", "label": "e"}, {"label": "a", "name": "a", "sigma": "1.0028E-9", "title": "semi-major axis", "value": "1.545377273469118", "units": "au"}, {"label": "q", "name": "q", "sigma": "4.9679E-9", "title": "perihelion distance", "value": ".7848765540622776", "units": "au"}, {"label": "i", "title": "inclination; angle with respect to x-y ecliptic plane", "value": "19.0707642632364", "units": "deg", "name": "i", "sigma": "4.485E-7"}, {"label": "node", "sigma": "4.419E-7", "name": "om", "value": "358.7769768442397", "title": "longitude of the ascending node", "units": "deg"}, {"value": "106.8163361393063", "title": "argument of perihelion", "units": "deg", "name": "w", "sigma": "7.1497E-7", "label": "peri"}, {"units": "deg", "title": "mean anomaly", "value": "164.5258376695518", "name": "ma", "sigma": "1.8866E-6", "label": "M"}, {"label": "tp", "title": "time of perihelion passage", "value": "2460879.812657651825", "units": "TDB", "sigma": "3.3674E-6", "name": "tp"}, {"name": "per", "sigma": "6.8297E-7", "title": "sidereal orbital period", "value": "701.6979514015159", "units": "d", "label": "period"}, {"label": "n", "name": "n", "sigma": "4.9935E-10", "title": "mean motion", "value": ".5130412583946762", "units": "deg/d"}, {"label": "Q", "value": "2.305877992875959", "title": "aphelion distance", "units": "au", "sigma": "1.4962E-9", "name": "ad"}], "epoch": "2461200.5"}