{"spkid": "20388945", "covariance": {"data": [["3.340164370838889E-17", "-5.212925180928186E-17", "7.858001652293429E-15", "1.993318362995538E-15", "7.754826134176437E-15", "-4.077492441990884E-16", "-3.294567448008736E-23"], ["-5.212925180928186E-17", "8.146545720461742E-17", "-1.232207861920793E-14", "-2.986460410370459E-15", "-1.249587662798475E-14", "5.629043663863012E-16", "4.967497139872412E-23"], ["7.858001652293429E-15", "-1.232207861920793E-14", "2.479445338013558E-12", "-2.828894223544E-15", "3.31606830067728E-12", "-3.023149024484048E-13", "2.842551686280863E-21"], ["1.993318362995538E-15", "-2.986460410370459E-15", "-2.828894223544E-15", "9.063180211489469E-12", "-8.546782269525045E-12", "-8.396933315495229E-13", "7.227437587364855E-23"], ["7.754826134176437E-15", "-1.249587662798475E-14", "3.31606830067728E-12", "-8.546782269525045E-12", "1.291949644545391E-11", "6.028077336405715E-13", "1.030309841755509E-20"], ["-4.077492441990884E-16", "5.629043663863012E-16", "-3.023149024484048E-13", "-8.396933315495229E-13", "6.028077336405715E-13", "2.016579679110868E-12", "1.358903629032807E-22"], ["-3.294567448008736E-23", "4.967497139872412E-23", "2.842551686280863E-21", "7.227437587364855E-23", "1.030309841755509E-20", "1.358903629032807E-22", "2.561679056824567E-28"]], "elements": [{"units": null, "title": "eccentricity", "value": ".3907047210575633", "sigma": 5.77941551615636e-09, "name": "e", "label": "e"}, {"label": "q", "name": "q", "sigma": 9.02582169138176e-09, "units": "au", "title": "perihelion distance", "value": ".9687856028047834"}, {"title": "time of perihelion passage", "value": "2459741.214821306296", "units": "TDB", "sigma": 1.57462545959779e-06, "name": "tp", "label": "tp"}, {"title": "longitude of the ascending node", "value": "44.05143658615259", "units": "deg", "name": "om", "sigma": 3.01051161955729e-06, "label": "node"}, {"label": "peri", "units": "deg", "title": "argument of perihelion", "value": "219.7298458457554", "sigma": 3.59437010412866e-06, "name": "w"}, {"sigma": 1.4200632658832e-06, "name": "i", "units": "deg", "value": "8.717556779041711", "title": "inclination", "label": "i"}], "labels": ["e", "q", "tp", "node", "peri", "i", "A2"], "epoch": "2459531.5"}, "elements": [{"label": "e", "units": null, "title": "eccentricity", "value": ".3919667157969965", "sigma": "5.6452E-9", "name": "e"}, {"label": "a", "value": "1.593017343204038", "title": "semi-major axis", "units": "au", "sigma": "2.8061E-9", "name": "a"}, {"title": "perihelion distance", "value": ".9686075669806944", "units": "au", "sigma": "9.6148E-9", "name": "q", "label": "q"}, {"units": "deg", "title": "inclination; angle with respect to x-y ecliptic plane", "value": "8.685335863254316", "sigma": "1.4221E-6", "name": "i", "label": "i"}, {"sigma": "3.0111E-6", "name": "om", "units": "deg", "value": "43.89927415735568", "title": "longitude of the ascending node", "label": "node"}, {"label": "peri", "units": "deg", "title": "argument of perihelion", "value": "219.8012746526281", "name": "w", "sigma": "3.6045E-6"}, {"name": "ma", "sigma": "1.572E-6", "title": "mean anomaly", "value": "356.0339782918175", "units": "deg", "label": "M"}, {"label": "tp", "units": "TDB", "title": "time of perihelion passage", "value": "2461208.590619355111", "name": "tp", "sigma": "3.2249E-6"}, {"label": "period", "sigma": "1.9405E-6", "name": "per", "units": "d", "title": "sidereal orbital period", "value": "734.3941062730023"}, {"sigma": "1.2953E-9", "name": "n", "units": "deg/d", "title": "mean motion", "value": ".4902000123979403", "label": "n"}, {"label": "Q", "name": "ad", "sigma": "3.9061E-9", "units": "au", "title": "aphelion distance", "value": "2.217427119427382"}], "epoch": "2461200.5"}