{"spkid": "20385605", "covariance": {"labels": ["e", "q", "tp", "node", "peri", "i"], "elements": [{"units": null, "title": "eccentricity", "value": ".5730922231224314", "name": "e", "sigma": 2.71423712872623e-08, "label": "e"}, {"label": "q", "units": "au", "value": ".7284750834316437", "title": "perihelion distance", "sigma": 4.60015841300244e-08, "name": "q"}, {"label": "tp", "sigma": 1.33417038434059e-05, "name": "tp", "units": "TDB", "title": "time of perihelion passage", "value": "2458449.361936102537"}, {"value": "342.1311702688641", "title": "longitude of the ascending node", "units": "deg", "sigma": 2.28777458559727e-05, "name": "om", "label": "node"}, {"title": "argument of perihelion", "value": "290.5434398622206", "units": "deg", "sigma": 2.36982065047978e-05, "name": "w", "label": "peri"}, {"label": "i", "units": "deg", "title": "inclination", "value": "8.859101455180532", "name": "i", "sigma": 8.32617424288673e-06}], "data": [["7.367083190956005E-16", "-1.247866639309283E-15", "1.070124690876824E-13", "5.054833847790975E-14", "2.499460288609625E-14", "-2.659399878492826E-14"], ["-1.247866639309283E-15", "2.116145742471714E-15", "-1.972753085604337E-13", "-8.50839485156127E-14", "-5.173232442207949E-14", "4.723291862406319E-14"], ["1.070124690876824E-13", "-1.972753085604337E-13", "1.780010614451521E-10", "1.003942105235817E-11", "9.270380838686378E-11", "-1.994037082459545E-11"], ["5.054833847790975E-14", "-8.50839485156127E-14", "1.003942105235817E-11", "5.233912554504764E-10", "-5.057030590531909E-10", "8.958917744271184E-11"], ["2.499460288609625E-14", "-5.173232442207949E-14", "9.270380838686378E-11", "-5.057030590531909E-10", "5.616049915440409E-10", "-1.009421635346933E-10"], ["-2.659399878492826E-14", "4.723291862406319E-14", "-1.994037082459545E-11", "8.958917744271184E-11", "-1.009421635346933E-10", "6.932517752291043E-11"]], "epoch": "2458183.5"}, "elements": [{"label": "e", "value": ".5735451234642179", "title": "eccentricity", "units": null, "name": "e", "sigma": "2.8215E-8"}, {"label": "a", "sigma": "1.9343E-8", "name": "a", "units": "au", "value": "1.707091434059343", "title": "semi-major axis"}, {"label": "q", "name": "q", "sigma": "5.2538E-8", "units": "au", "value": ".7279974667470682", "title": "perihelion distance"}, {"label": "i", "title": "inclination; angle with respect to x-y ecliptic plane", "value": "8.864627341680947", "units": "deg", "name": "i", "sigma": "8.5415E-6"}, {"sigma": "2.2501E-5", "name": "om", "units": "deg", "value": "341.9690199809136", "title": "longitude of the ascending node", "label": "node"}, {"label": "peri", "name": "w", "sigma": "2.2844E-5", "units": "deg", "title": "argument of perihelion", "value": "290.7104245987601"}, {"label": "M", "units": "deg", "title": "mean anomaly", "value": "136.2236342827962", "name": "ma", "sigma": "4.9065E-6"}, {"label": "tp", "sigma": "9.5244E-6", "name": "tp", "title": "time of perihelion passage", "value": "2460892.228366762787", "units": "TDB"}, {"label": "period", "title": "sidereal orbital period", "value": "814.6735223273389", "units": "d", "sigma": "1.3847E-5", "name": "per"}, {"sigma": "7.5106E-9", "name": "n", "units": "deg/d", "value": ".4418948083295515", "title": "mean motion", "label": "n"}, {"sigma": "3.0437E-8", "name": "ad", "title": "aphelion distance", "value": "2.686185401371617", "units": "au", "label": "Q"}], "epoch": "2461200.5"}