{"spkid": "20382406", "covariance": {"data": [["1.031924092506731E-13", "-1.354548730984142E-13", "-8.263513943936141E-13", "1.595824013555501E-11", "-2.536823871209505E-11", "1.544804118131877E-12"], ["-1.354548730984142E-13", "1.778075061722244E-13", "1.11913866292217E-12", "-2.084746389283676E-11", "3.320474091168323E-11", "-2.019453371440106E-12"], ["-8.263513943936141E-13", "1.11913866292217E-12", "1.232274486969199E-9", "-1.887737441592226E-9", "2.166759993407645E-9", "-1.76366088155662E-10"], ["1.595824013555501E-11", "-2.084746389283676E-11", "-1.887737441592226E-9", "1.889374069912783E-7", "-1.909222714242613E-7", "1.612054186810874E-8"], ["-2.536823871209505E-11", "3.320474091168323E-11", "2.166759993407645E-9", "-1.909222714242613E-7", "1.93816445803749E-7", "-1.630942740512027E-8"], ["1.544804118131877E-12", "-2.019453371440106E-12", "-1.76366088155662E-10", "1.612054186810874E-8", "-1.630942740512027E-8", "1.441915924726754E-9"]], "elements": [{"label": "e", "title": "eccentricity", "value": ".7813274557434714", "units": null, "sigma": 3.21235753381645e-07, "name": "e"}, {"units": "au", "value": ".286427423393881", "title": "perihelion distance", "sigma": 4.21672273421225e-07, "name": "q", "label": "q"}, {"sigma": 3.51037674184581e-05, "name": "tp", "value": "2458225.416998470153", "title": "time of perihelion passage", "units": "TDB", "label": "tp"}, {"label": "node", "name": "om", "sigma": 0.000434669307625094, "title": "longitude of the ascending node", "value": "90.98091256659558", "units": "deg"}, {"name": "w", "sigma": 0.000440245892432569, "title": "argument of perihelion", "value": "238.2666515511521", "units": "deg", "label": "peri"}, {"label": "i", "name": "i", "sigma": 3.79725680554628e-05, "title": "inclination", "value": "2.536091940735212", "units": "deg"}], "labels": ["e", "q", "tp", "node", "peri", "i"], "epoch": "2458161.5"}, "elements": [{"label": "e", "units": null, "value": ".781562418257807", "title": "eccentricity", "sigma": "3.2228E-7", "name": "e"}, {"label": "a", "units": "au", "value": "1.310420846924498", "title": "semi-major axis", "sigma": "1.9853E-8", "name": "a"}, {"name": "q", "sigma": "4.1958E-7", "title": "perihelion distance", "value": ".2862451608667437", "units": "au", "label": "q"}, {"name": "i", "sigma": "3.809E-5", "units": "deg", "value": "2.539158146459", "title": "inclination; angle with respect to x-y ecliptic plane", "label": "i"}, {"label": "node", "units": "deg", "value": "90.92894237004246", "title": "longitude of the ascending node", "sigma": ".00043384", "name": "om"}, {"name": "w", "sigma": ".00043942", "units": "deg", "value": "238.3369359941513", "title": "argument of perihelion", "label": "peri"}, {"label": "M", "name": "ma", "sigma": "1.8995E-5", "units": "deg", "value": "155.2727049497705", "title": "mean anomaly"}, {"units": "TDB", "title": "time of perihelion passage", "value": "2460964.176323111800", "sigma": "2.7474E-5", "name": "tp", "label": "tp"}, {"label": "period", "units": "d", "value": "547.9168003627786", "title": "sidereal orbital period", "name": "per", "sigma": "1.2451E-5"}, {"label": "n", "units": "deg/d", "title": "mean motion", "value": ".657034060210678", "name": "n", "sigma": "1.4931E-8"}, {"label": "Q", "sigma": "3.5369E-8", "name": "ad", "title": "aphelion distance", "value": "2.334596532982252", "units": "au"}], "epoch": "2461200.5"}