{"spkid": "20382758", "covariance": {"epoch": "2456831.5", "data": [["1.098565788508244E-16", "-1.588172763325555E-16", "-9.251137328936034E-14", "3.78394989744066E-14", "-1.020364447389868E-13", "1.363218229826156E-15"], ["-1.588172763325555E-16", "2.299987652551081E-16", "1.373238631993427E-13", "-4.829367729423444E-14", "1.420745413641688E-13", "-1.510963011630607E-15"], ["-9.251137328936034E-14", "1.373238631993427E-13", "1.376892419245292E-10", "1.417309867334306E-12", "8.352338204758806E-11", "8.989364937572921E-13"], ["3.78394989744066E-14", "-4.829367729423444E-14", "1.417309867334306E-12", "1.77645411083429E-9", "-1.772241274379701E-9", "1.044273053310728E-10"], ["-1.020364447389868E-13", "1.420745413641688E-13", "8.352338204758806E-11", "-1.772241274379701E-9", "1.82622172144399E-9", "-1.040979433753775E-10"], ["1.363218229826156E-15", "-1.510963011630607E-15", "8.989364937572921E-13", "1.044273053310728E-10", "-1.040979433753775E-10", "1.332228710609157E-11"]], "elements": [{"units": null, "value": ".3174199228637987", "title": "eccentricity", "sigma": 1.04812489165569e-08, "name": "e", "label": "e"}, {"sigma": 1.51657101797149e-08, "name": "q", "title": "perihelion distance", "value": ".9419070558652818", "units": "au", "label": "q"}, {"name": "tp", "sigma": 1.17341059277871e-05, "value": "2456989.635037783208", "title": "time of perihelion passage", "units": "TDB", "label": "tp"}, {"value": "322.0113050405852", "title": "longitude of the ascending node", "units": "deg", "sigma": 4.21480024536666e-05, "name": "om", "label": "node"}, {"sigma": 4.27343155022283e-05, "name": "w", "units": "deg", "value": "334.0125888799764", "title": "argument of perihelion", "label": "peri"}, {"units": "deg", "title": "inclination", "value": "4.669119401964694", "name": "i", "sigma": 3.64997083633439e-06, "label": "i"}], "labels": ["e", "q", "tp", "node", "peri", "i"]}, "elements": [{"name": "e", "sigma": "1.0553E-8", "units": null, "value": ".3174308626838501", "title": "eccentricity", "label": "e"}, {"label": "a", "name": "a", "sigma": "1.5407E-9", "units": "au", "value": "1.379820009384084", "title": "semi-major axis"}, {"label": "q", "name": "q", "sigma": "1.5237E-8", "title": "perihelion distance", "value": ".9418225534568562", "units": "au"}, {"label": "i", "name": "i", "sigma": "3.6394E-6", "title": "inclination; angle with respect to x-y ecliptic plane", "value": "4.674818361983249", "units": "deg"}, {"sigma": "4.2303E-5", "name": "om", "units": "deg", "value": "321.7704601571634", "title": "longitude of the ascending node", "label": "node"}, {"label": "peri", "units": "deg", "value": "334.2067118125302", "title": "argument of perihelion", "sigma": "4.2803E-5", "name": "w"}, {"label": "M", "sigma": "1.1226E-5", "name": "ma", "value": "40.78683576094303", "title": "mean anomaly", "units": "deg"}, {"sigma": "1.8355E-5", "name": "tp", "title": "time of perihelion passage", "value": "2461133.426711750280", "units": "TDB", "label": "tp"}, {"label": "period", "units": "d", "value": "592.0141467071431", "title": "sidereal orbital period", "sigma": "9.9155E-7", "name": "per"}, {"label": "n", "value": ".6080935768213734", "title": "mean motion", "units": "deg/d", "sigma": "1.0185E-9", "name": "n"}, {"sigma": "2.0297E-9", "name": "ad", "units": "au", "value": "1.817817465311312", "title": "aphelion distance", "label": "Q"}], "epoch": "2461200.5"}