{"spkid": "20395207", "covariance": {"epoch": "2457786.5", "labels": ["e", "q", "tp", "node", "peri", "i"], "elements": [{"label": "e", "name": "e", "sigma": 4.04893769957257e-08, "value": ".4893059788956461", "title": "eccentricity", "units": null}, {"name": "q", "sigma": 6.456563927448e-08, "title": "perihelion distance", "value": ".8008435276131656", "units": "au", "label": "q"}, {"name": "tp", "sigma": 1.05508778278005e-05, "units": "TDB", "value": "2457572.611266796793", "title": "time of perihelion passage", "label": "tp"}, {"label": "node", "sigma": 5.56319608640878e-06, "name": "om", "value": "218.5022106898887", "title": "longitude of the ascending node", "units": "deg"}, {"label": "peri", "value": "66.29019487949394", "title": "argument of perihelion", "units": "deg", "sigma": 8.9423913335047e-06, "name": "w"}, {"label": "i", "name": "i", "sigma": 9.12208049587174e-06, "units": "deg", "title": "inclination", "value": "27.8519214054993"}], "data": [["1.639389649501998E-15", "-2.612795673971907E-15", "-1.161956175677717E-13", "-2.898978303098267E-14", "-1.839993059945289E-13", "4.027788440734368E-14"], ["-2.612795673971907E-15", "4.168721774922274E-15", "1.991188360651397E-13", "4.415892684363407E-14", "3.004952008109162E-13", "-6.66206219125593E-14"], ["-1.161956175677717E-13", "1.991188360651397E-13", "1.113210229371719E-10", "-4.943079110443715E-12", "6.82978830532131E-11", "-5.531182092672359E-12"], ["-2.898978303098267E-14", "4.415892684363407E-14", "-4.943079110443715E-12", "3.094915069583392E-11", "-2.628902647299377E-11", "3.599496993801892E-12"], ["-1.839993059945289E-13", "3.004952008109162E-13", "6.82978830532131E-11", "-2.628902647299377E-11", "7.996636276154002E-11", "-1.129550364470186E-11"], ["4.027788440734368E-14", "-6.66206219125593E-14", "-5.531182092672359E-12", "3.599496993801892E-12", "-1.129550364470186E-11", "8.321235257316354E-11"]]}, "elements": [{"label": "e", "title": "eccentricity", "value": ".4897011032651773", "units": null, "name": "e", "sigma": "4.0301E-8"}, {"sigma": "3.9774E-9", "name": "a", "units": "au", "title": "semi-major axis", "value": "1.567850625361021", "label": "a"}, {"value": ".8000724443667309", "title": "perihelion distance", "units": "au", "name": "q", "sigma": "6.4594E-8", "label": "q"}, {"label": "i", "units": "deg", "title": "inclination; angle with respect to x-y ecliptic plane", "value": "27.84005498511159", "name": "i", "sigma": "9.1197E-6"}, {"label": "node", "sigma": "5.571E-6", "name": "om", "units": "deg", "value": "218.4252481163786", "title": "longitude of the ascending node"}, {"label": "peri", "name": "w", "sigma": "8.9538E-6", "value": "66.3705159482777", "title": "argument of perihelion", "units": "deg"}, {"label": "M", "name": "ma", "sigma": "1.1318E-5", "title": "mean anomaly", "value": "20.91626136678692", "units": "deg"}, {"label": "tp", "units": "TDB", "value": "2461158.838297676892", "title": "time of perihelion passage", "name": "tp", "sigma": "2.2403E-5"}, {"label": "period", "value": "717.0599264041844", "title": "sidereal orbital period", "units": "d", "name": "per", "sigma": "2.7286E-6"}, {"name": "n", "sigma": "1.9105E-9", "title": "mean motion", "value": ".5020500891819175", "units": "deg/d", "label": "n"}, {"label": "Q", "units": "au", "title": "aphelion distance", "value": "2.335628806355311", "name": "ad", "sigma": "5.9252E-9"}], "epoch": "2461200.5"}