{"spkid": "20399774", "covariance": {"data": [["2.409067333866232E-16", "-5.008546975005374E-16", "-7.492893493659117E-14", "4.12476185991172E-14", "-1.316620646044624E-13", "4.753592416478861E-15"], ["-5.008546975005374E-16", "1.083815244377862E-15", "2.478176656246526E-13", "-7.819825780819022E-14", "2.94564474918424E-13", "-1.617545856533384E-14"], ["-7.492893493659117E-14", "2.478176656246526E-13", "2.426764603004426E-10", "2.090399673407731E-11", "9.493600779845233E-11", "-1.859559492779621E-11"], ["4.12476185991172E-14", "-7.819825780819022E-14", "2.090399673407731E-11", "1.160399906049238E-10", "-1.047485130399987E-10", "1.351204971589073E-11"], ["-1.316620646044624E-13", "2.94564474918424E-13", "9.493600779845233E-11", "-1.047485130399987E-10", "1.808559337352235E-10", "-2.387294643261596E-11"], ["4.753592416478861E-15", "-1.617545856533384E-14", "-1.859559492779621E-11", "1.351204971589073E-11", "-2.387294643261596E-11", "2.592826904479343E-11"]], "elements": [{"label": "e", "sigma": 1.55211704902247e-08, "name": "e", "title": "eccentricity", "value": ".5176133308392965", "units": null}, {"label": "q", "name": "q", "sigma": 3.29213493705507e-08, "title": "perihelion distance", "value": ".9858529679275624", "units": "au"}, {"name": "tp", "sigma": 1.55780762708507e-05, "units": "TDB", "title": "time of perihelion passage", "value": "2455626.441573200447", "label": "tp"}, {"label": "node", "value": "199.2412957745574", "title": "longitude of the ascending node", "units": "deg", "sigma": 1.07721859715159e-05, "name": "om"}, {"label": "peri", "sigma": 1.34482688006756e-05, "name": "w", "units": "deg", "title": "argument of perihelion", "value": "348.1533452440827"}, {"units": "deg", "value": "12.69927750221218", "title": "inclination", "name": "i", "sigma": 5.09198085667979e-06, "label": "i"}], "labels": ["e", "q", "tp", "node", "peri", "i"], "epoch": "2456128.5"}, "elements": [{"label": "e", "units": null, "value": ".5171027228328245", "title": "eccentricity", "sigma": "1.609E-8", "name": "e"}, {"name": "a", "sigma": "1.3099E-8", "value": "2.044626549444915", "title": "semi-major axis", "units": "au", "label": "a"}, {"label": "q", "name": "q", "sigma": "3.4271E-8", "title": "perihelion distance", "value": ".9873445935506668", "units": "au"}, {"name": "i", "sigma": "5.0918E-6", "units": "deg", "title": "inclination; angle with respect to x-y ecliptic plane", "value": "12.69689205619249", "label": "i"}, {"units": "deg", "title": "longitude of the ascending node", "value": "199.1291844079387", "sigma": "1.0776E-5", "name": "om", "label": "node"}, {"label": "peri", "value": "348.1588161693244", "title": "argument of perihelion", "units": "deg", "sigma": "1.3448E-5", "name": "w"}, {"label": "M", "units": "deg", "value": "79.92411514798246", "title": "mean anomaly", "name": "ma", "sigma": "2.3481E-5"}, {"name": "tp", "sigma": "6.7377E-5", "title": "time of perihelion passage", "value": "2460963.420088396770", "units": "TDB", "label": "tp"}, {"name": "per", "sigma": "1.0262E-5", "title": "sidereal orbital period", "value": "1067.872544089309", "units": "d", "label": "period"}, {"label": "n", "units": "deg/d", "title": "mean motion", "value": ".3371188837025595", "name": "n", "sigma": "3.2396E-9"}, {"name": "ad", "sigma": "1.9872E-8", "units": "au", "title": "aphelion distance", "value": "3.101908505339164", "label": "Q"}], "epoch": "2461200.5"}