{"spkid": "20408792", "covariance": {"data": [["2.733843278166583E-16", "-3.679627407534592E-16", "1.672384121183363E-17", "-1.705346881736376E-14", "-7.918568033722922E-15", "-2.105911145729373E-14"], ["-3.679627407534592E-16", "4.962374996714709E-16", "1.598893057277859E-14", "2.447117860984187E-14", "1.586016899501698E-14", "2.79415854417262E-14"], ["1.672384121183363E-17", "1.598893057277859E-14", "4.526244836238366E-10", "5.139298134051866E-11", "1.81510089333512E-10", "-7.29483350115272E-12"], ["-1.705346881736376E-14", "2.447117860984187E-14", "5.139298134051866E-11", "9.091921385523342E-11", "-6.110399841620365E-11", "3.372581315235551E-11"], ["-7.918568033722922E-15", "1.586016899501698E-14", "1.81510089333512E-10", "-6.110399841620365E-11", "1.618405972397377E-10", "-3.432303610130878E-11"], ["-2.105911145729373E-14", "2.79415854417262E-14", "-7.29483350115272E-12", "3.372581315235551E-11", "-3.432303610130878E-11", "5.460550990528465E-11"]], "elements": [{"label": "e", "value": ".3776857866605582", "title": "eccentricity", "units": null, "name": "e", "sigma": 1.65343378402843e-08}, {"units": "au", "value": ".8344934630326329", "title": "perihelion distance", "name": "q", "sigma": 2.22763888382177e-08, "label": "q"}, {"label": "tp", "value": "2456814.203029165572", "title": "time of perihelion passage", "units": "TDB", "sigma": 2.12749731756314e-05, "name": "tp"}, {"label": "node", "title": "longitude of the ascending node", "value": "176.0775375945055", "units": "deg", "sigma": 9.53515672945303e-06, "name": "om"}, {"units": "deg", "title": "argument of perihelion", "value": "108.0474859858727", "name": "w", "sigma": 1.27216585883971e-05, "label": "peri"}, {"units": "deg", "title": "inclination", "value": "9.62865678068988", "sigma": 7.38955410733859e-06, "name": "i", "label": "i"}], "labels": ["e", "q", "tp", "node", "peri", "i"], "epoch": "2456626.5"}, "elements": [{"label": "e", "sigma": "1.6528E-8", "name": "e", "value": ".3775647322017221", "title": "eccentricity", "units": null}, {"value": "1.340731913401638", "title": "semi-major axis", "units": "au", "sigma": "1.0539E-9", "name": "a", "label": "a"}, {"units": "au", "title": "perihelion distance", "value": ".8345188275638459", "sigma": "2.23E-8", "name": "q", "label": "q"}, {"label": "i", "units": "deg", "value": "9.632633770200211", "title": "inclination; angle with respect to x-y ecliptic plane", "name": "i", "sigma": "7.3907E-6"}, {"label": "node", "title": "longitude of the ascending node", "value": "175.9816799114099", "units": "deg", "name": "om", "sigma": "9.5342E-6"}, {"sigma": "1.2723E-5", "name": "w", "value": "108.1556113218241", "title": "argument of perihelion", "units": "deg", "label": "peri"}, {"label": "M", "units": "deg", "value": "264.8314273131663", "title": "mean anomaly", "sigma": "1.6156E-5", "name": "ma"}, {"label": "tp", "value": "2461350.400265662441", "title": "time of perihelion passage", "units": "TDB", "name": "tp", "sigma": "2.5571E-5"}, {"label": "period", "units": "d", "value": "567.0369336740556", "title": "sidereal orbital period", "name": "per", "sigma": "6.6861E-7"}, {"name": "n", "sigma": "7.4861E-10", "title": "mean motion", "value": ".6348792796748145", "units": "deg/d", "label": "n"}, {"name": "ad", "sigma": "1.4519E-9", "units": "au", "value": "1.84694499923943", "title": "aphelion distance", "label": "Q"}], "epoch": "2461200.5"}