{"spkid": "20409836", "covariance": {"data": [["2.820264825907842E-15", "-5.457191067512696E-15", "-3.714175129348543E-13", "-6.882382841131355E-14", "-2.702246183254801E-13", "-5.786485523145479E-14"], ["-5.457191067512696E-15", "1.056520829956792E-14", "7.120619422548535E-13", "1.361586334179252E-13", "5.185199090832E-13", "1.115848422641875E-13"], ["-3.714175129348543E-13", "7.120619422548535E-13", "2.151327234430295E-10", "-1.322963390798363E-11", "1.143009197394444E-10", "6.105500280676467E-12"], ["-6.882382841131355E-14", "1.361586334179252E-13", "-1.322963390798363E-11", "1.489489000230154E-9", "-1.476412794429116E-9", "-1.664641771796747E-10"], ["-2.702246183254801E-13", "5.185199090832E-13", "1.143009197394444E-10", "-1.476412794429116E-9", "1.538901895151604E-9", "1.733643327637588E-10"], ["-5.786485523145479E-14", "1.115848422641875E-13", "6.105500280676467E-12", "-1.664641771796747E-10", "1.733643327637588E-10", "9.038079750133486E-11"]], "elements": [{"units": null, "value": ".5730731310808698", "title": "eccentricity", "name": "e", "sigma": 5.3106165611046e-08, "label": "e"}, {"label": "q", "units": "au", "value": ".8217726514768986", "title": "perihelion distance", "sigma": 1.02787199103623e-07, "name": "q"}, {"sigma": 1.4667403432204e-05, "name": "tp", "title": "time of perihelion passage", "value": "2457940.675368595906", "units": "TDB", "label": "tp"}, {"label": "node", "name": "om", "sigma": 3.85938984844775e-05, "units": "deg", "title": "longitude of the ascending node", "value": "222.6983395430567"}, {"label": "peri", "sigma": 3.92288400943949e-05, "name": "w", "units": "deg", "value": "221.5039456460636", "title": "argument of perihelion"}, {"label": "i", "name": "i", "sigma": 9.50688158658426e-06, "value": "6.407328168167558", "title": "inclination", "units": "deg"}], "labels": ["e", "q", "tp", "node", "peri", "i"], "epoch": "2458015.5"}, "elements": [{"label": "e", "sigma": "5.3328E-8", "name": "e", "units": null, "title": "eccentricity", "value": ".5740776076640598"}, {"label": "a", "sigma": "5.5742E-9", "name": "a", "units": "au", "title": "semi-major axis", "value": "1.924143924178398"}, {"label": "q", "name": "q", "sigma": "1.0327E-7", "units": "au", "title": "perihelion distance", "value": ".8195359833847273"}, {"label": "i", "name": "i", "sigma": "9.4929E-6", "value": "6.40372916883664", "title": "inclination; angle with respect to x-y ecliptic plane", "units": "deg"}, {"label": "node", "title": "longitude of the ascending node", "value": "222.6043703296669", "units": "deg", "sigma": "3.8701E-5", "name": "om"}, {"value": "221.6578276082307", "title": "argument of perihelion", "units": "deg", "sigma": "3.9322E-5", "name": "w", "label": "peri"}, {"units": "deg", "value": "123.4521591286009", "title": "mean anomaly", "sigma": "7.1737E-6", "name": "ma", "label": "M"}, {"label": "tp", "units": "TDB", "value": "2460866.188784422209", "title": "time of perihelion passage", "name": "tp", "sigma": "1.8486E-5"}, {"label": "period", "units": "d", "value": "974.8880737082394", "title": "sidereal orbital period", "name": "per", "sigma": "4.2364E-6"}, {"label": "n", "title": "mean motion", "value": ".3692731603851165", "units": "deg/d", "sigma": "1.6047E-9", "name": "n"}, {"label": "Q", "units": "au", "value": "3.028751864972069", "title": "aphelion distance", "name": "ad", "sigma": "8.7743E-9"}], "epoch": "2461200.5"}