{"spkid": "20406213", "covariance": {"epoch": "2456445.5", "labels": ["e", "q", "tp", "node", "peri", "i"], "elements": [{"sigma": 1.59373447217826e-08, "name": "e", "units": null, "title": "eccentricity", "value": ".5460401361684092", "label": "e"}, {"units": "au", "title": "perihelion distance", "value": ".8705738219998705", "name": "q", "sigma": 3.11434653633674e-08, "label": "q"}, {"label": "tp", "name": "tp", "sigma": 1.0233254796281e-05, "title": "time of perihelion passage", "value": "2456002.842426530494", "units": "TDB"}, {"units": "deg", "value": "127.1517913062121", "title": "longitude of the ascending node", "name": "om", "sigma": 5.64862476493649e-05, "label": "node"}, {"label": "peri", "sigma": 5.81726563449522e-05, "name": "w", "title": "argument of perihelion", "value": "280.6170452010487", "units": "deg"}, {"label": "i", "sigma": 4.61412208248758e-06, "name": "i", "units": "deg", "value": "1.458654574786841", "title": "inclination"}], "data": [["2.53998956780933E-16", "-4.961684374252696E-16", "4.239791632577169E-14", "-3.378114677027934E-14", "5.581397506066453E-14", "-3.559514953635864E-15"], ["-4.961684374252696E-16", "9.699154348392663E-16", "-7.697286791776144E-14", "5.761541350328427E-14", "-9.707452101583781E-14", "8.123336324706043E-15"], ["4.239791632577169E-14", "-7.697286791776144E-14", "1.04719503725609E-10", "-1.125083809686983E-10", "1.833737090696541E-10", "1.114423595943039E-11"], ["-3.378114677027934E-14", "5.761541350328427E-14", "-1.125083809686983E-10", "3.190696173505378E-9", "-3.26199719790572E-9", "-3.358452778440688E-11"], ["5.581397506066453E-14", "-9.707452101583781E-14", "1.833737090696541E-10", "-3.26199719790572E-9", "3.384057946227905E-9", "4.049432258607654E-11"], ["-3.559514953635864E-15", "8.123336324706043E-15", "1.114423595943039E-11", "-3.358452778440688E-11", "4.049432258607654E-11", "2.129012259209952E-11"]]}, "elements": [{"title": "eccentricity", "value": ".545639960081637", "units": null, "sigma": "1.59E-8", "name": "e", "label": "e"}, {"sigma": "2.4726E-9", "name": "a", "units": "au", "title": "semi-major axis", "value": "1.918776293746635", "label": "a"}, {"label": "q", "units": "au", "value": ".87181527342113", "title": "perihelion distance", "sigma": "3.1091E-8", "name": "q"}, {"units": "deg", "title": "inclination; angle with respect to x-y ecliptic plane", "value": "1.457220329299943", "sigma": "4.6174E-6", "name": "i", "label": "i"}, {"units": "deg", "value": "126.8387161749652", "title": "longitude of the ascending node", "sigma": "5.6483E-5", "name": "om", "label": "node"}, {"label": "peri", "title": "argument of perihelion", "value": "280.9311335279997", "units": "deg", "sigma": "5.8183E-5", "name": "w"}, {"name": "ma", "sigma": "4.6319E-6", "units": "deg", "value": "128.2576900360783", "title": "mean anomaly", "label": "M"}, {"units": "TDB", "value": "2460854.627640816352", "title": "time of perihelion passage", "name": "tp", "sigma": "1.2806E-5", "label": "tp"}, {"sigma": "1.8765E-6", "name": "per", "units": "d", "value": "970.8115690457852", "title": "sidereal orbital period", "label": "period"}, {"value": ".3708237638266358", "title": "mean motion", "units": "deg/d", "name": "n", "sigma": "7.1677E-10", "label": "n"}, {"label": "Q", "name": "ad", "sigma": "3.8217E-9", "units": "au", "value": "2.965737314072141", "title": "aphelion distance"}], "epoch": "2461200.5"}