{"spkid": "20401954", "covariance": {"epoch": "2457716.5", "labels": ["e", "q", "tp", "node", "peri", "i"], "data": [["3.284119953667335E-14", "-2.694236741541935E-14", "-2.128565419457901E-12", "3.793727357294302E-12", "-1.83369882581858E-12", "-1.009227940891767E-13"], ["-2.694236741541935E-14", "2.212150291515202E-14", "1.810074393874646E-12", "-2.360621229980566E-12", "7.695585755892615E-13", "8.621515603007336E-14"], ["-2.128565419457901E-12", "1.810074393874646E-12", "1.904613536448815E-9", "1.268372587886231E-8", "-1.193906352105547E-8", "6.692118836735762E-11"], ["3.793727357294302E-12", "-2.360621229980566E-12", "1.268372587886231E-8", "2.434448479382599E-7", "-2.384532104714139E-7", "6.230316150437076E-10"], ["-1.83369882581858E-12", "7.695585755892615E-13", "-1.193906352105547E-8", "-2.384532104714139E-7", "2.347148594584874E-7", "-5.915504739157762E-10"], ["-1.009227940891767E-13", "8.621515603007336E-14", "6.692118836735762E-11", "6.230316150437076E-10", "-5.915504739157762E-10", "3.21334107906634E-11"]], "elements": [{"label": "e", "units": null, "value": ".286636500029937", "title": "eccentricity", "name": "e", "sigma": 1.81221410260138e-07}, {"label": "q", "units": "au", "value": ".5888645510615671", "title": "perihelion distance", "name": "q", "sigma": 1.48732992019767e-07}, {"label": "tp", "name": "tp", "sigma": 4.36418782415333e-05, "value": "2457838.664826516430", "title": "time of perihelion passage", "units": "TDB"}, {"title": "longitude of the ascending node", "value": "92.05423572731429", "units": "deg", "sigma": 0.000493401305164731, "name": "om", "label": "node"}, {"label": "peri", "name": "w", "sigma": 0.00048447379646219, "title": "argument of perihelion", "value": "71.60161975327121", "units": "deg"}, {"label": "i", "units": "deg", "title": "inclination", "value": "1.326947390933633", "sigma": 5.66863394396422e-06, "name": "i"}]}, "elements": [{"sigma": "1.7888E-7", "name": "e", "value": ".2866057390982092", "title": "eccentricity", "units": null, "label": "e"}, {"sigma": "2.2999E-8", "name": "a", "value": ".8244778600201939", "title": "semi-major axis", "units": "au", "label": "a"}, {"label": "q", "name": "q", "sigma": "1.6125E-7", "units": "au", "title": "perihelion distance", "value": ".5881777735789964"}, {"label": "i", "units": "deg", "title": "inclination; angle with respect to x-y ecliptic plane", "value": "1.349483833877644", "sigma": "6.0019E-6", "name": "i"}, {"label": "node", "name": "om", "sigma": ".00048112", "units": "deg", "title": "longitude of the ascending node", "value": "91.99559876493562"}, {"sigma": ".00047817", "name": "w", "title": "argument of perihelion", "value": "72.05134522100369", "units": "deg", "label": "peri"}, {"units": "deg", "title": "mean anomaly", "value": "100.4822802311324", "name": "ma", "sigma": ".00010434", "label": "M"}, {"units": "TDB", "value": "2461124.177268506886", "title": "time of perihelion passage", "name": "tp", "sigma": "7.6378E-5", "label": "tp"}, {"label": "period", "units": "d", "title": "sidereal orbital period", "value": "273.4430714979758", "name": "per", "sigma": "1.1442E-5"}, {"label": "n", "title": "mean motion", "value": "1.316544602969269", "units": "deg/d", "sigma": "5.5088E-8", "name": "n"}, {"label": "Q", "name": "ad", "sigma": "2.9591E-8", "units": "au", "value": "1.060777946461391", "title": "aphelion distance"}], "epoch": "2461200.5"}