{"spkid": "20401856", "covariance": {"epoch": "2458234.5", "labels": ["e", "q", "tp", "node", "peri", "i"], "data": [["4.417586864778988E-14", "-6.416566012101512E-14", "5.207176731545062E-15", "4.435196367931666E-13", "-6.816948408331643E-12", "-9.914269418484804E-13"], ["-6.416566012101512E-14", "9.32013188321052E-14", "-9.298108617038855E-15", "-6.447460321683556E-13", "9.900681458814162E-12", "1.442084521279147E-12"], ["5.207176731545062E-15", "-9.298108617038855E-15", "9.831705666642075E-11", "3.42463936413711E-11", "6.407833862739451E-11", "-1.059199996344216E-10"], ["4.435196367931666E-13", "-6.447460321683556E-13", "3.42463936413711E-11", "1.569299314688277E-10", "-1.663734044700849E-10", "-2.109724145273293E-10"], ["-6.816948408331643E-12", "9.900681458814162E-12", "6.407833862739451E-11", "-1.663734044700849E-10", "1.203615527990862E-9", "2.144220491689124E-10"], ["-9.914269418484804E-13", "1.442084521279147E-12", "-1.059199996344216E-10", "-2.109724145273293E-10", "2.144220491689124E-10", "4.14018957043142E-10"]], "elements": [{"label": "e", "name": "e", "sigma": 2.10180562012261e-07, "title": "eccentricity", "value": ".4778633883673655", "units": null}, {"units": "au", "title": "perihelion distance", "value": ".7583193708028643", "sigma": 3.05288910430931e-07, "name": "q", "label": "q"}, {"name": "tp", "sigma": 9.91549578520513e-06, "units": "TDB", "value": "2458009.957415503676", "title": "time of perihelion passage", "label": "tp"}, {"label": "node", "sigma": 1.25271677353194e-05, "name": "om", "title": "longitude of the ascending node", "value": "82.69204409152984", "units": "deg"}, {"sigma": 3.46931625538933e-05, "name": "w", "title": "argument of perihelion", "value": "63.53186082706658", "units": "deg", "label": "peri"}, {"label": "i", "title": "inclination", "value": "24.27858994057619", "units": "deg", "name": "i", "sigma": 2.03474557879638e-05}]}, "elements": [{"sigma": "2.1029E-7", "name": "e", "units": null, "value": ".4780641602831275", "title": "eccentricity", "label": "e"}, {"value": "1.452500466744066", "title": "semi-major axis", "units": "au", "name": "a", "sigma": "1.2336E-9", "label": "a"}, {"sigma": "3.0563E-7", "name": "q", "units": "au", "title": "perihelion distance", "value": ".7581120507992135", "label": "q"}, {"value": "24.27088156792025", "title": "inclination; angle with respect to x-y ecliptic plane", "units": "deg", "sigma": "2.0346E-5", "name": "i", "label": "i"}, {"sigma": "1.2504E-5", "name": "om", "units": "deg", "value": "82.61929237398994", "title": "longitude of the ascending node", "label": "node"}, {"label": "peri", "sigma": "3.463E-5", "name": "w", "title": "argument of perihelion", "value": "63.6049675484541", "units": "deg"}, {"units": "deg", "value": "356.4502550172499", "title": "mean anomaly", "name": "ma", "sigma": "5.5143E-6", "label": "M"}, {"title": "time of perihelion passage", "value": "2461206.804744639188", "units": "TDB", "sigma": "9.7953E-6", "name": "tp", "label": "tp"}, {"sigma": "8.1453E-7", "name": "per", "units": "d", "value": "639.400317807986", "title": "sidereal orbital period", "label": "period"}, {"name": "n", "sigma": "7.1724E-10", "title": "mean motion", "value": ".5630275587509314", "units": "deg/d", "label": "n"}, {"units": "au", "value": "2.146888882688919", "title": "aphelion distance", "sigma": "1.8233E-9", "name": "ad", "label": "Q"}], "epoch": "2461200.5"}