{"spkid": "20416195", "covariance": {"data": [["3.685659971490606E-15", "-3.973350583669818E-15", "-4.128212506314001E-14", "1.540599760872734E-13", "7.86692431765824E-14", "1.019754045278257E-13"], ["-3.973350583669818E-15", "4.285995863956446E-15", "4.212211223471811E-14", "-1.643015178136308E-13", "-9.013215160323994E-14", "-1.136263525577087E-13"], ["-4.128212506314001E-14", "4.212211223471811E-14", "4.770253310974455E-10", "-1.44792092170359E-12", "4.101171392125696E-10", "2.354882671598098E-11"], ["1.540599760872734E-13", "-1.643015178136308E-13", "-1.44792092170359E-12", "7.75200360157874E-11", "-5.021513831545278E-11", "3.085546084195419E-11"], ["7.86692431765824E-14", "-9.013215160323994E-14", "4.101171392125696E-10", "-5.021513831545278E-11", "4.26964813336443E-10", "2.07705090931096E-11"], ["1.019754045278257E-13", "-1.136263525577087E-13", "2.354882671598098E-11", "3.085546084195419E-11", "2.07705090931096E-11", "2.194811032968775E-10"]], "elements": [{"label": "e", "units": null, "title": "eccentricity", "value": ".1599629185808584", "sigma": 6.07096365620039e-08, "name": "e"}, {"name": "q", "sigma": 6.54675176248225e-08, "units": "au", "title": "perihelion distance", "value": ".9046425057963285", "label": "q"}, {"title": "time of perihelion passage", "value": "2457548.814650668942", "units": "TDB", "name": "tp", "sigma": 2.18409095757811e-05, "label": "tp"}, {"name": "om", "sigma": 8.80454632651719e-06, "units": "deg", "value": "24.2422271513127", "title": "longitude of the ascending node", "label": "node"}, {"value": "104.7394929738371", "title": "argument of perihelion", "units": "deg", "name": "w", "sigma": 2.06631269012326e-05, "label": "peri"}, {"sigma": 1.48148946434619e-05, "name": "i", "units": "deg", "value": "26.91814570097375", "title": "inclination", "label": "i"}], "labels": ["e", "q", "tp", "node", "peri", "i"], "epoch": "2457349.5"}, "elements": [{"name": "e", "sigma": "6.0738E-8", "units": null, "value": ".1599796634210011", "title": "eccentricity", "label": "e"}, {"label": "a", "units": "au", "title": "semi-major axis", "value": "1.07687099905447", "sigma": "1.7253E-9", "name": "a"}, {"label": "q", "sigma": "6.5414E-8", "name": "q", "units": "au", "title": "perihelion distance", "value": ".9045935390778984"}, {"label": "i", "units": "deg", "title": "inclination; angle with respect to x-y ecliptic plane", "value": "26.91705803331692", "name": "i", "sigma": "1.4815E-5"}, {"label": "node", "name": "om", "sigma": "8.8073E-6", "units": "deg", "value": "24.20674946677673", "title": "longitude of the ascending node"}, {"units": "deg", "title": "argument of perihelion", "value": "104.7994453475836", "name": "w", "sigma": "2.0653E-5", "label": "peri"}, {"sigma": "2.0345E-5", "name": "ma", "units": "deg", "value": "340.677718889388", "title": "mean anomaly", "label": "M"}, {"label": "tp", "name": "tp", "sigma": "2.3084E-5", "units": "TDB", "value": "2461222.407854308757", "title": "time of perihelion passage"}, {"label": "period", "name": "per", "sigma": "9.8092E-7", "units": "d", "title": "sidereal orbital period", "value": "408.1726948285081"}, {"title": "mean motion", "value": ".881979624215805", "units": "deg/d", "name": "n", "sigma": "2.1196E-9", "label": "n"}, {"name": "ad", "sigma": "2.0013E-9", "units": "au", "value": "1.249148459031041", "title": "aphelion distance", "label": "Q"}], "epoch": "2461200.5"}