{"spkid": "20410627", "covariance": {"epoch": "2456591.5", "labels": ["e", "q", "tp", "node", "peri", "i"], "data": [["1.257448575935119E-14", "-1.671337740230943E-14", "2.676777572171755E-12", "2.151022195428384E-13", "2.057763757661869E-13", "-6.89158815529947E-14"], ["-1.671337740230943E-14", "2.222699862089002E-14", "-3.643003998157947E-12", "-2.945264218560675E-13", "-3.264119362097949E-13", "9.656543005458264E-14"], ["2.676777572171755E-12", "-3.643003998157947E-12", "1.362979880479734E-9", "1.299677755857492E-10", "5.378491006001645E-10", "-5.440761547137587E-11"], ["2.151022195428384E-13", "-2.945264218560675E-13", "1.299677755857492E-10", "1.943036468712972E-10", "-1.181774311977047E-10", "4.349272072014518E-11"], ["2.057763757661869E-13", "-3.264119362097949E-13", "5.378491006001645E-10", "-1.181774311977047E-10", "4.86962155156956E-10", "-7.256601147753933E-11"], ["-6.89158815529947E-14", "9.656543005458264E-14", "-5.440761547137587E-11", "4.349272072014518E-11", "-7.256601147753933E-11", "1.510417269983449E-10"]], "elements": [{"name": "e", "sigma": 1.12136014550862e-07, "units": null, "title": "eccentricity", "value": ".4428761554280617", "label": "e"}, {"name": "q", "sigma": 1.49087218167387e-07, "value": ".7328710591822964", "title": "perihelion distance", "units": "au", "label": "q"}, {"label": "tp", "name": "tp", "sigma": 3.69185573997649e-05, "value": "2456835.120027217376", "title": "time of perihelion passage", "units": "TDB"}, {"label": "node", "sigma": 1.39392843026928e-05, "name": "om", "value": "347.8918686349488", "title": "longitude of the ascending node", "units": "deg"}, {"label": "peri", "name": "w", "sigma": 2.2067219017288e-05, "units": "deg", "value": "257.2941812049813", "title": "argument of perihelion"}, {"label": "i", "units": "deg", "value": "13.08217912872132", "title": "inclination", "sigma": 1.22899034576495e-05, "name": "i"}]}, "elements": [{"label": "e", "name": "e", "sigma": "1.1201E-7", "units": null, "title": "eccentricity", "value": ".44285276883522"}, {"label": "a", "sigma": "5.8029E-9", "name": "a", "units": "au", "value": "1.316174877411739", "title": "semi-major axis"}, {"label": "q", "units": "au", "title": "perihelion distance", "value": ".7333031886785943", "sigma": "1.488E-7", "name": "q"}, {"name": "i", "sigma": "1.2275E-5", "units": "deg", "value": "13.08984701499202", "title": "inclination; angle with respect to x-y ecliptic plane", "label": "i"}, {"label": "node", "units": "deg", "value": "347.7652736599719", "title": "longitude of the ascending node", "sigma": "1.3948E-5", "name": "om"}, {"name": "w", "sigma": "2.2187E-5", "units": "deg", "value": "257.4790264742078", "title": "argument of perihelion", "label": "peri"}, {"label": "M", "name": "ma", "sigma": "1.2924E-5", "units": "deg", "value": "330.6386700361148", "title": "mean anomaly"}, {"name": "tp", "sigma": "1.9778E-5", "units": "TDB", "value": "2461245.482340134054", "title": "time of perihelion passage", "label": "tp"}, {"sigma": "3.6475E-6", "name": "per", "units": "d", "title": "sidereal orbital period", "value": "551.5295958384011", "label": "period"}, {"label": "n", "name": "n", "sigma": "4.3167E-9", "value": ".6527301575770387", "title": "mean motion", "units": "deg/d"}, {"label": "Q", "value": "1.899046566144884", "title": "aphelion distance", "units": "au", "name": "ad", "sigma": "8.3727E-9"}], "epoch": "2461200.5"}