{"spkid": "20419472", "covariance": {"labels": ["e", "q", "tp", "node", "peri", "i"], "elements": [{"units": null, "value": ".2001896005220488", "title": "eccentricity", "name": "e", "sigma": 4.96945932167186e-08, "label": "e"}, {"units": "au", "value": ".9798665639479108", "title": "perihelion distance", "sigma": 6.02596489900564e-08, "name": "q", "label": "q"}, {"title": "time of perihelion passage", "value": "2459215.905016232834", "units": "TDB", "name": "tp", "sigma": 2.51941001345664e-05, "label": "tp"}, {"sigma": 6.11258076035749e-06, "name": "om", "title": "longitude of the ascending node", "value": "157.1247914268144", "units": "deg", "label": "node"}, {"label": "peri", "value": "9.637673396838652", "title": "argument of perihelion", "units": "deg", "name": "w", "sigma": 1.59134831464387e-05}, {"label": "i", "name": "i", "sigma": 7.7211420140164e-06, "value": "23.76858030057252", "title": "inclination", "units": "deg"}], "data": [["2.469552594975136E-15", "-2.993367372537019E-15", "2.35287588501016E-13", "-5.790553560417206E-16", "8.520662213490957E-14", "6.346835430434068E-14"], ["-2.993367372537019E-15", "3.63122529640481E-15", "-2.574720900870827E-13", "-2.108373013001918E-16", "-8.696386430868714E-14", "-7.906157918736948E-14"], ["2.35287588501016E-13", "-2.574720900870827E-13", "6.347426815905587E-10", "-3.267765026188574E-11", "3.725178611701353E-10", "-3.526401748995591E-11"], ["-5.790553560417206E-16", "-2.108373013001918E-16", "-3.267765026188574E-11", "3.736364355189252E-11", "-5.071837837142991E-11", "-3.59082978829384E-12"], ["8.520662213490957E-14", "-8.696386430868714E-14", "3.725178611701353E-10", "-5.071837837142991E-11", "2.532389458519891E-10", "-1.58340079976533E-11"], ["6.346835430434068E-14", "-7.906157918736948E-14", "-3.526401748995591E-11", "-3.59082978829384E-12", "-1.58340079976533E-11", "5.961603400060928E-11"]], "epoch": "2459435.5"}, "elements": [{"units": null, "value": ".2001960207082732", "title": "eccentricity", "sigma": "4.9681E-8", "name": "e", "label": "e"}, {"units": "au", "value": "1.224998827925266", "title": "semi-major axis", "name": "a", "sigma": "2.2942E-9", "label": "a"}, {"sigma": "6.0226E-8", "name": "q", "value": ".9797589372023294", "title": "perihelion distance", "units": "au", "label": "q"}, {"label": "i", "sigma": "7.7208E-6", "name": "i", "value": "23.76766875377544", "title": "inclination; angle with respect to x-y ecliptic plane", "units": "deg"}, {"label": "node", "name": "om", "sigma": "6.1136E-6", "title": "longitude of the ascending node", "value": "157.106599847952", "units": "deg"}, {"name": "w", "sigma": "1.5919E-5", "units": "deg", "title": "argument of perihelion", "value": "9.649976012178191", "label": "peri"}, {"name": "ma", "sigma": "2.1201E-5", "units": "deg", "value": "2.614205055121737", "title": "mean anomaly", "label": "M"}, {"label": "tp", "name": "tp", "sigma": "2.9157E-5", "title": "time of perihelion passage", "value": "2461196.903839338393", "units": "TDB"}, {"label": "period", "sigma": "1.3912E-6", "name": "per", "units": "d", "value": "495.224288409315", "title": "sidereal orbital period"}, {"units": "deg/d", "value": ".7269433435026741", "title": "mean motion", "name": "n", "sigma": "2.0422E-9", "label": "n"}, {"label": "Q", "sigma": "2.7535E-9", "name": "ad", "title": "aphelion distance", "value": "1.470238718648203", "units": "au"}], "epoch": "2461200.5"}