{"spkid": "20410778", "covariance": {"data": [["3.217037508046471E-16", "-9.471659500790586E-16", "2.912118005295721E-14", "-3.692236225639646E-15", "3.715495100373099E-14", "-8.109151065667782E-15"], ["-9.471659500790586E-16", "2.792978965428288E-15", "-6.829936358872908E-14", "1.049003939079125E-14", "-1.040552987838776E-13", "2.928357501268191E-14"], ["2.912118005295721E-14", "-6.829936358872908E-14", "8.707661484580431E-11", "-1.750309253458123E-12", "4.494841689882676E-11", "1.2312743873298E-11"], ["-3.692236225639646E-15", "1.049003939079125E-14", "-1.750309253458123E-12", "8.34946446806997E-13", "-1.998579558286903E-12", "-1.00612441445696E-11"], ["3.715495100373099E-14", "-1.040552987838776E-13", "4.494841689882676E-11", "-1.998579558286903E-12", "4.176284594667485E-11", "1.040287295014523E-11"], ["-8.109151065667782E-15", "2.928357501268191E-14", "1.2312743873298E-11", "-1.00612441445696E-11", "1.040287295014523E-11", "2.186083572298705E-10"]], "elements": [{"label": "e", "name": "e", "sigma": 1.79361018843183e-08, "title": "eccentricity", "value": ".719865320405032", "units": null}, {"label": "q", "units": "au", "title": "perihelion distance", "value": ".8148829223249729", "name": "q", "sigma": 5.28486420395859e-08}, {"name": "tp", "sigma": 9.33148513612942e-06, "title": "time of perihelion passage", "value": "2458698.210950516801", "units": "TDB", "label": "tp"}, {"name": "om", "sigma": 9.13754040651529e-07, "units": "deg", "title": "longitude of the ascending node", "value": "187.5818009376251", "label": "node"}, {"label": "peri", "units": "deg", "title": "argument of perihelion", "value": "120.3746527129343", "name": "w", "sigma": 6.4624179644058e-06}, {"value": "54.50137538526282", "title": "inclination", "units": "deg", "name": "i", "sigma": 1.4785410282771e-05, "label": "i"}], "labels": ["e", "q", "tp", "node", "peri", "i"], "epoch": "2458027.5"}, "elements": [{"name": "e", "sigma": "1.8003E-8", "units": null, "value": ".7189268444879852", "title": "eccentricity", "label": "e"}, {"label": "a", "title": "semi-major axis", "value": "2.910402174083794", "units": "au", "sigma": "7.5811E-9", "name": "a"}, {"label": "q", "units": "au", "value": ".8180359228787605", "title": "perihelion distance", "sigma": "5.3087E-8", "name": "q"}, {"units": "deg", "title": "inclination; angle with respect to x-y ecliptic plane", "value": "54.50068401110356", "sigma": "1.4778E-5", "name": "i", "label": "i"}, {"units": "deg", "value": "187.4684001799856", "title": "longitude of the ascending node", "sigma": "8.5782E-7", "name": "om", "label": "node"}, {"units": "deg", "title": "argument of perihelion", "value": "120.4078458800526", "sigma": "6.4515E-6", "name": "w", "label": "peri"}, {"units": "deg", "value": "136.5723549471322", "title": "mean anomaly", "name": "ma", "sigma": "3.6471E-6", "label": "M"}, {"label": "tp", "value": "2460512.500324461904", "title": "time of perihelion passage", "units": "TDB", "name": "tp", "sigma": "1.586E-5"}, {"name": "per", "sigma": "7.0859E-6", "title": "sidereal orbital period", "value": "1813.543328659687", "units": "d", "label": "period"}, {"label": "n", "value": ".1985064234809657", "title": "mean motion", "units": "deg/d", "name": "n", "sigma": "7.7561E-10"}, {"name": "ad", "sigma": "1.3031E-8", "units": "au", "title": "aphelion distance", "value": "5.002768425288828", "label": "Q"}], "epoch": "2461200.5"}