{"spkid": "20418094", "covariance": {"epoch": "2458407.5", "labels": ["e", "q", "tp", "node", "peri", "i"], "elements": [{"label": "e", "units": null, "value": ".4409994464535482", "title": "eccentricity", "name": "e", "sigma": 1.97981000626668e-08}, {"label": "q", "sigma": 2.96143846051024e-08, "name": "q", "title": "perihelion distance", "value": ".8309131235156314", "units": "au"}, {"sigma": 3.40575072570378e-06, "name": "tp", "value": "2458522.071432134626", "title": "time of perihelion passage", "units": "TDB", "label": "tp"}, {"title": "longitude of the ascending node", "value": "249.9000670536028", "units": "deg", "name": "om", "sigma": 7.32831416143243e-07, "label": "node"}, {"label": "peri", "name": "w", "sigma": 4.06065118597944e-06, "value": "297.6388215397218", "title": "argument of perihelion", "units": "deg"}, {"label": "i", "units": "deg", "value": "38.3337543438348", "title": "inclination", "name": "i", "sigma": 1.54222595855713e-06}], "data": [["3.919647660913685E-16", "-5.841753612999286E-16", "-2.606345522403971E-14", "7.499520245204959E-15", "-6.902686966880893E-14", "-8.333858546664733E-15"], ["-5.841753612999286E-16", "8.770117755389259E-16", "4.604615846250249E-14", "-1.16723745263199E-14", "1.024345877180704E-13", "1.207771213794852E-14"], ["-2.606345522403971E-14", "4.604615846250249E-14", "1.159913800563181E-11", "-2.901567002703193E-13", "6.811115527357962E-12", "7.422173109198014E-13"], ["7.499520245204959E-15", "-1.16723745263199E-14", "-2.901567002703193E-13", "5.370418844865112E-13", "-8.217726645454257E-14", "2.390003589090886E-13"], ["-6.902686966880893E-14", "1.024345877180704E-13", "6.811115527357962E-12", "-8.217726645454257E-14", "1.64888880541962E-11", "2.31386408791494E-12"], ["-8.333858546664733E-15", "1.207771213794852E-14", "7.422173109198014E-13", "2.390003589090886E-13", "2.31386408791494E-12", "2.378460907247445E-12"]]}, "elements": [{"name": "e", "sigma": "1.9832E-8", "title": "eccentricity", "value": ".4407516488126948", "units": null, "label": "e"}, {"value": "1.486407060680792", "title": "semi-major axis", "units": "au", "name": "a", "sigma": "4.4548E-9", "label": "a"}, {"label": "q", "sigma": "2.9674E-8", "name": "q", "title": "perihelion distance", "value": ".8312706978789018", "units": "au"}, {"label": "i", "name": "i", "sigma": "1.5421E-6", "units": "deg", "value": "38.34024388600169", "title": "inclination; angle with respect to x-y ecliptic plane"}, {"label": "node", "sigma": "7.3252E-7", "name": "om", "units": "deg", "title": "longitude of the ascending node", "value": "249.8559660557664"}, {"label": "peri", "units": "deg", "value": "297.6401696320706", "title": "argument of perihelion", "name": "w", "sigma": "4.0602E-6"}, {"label": "M", "units": "deg", "value": "16.82486026105499", "title": "mean anomaly", "name": "ma", "sigma": "8.3011E-6"}, {"label": "tp", "value": "2461169.564721411938", "title": "time of perihelion passage", "units": "TDB", "name": "tp", "sigma": "1.5125E-5"}, {"label": "period", "sigma": "2.9757E-6", "name": "per", "value": "661.9193335876237", "title": "sidereal orbital period", "units": "d"}, {"label": "n", "name": "n", "sigma": "2.445E-9", "title": "mean motion", "value": ".5438729188476618", "units": "deg/d"}, {"sigma": "6.4182E-9", "name": "ad", "units": "au", "value": "2.141543423482683", "title": "aphelion distance", "label": "Q"}], "epoch": "2461200.5"}