{"spkid": "20416801", "covariance": {"data": [["1.502391884968677E-15", "-1.825424270860406E-15", "-3.42999300000032E-14", "4.393069750198793E-14", "-1.020339665606808E-13", "2.03662793350766E-14"], ["-1.825424270860406E-15", "2.218320628843978E-15", "4.366426050076652E-14", "-5.218364721609755E-14", "1.238905292640069E-13", "-2.438428039581767E-14"], ["-3.42999300000032E-14", "4.366426050076652E-14", "2.808433906365176E-11", "1.033931598426922E-11", "1.194435643894242E-11", "2.567952853350518E-12"], ["4.393069750198793E-14", "-5.218364721609755E-14", "1.033931598426922E-11", "7.130292202538762E-11", "-5.78537168486282E-11", "1.027819642887227E-11"], ["-1.020339665606808E-13", "1.238905292640069E-13", "1.194435643894242E-11", "-5.78537168486282E-11", "6.995135018425884E-11", "-8.262304143786094E-12"], ["2.03662793350766E-14", "-2.438428039581767E-14", "2.567952853350518E-12", "1.027819642887227E-11", "-8.262304143786094E-12", "3.203880933549638E-11"]], "elements": [{"label": "e", "units": null, "value": ".4976830501986274", "title": "eccentricity", "sigma": 3.87607002641681e-08, "name": "e"}, {"label": "q", "title": "perihelion distance", "value": ".5996209058154361", "units": "au", "sigma": 4.70990512520579e-08, "name": "q"}, {"label": "tp", "units": "TDB", "title": "time of perihelion passage", "value": "2457381.108452424199", "sigma": 5.29946592249179e-06, "name": "tp"}, {"name": "om", "sigma": 8.44410575640711e-06, "units": "deg", "title": "longitude of the ascending node", "value": "67.98723830440109", "label": "node"}, {"name": "w", "sigma": 8.36369237742869e-06, "units": "deg", "title": "argument of perihelion", "value": "258.239796151689", "label": "peri"}, {"label": "i", "value": "16.53222863096015", "title": "inclination", "units": "deg", "name": "i", "sigma": 5.66028350310268e-06}], "labels": ["e", "q", "tp", "node", "peri", "i"], "epoch": "2457529.5"}, "elements": [{"label": "e", "name": "e", "sigma": "3.8645E-8", "units": null, "value": ".4975736170930103", "title": "eccentricity"}, {"units": "au", "title": "semi-major axis", "value": "1.19344103802139", "sigma": "2.5419E-9", "name": "a", "label": "a"}, {"label": "q", "units": "au", "title": "perihelion distance", "value": ".5996162639458503", "sigma": "4.7177E-8", "name": "q"}, {"label": "i", "value": "16.53657859738588", "title": "inclination; angle with respect to x-y ecliptic plane", "units": "deg", "name": "i", "sigma": "5.6558E-6"}, {"sigma": "8.4489E-6", "name": "om", "units": "deg", "value": "67.91882835347324", "title": "longitude of the ascending node", "label": "node"}, {"label": "peri", "name": "w", "sigma": "8.3743E-6", "title": "argument of perihelion", "value": "258.3126140847422", "units": "deg"}, {"label": "M", "sigma": "1.0874E-5", "name": "ma", "units": "deg", "title": "mean anomaly", "value": "6.744846237503094"}, {"label": "tp", "sigma": "1.4357E-5", "name": "tp", "units": "TDB", "title": "time of perihelion passage", "value": "2461191.577851837659"}, {"label": "period", "value": "476.2114991715424", "title": "sidereal orbital period", "units": "d", "name": "per", "sigma": "1.5214E-6"}, {"sigma": "2.4152E-9", "name": "n", "title": "mean motion", "value": ".7559666253886903", "units": "deg/d", "label": "n"}, {"label": "Q", "units": "au", "value": "1.78726581209693", "title": "aphelion distance", "sigma": "3.8066E-9", "name": "ad"}], "epoch": "2461200.5"}