{"spkid": "20414990", "covariance": {"epoch": "2457280.5", "labels": ["e", "q", "tp", "node", "peri", "i"], "elements": [{"title": "eccentricity", "value": ".334983817938461", "units": null, "name": "e", "sigma": 2.359979716353e-08, "label": "e"}, {"label": "q", "units": "au", "value": ".8785309322093732", "title": "perihelion distance", "sigma": 2.96596771060098e-08, "name": "q"}, {"title": "time of perihelion passage", "value": "2457388.131409084660", "units": "TDB", "name": "tp", "sigma": 9.3180468916191e-06, "label": "tp"}, {"label": "node", "sigma": 0.000159918814857496, "name": "om", "units": "deg", "value": "134.223881755092", "title": "longitude of the ascending node"}, {"label": "peri", "units": "deg", "title": "argument of perihelion", "value": "142.2531759181188", "sigma": 0.000158759650755059, "name": "w"}, {"label": "i", "value": "1.865940630527508", "title": "inclination", "units": "deg", "sigma": 3.7711762125001e-06, "name": "i"}], "data": [["5.569504261597609E-16", "-6.995517219642994E-16", "7.510363015138828E-14", "-2.956962299084445E-13", "3.272649647116547E-13", "-1.12927375259866E-14"], ["-6.995517219642994E-16", "8.796964460327594E-16", "-8.841443833529101E-14", "4.055362868731743E-13", "-4.412297170083337E-13", "1.505242742548824E-14"], ["7.510363015138828E-14", "-8.841443833529101E-14", "8.682599787441244E-11", "2.249878420355743E-10", "-1.629689267822033E-10", "5.138345535181769E-12"], ["-2.956962299084445E-13", "4.055362868731743E-13", "2.249878420355743E-10", "2.557402734542624E-8", "-2.536536209414257E-8", "5.415719995892975E-10"], ["3.272649647116547E-13", "-4.412297170083337E-13", "-1.629689267822033E-10", "-2.536536209414257E-8", "2.520462670786834E-8", "-5.364052950814987E-10"], ["-1.12927375259866E-14", "1.505242742548824E-14", "5.138345535181769E-12", "5.415719995892975E-10", "-5.364052950814987E-10", "1.422177002572658E-11"]]}, "elements": [{"sigma": "2.3466E-8", "name": "e", "title": "eccentricity", "value": ".3352340724506134", "units": null, "label": "e"}, {"title": "semi-major axis", "value": "1.321369507756757", "units": "au", "sigma": "2.0609E-9", "name": "a", "label": "a"}, {"label": "q", "units": "au", "value": ".8784014264593972", "title": "perihelion distance", "sigma": "2.975E-8", "name": "q"}, {"sigma": "3.7829E-6", "name": "i", "title": "inclination; angle with respect to x-y ecliptic plane", "value": "1.86496268882238", "units": "deg", "label": "i"}, {"name": "om", "sigma": ".00016006", "units": "deg", "value": "134.1451896360058", "title": "longitude of the ascending node", "label": "node"}, {"name": "w", "sigma": ".00015892", "title": "argument of perihelion", "value": "142.3094739211709", "units": "deg", "label": "peri"}, {"sigma": "1.0953E-5", "name": "ma", "units": "deg", "title": "mean anomaly", "value": "314.7472854126671", "label": "M"}, {"title": "time of perihelion passage", "value": "2461270.239203610593", "units": "TDB", "sigma": "1.7017E-5", "name": "tp", "label": "tp"}, {"units": "d", "value": "554.7979503276318", "title": "sidereal orbital period", "name": "per", "sigma": "1.298E-6", "label": "period"}, {"sigma": "1.5181E-9", "name": "n", "units": "deg/d", "title": "mean motion", "value": ".6488848774358388", "label": "n"}, {"label": "Q", "value": "1.764337589054117", "title": "aphelion distance", "units": "au", "sigma": "2.7518E-9", "name": "ad"}], "epoch": "2461200.5"}