{"spkid": "20417634", "covariance": {"data": [["2.429887311166819E-14", "-6.134308004810762E-14", "-7.403413933660013E-12", "3.114543599292581E-12", "-9.12000913977883E-12", "-1.262003522203667E-13"], ["-6.134308004810762E-14", "1.552956109114669E-13", "1.993530794491543E-11", "-7.675729216841625E-12", "2.340095358723926E-11", "1.985109824506623E-13"], ["-7.403413933660013E-12", "1.993530794491543E-11", "6.297576770154234E-9", "-3.706284039081948E-10", "4.248307588293466E-9", "-3.180712784386939E-10"], ["3.114543599292581E-12", "-7.675729216841625E-12", "-3.706284039081948E-10", "2.556629528891763E-9", "-2.657779066427169E-9", "3.176316628736825E-10"], ["-9.12000913977883E-12", "2.340095358723926E-11", "4.248307588293466E-9", "-2.657779066427169E-9", "5.562643424248482E-9", "-4.153151713165205E-10"], ["-1.262003522203667E-13", "1.985109824506623E-13", "-3.180712784386939E-10", "3.176316628736825E-10", "-4.153151713165205E-10", "3.148047961324589E-10"]], "elements": [{"label": "e", "name": "e", "sigma": 1.55880958143284e-07, "units": null, "title": "eccentricity", "value": ".5932126778686696"}, {"label": "q", "title": "perihelion distance", "value": "1.00119244797497", "units": "au", "sigma": 3.94075641103922e-07, "name": "q"}, {"units": "TDB", "value": "2455463.907235083641", "title": "time of perihelion passage", "sigma": 7.93572729505887e-05, "name": "tp", "label": "tp"}, {"title": "longitude of the ascending node", "value": "38.64069342812385", "units": "deg", "name": "om", "sigma": 5.05631242002684e-05, "label": "node"}, {"units": "deg", "value": "343.8550039606232", "title": "argument of perihelion", "name": "w", "sigma": 7.458313096303e-05, "label": "peri"}, {"label": "i", "title": "inclination", "value": "20.40503176348646", "units": "deg", "name": "i", "sigma": 1.77427392510981e-05}], "labels": ["e", "q", "tp", "node", "peri", "i"], "epoch": "2455019.5"}, "elements": [{"name": "e", "sigma": "1.5743E-7", "units": null, "value": ".595548561392681", "title": "eccentricity", "label": "e"}, {"name": "a", "sigma": "6.0923E-8", "value": "2.458081691824477", "title": "semi-major axis", "units": "au", "label": "a"}, {"title": "perihelion distance", "value": ".9941746764727223", "units": "au", "sigma": "3.9997E-7", "name": "q", "label": "q"}, {"label": "i", "units": "deg", "title": "inclination; angle with respect to x-y ecliptic plane", "value": "20.49398479543541", "sigma": "1.7837E-5", "name": "i"}, {"value": "38.44945290303436", "title": "longitude of the ascending node", "units": "deg", "name": "om", "sigma": "5.0293E-5", "label": "node"}, {"sigma": "7.3747E-5", "name": "w", "units": "deg", "value": "344.1599771279793", "title": "argument of perihelion", "label": "peri"}, {"units": "deg", "value": "25.69557930846194", "title": "mean anomaly", "sigma": "7.08E-5", "name": "ma", "label": "M"}, {"label": "tp", "units": "TDB", "value": "2461100.027130095110", "title": "time of perihelion passage", "sigma": ".00027311", "name": "tp"}, {"name": "per", "sigma": "5.2332E-5", "units": "d", "value": "1407.644199477109", "title": "sidereal orbital period", "label": "period"}, {"units": "deg/d", "value": ".2557464451128541", "title": "mean motion", "name": "n", "sigma": "9.508E-9", "label": "n"}, {"sigma": "9.7206E-8", "name": "ad", "value": "3.921988707176231", "title": "aphelion distance", "units": "au", "label": "Q"}], "epoch": "2461200.5"}