{"spkid": "20423709", "covariance": {"labels": ["e", "q", "tp", "node", "peri", "i"], "data": [["4.917306158195851E-16", "-7.549912990275275E-16", "-1.89423918170012E-13", "1.715543184574787E-14", "-1.002026402995693E-13", "9.983771195304492E-15"], ["-7.549912990275275E-16", "1.160735662703963E-15", "3.020024765718995E-13", "-2.65305118317985E-14", "1.569864718237017E-13", "-1.605364919372451E-14"], ["-1.89423918170012E-13", "3.020024765718995E-13", "1.683163839698915E-10", "-6.562326720066845E-12", "7.524880249226762E-11", "-1.068533804544998E-11"], ["1.715543184574787E-14", "-2.65305118317985E-14", "-6.562326720066845E-12", "6.046933526990873E-11", "-6.048319847407749E-11", "3.124094620664987E-11"], ["-1.002026402995693E-13", "1.569864718237017E-13", "7.524880249226762E-11", "-6.048319847407749E-11", "9.65283392411009E-11", "-3.518920910019528E-11"], ["9.983771195304492E-15", "-1.605364919372451E-14", "-1.068533804544998E-11", "3.124094620664987E-11", "-3.518920910019528E-11", "5.091064828415176E-11"]], "elements": [{"label": "e", "name": "e", "sigma": 2.21749997930008e-08, "units": null, "value": ".4046872411588198", "title": "eccentricity"}, {"units": "au", "title": "perihelion distance", "value": ".876300998744432", "sigma": 3.40695709204557e-08, "name": "q", "label": "q"}, {"label": "tp", "sigma": 1.29736804327026e-05, "name": "tp", "units": "TDB", "value": "2457164.487293982170", "title": "time of perihelion passage"}, {"label": "node", "name": "om", "sigma": 7.77620313970184e-06, "units": "deg", "title": "longitude of the ascending node", "value": "307.6941036609413"}, {"label": "peri", "units": "deg", "value": "304.7266871366213", "title": "argument of perihelion", "name": "w", "sigma": 9.82488367570328e-06}, {"units": "deg", "value": "12.99815552654932", "title": "inclination", "name": "i", "sigma": 7.13516981466817e-06, "label": "i"}], "epoch": "2457037.5"}, "elements": [{"label": "e", "sigma": "2.2221E-8", "name": "e", "title": "eccentricity", "value": ".4047513947059292", "units": null}, {"sigma": "2.9386E-9", "name": "a", "units": "au", "title": "semi-major axis", "value": "1.471779264635514", "label": "a"}, {"units": "au", "value": ".876074554575023", "title": "perihelion distance", "name": "q", "sigma": "3.4014E-8", "label": "q"}, {"label": "i", "title": "inclination; angle with respect to x-y ecliptic plane", "value": "13.00239152089426", "units": "deg", "sigma": "7.1376E-6", "name": "i"}, {"units": "deg", "title": "longitude of the ascending node", "value": "307.5924367855193", "sigma": "7.7859E-6", "name": "om", "label": "node"}, {"label": "peri", "units": "deg", "title": "argument of perihelion", "value": "304.870178329045", "sigma": "9.8308E-6", "name": "w"}, {"title": "mean anomaly", "value": "67.70794952553425", "units": "deg", "name": "ma", "sigma": "1.4058E-5", "label": "M"}, {"sigma": "2.5105E-5", "name": "tp", "value": "2461077.840946844800", "title": "time of perihelion passage", "units": "TDB", "label": "tp"}, {"label": "period", "units": "d", "title": "sidereal orbital period", "value": "652.1724471839053", "name": "per", "sigma": "1.9532E-6"}, {"label": "n", "sigma": "1.6532E-9", "name": "n", "value": ".5520012407063312", "title": "mean motion", "units": "deg/d"}, {"sigma": "4.1281E-9", "name": "ad", "value": "2.067483974696006", "title": "aphelion distance", "units": "au", "label": "Q"}], "epoch": "2461200.5"}