{"spkid": "20429094", "covariance": {"epoch": "2457094.5", "data": [["2.479319270539344E-15", "-2.834730863228822E-15", "-3.455358988069699E-13", "-5.805260528917675E-14", "-3.362384161578151E-13", "4.093714584145161E-14"], ["-2.834730863228822E-15", "3.244583740725829E-15", "3.934259818383561E-13", "6.437795140878409E-14", "3.777858160518372E-13", "-4.96669148159309E-14"], ["-3.455358988069699E-13", "3.934259818383561E-13", "6.586460350453211E-10", "-2.154977966670383E-12", "5.702704813925031E-10", "-6.711709685018833E-11"], ["-5.805260528917675E-14", "6.437795140878409E-14", "-2.154977966670383E-12", "5.797920189214604E-11", "-4.493544825532861E-11", "-1.025414700930052E-11"], ["-3.362384161578151E-13", "3.777858160518372E-13", "5.702704813925031E-10", "-4.493544825532861E-11", "5.521002321377047E-10", "-4.029454072319779E-11"], ["4.093714584145161E-14", "-4.96669148159309E-14", "-6.711709685018833E-11", "-1.025414700930052E-11", "-4.029454072319779E-11", "1.958135985284117E-10"]], "elements": [{"title": "eccentricity", "value": ".1702019972321815", "units": null, "sigma": 4.97927632346242e-08, "name": "e", "label": "e"}, {"label": "q", "sigma": 5.69612477104025e-08, "name": "q", "units": "au", "title": "perihelion distance", "value": ".9303853837124469"}, {"title": "time of perihelion passage", "value": "2457171.527110249327", "units": "TDB", "name": "tp", "sigma": 2.56641001214794e-05, "label": "tp"}, {"title": "longitude of the ascending node", "value": "9.100931073776845", "units": "deg", "sigma": 7.61440752075603e-06, "name": "om", "label": "node"}, {"label": "peri", "sigma": 2.34968132336644e-05, "name": "w", "units": "deg", "value": "252.9204422733808", "title": "argument of perihelion"}, {"label": "i", "name": "i", "sigma": 1.39933412210384e-05, "units": "deg", "title": "inclination", "value": "25.97917146019981"}], "labels": ["e", "q", "tp", "node", "peri", "i"]}, "elements": [{"label": "e", "sigma": "4.9725E-8", "name": "e", "units": null, "value": ".1702108112710299", "title": "eccentricity"}, {"label": "a", "name": "a", "sigma": "2.5542E-9", "title": "semi-major axis", "value": "1.120927195260438", "units": "au"}, {"name": "q", "sigma": "5.7088E-8", "title": "perihelion distance", "value": ".9301332679793989", "units": "au", "label": "q"}, {"sigma": "1.3994E-5", "name": "i", "units": "deg", "title": "inclination; angle with respect to x-y ecliptic plane", "value": "25.97737443974839", "label": "i"}, {"label": "node", "name": "om", "sigma": "7.615E-6", "units": "deg", "value": "9.063515332339501", "title": "longitude of the ascending node"}, {"units": "deg", "value": "252.989754716668", "title": "argument of perihelion", "sigma": "2.3491E-5", "name": "w", "label": "peri"}, {"value": "106.0947166762448", "title": "mean anomaly", "units": "deg", "sigma": "2.5271E-5", "name": "ma", "label": "M"}, {"sigma": "3.0195E-5", "name": "tp", "value": "2461072.751505040110", "title": "time of perihelion passage", "units": "TDB", "label": "tp"}, {"title": "sidereal orbital period", "value": "433.4754795179882", "units": "d", "sigma": "1.4816E-6", "name": "per", "label": "period"}, {"label": "n", "sigma": "2.8386E-9", "name": "n", "units": "deg/d", "value": ".8304968031878279", "title": "mean motion"}, {"value": "1.311721122541478", "title": "aphelion distance", "units": "au", "sigma": "2.9889E-9", "name": "ad", "label": "Q"}], "epoch": "2461200.5"}