{"spkid": "20439877", "covariance": {"labels": ["e", "q", "tp", "node", "peri", "i"], "elements": [{"label": "e", "sigma": 6.03721130257587e-08, "name": "e", "value": ".3693680179129588", "title": "eccentricity", "units": null}, {"label": "q", "name": "q", "sigma": 7.45886195712656e-08, "units": "au", "title": "perihelion distance", "value": ".7795413172752403"}, {"label": "tp", "units": "TDB", "value": "2459627.443085465565", "title": "time of perihelion passage", "sigma": 1.51004112227603e-05, "name": "tp"}, {"name": "om", "sigma": 8.4795047755658e-06, "value": "73.00102796871111", "title": "longitude of the ascending node", "units": "deg", "label": "node"}, {"name": "w", "sigma": 1.18226466454767e-05, "title": "argument of perihelion", "value": "105.755584206847", "units": "deg", "label": "peri"}, {"label": "i", "value": "21.6192657763175", "title": "inclination", "units": "deg", "name": "i", "sigma": 8.85945827473182e-06}], "data": [["3.644792031194985E-15", "-4.502634212802762E-15", "-4.237201902077561E-13", "-5.717505886527035E-14", "6.333240278324927E-14", "8.117229376051817E-14"], ["-4.502634212802762E-15", "5.563462169546981E-15", "5.318202910558808E-13", "7.02925088634369E-14", "-7.26975355176977E-14", "-9.857069925130559E-14"], ["-4.237201902077561E-13", "5.318202910558808E-13", "2.280224190964646E-10", "1.997445556971244E-11", "1.035202512818557E-10", "1.791508571974383E-14"], ["-5.717505886527035E-14", "7.02925088634369E-14", "1.997445556971244E-11", "7.190200123884326E-11", "-5.442656518339226E-11", "-4.337543055450896E-12"], ["6.333240278324927E-14", "-7.26975355176977E-14", "1.035202512818557E-10", "-5.442656518339226E-11", "1.397749737038005E-10", "1.565317717414398E-11"], ["8.117229376051817E-14", "-9.857069925130559E-14", "1.791508571974383E-14", "-4.337543055450896E-12", "1.565317717414398E-11", "7.849000092171413E-11"]], "epoch": "2459741.5"}, "elements": [{"name": "e", "sigma": "6.0377E-8", "units": null, "value": ".3692068706498843", "title": "eccentricity", "label": "e"}, {"units": "au", "title": "semi-major axis", "value": "1.236100530584127", "name": "a", "sigma": "1.6153E-9", "label": "a"}, {"sigma": "7.4484E-8", "name": "q", "value": ".7797237218784996", "title": "perihelion distance", "units": "au", "label": "q"}, {"label": "i", "title": "inclination; angle with respect to x-y ecliptic plane", "value": "21.62332647977932", "units": "deg", "sigma": "8.8602E-6", "name": "i"}, {"name": "om", "sigma": "8.4767E-6", "title": "longitude of the ascending node", "value": "72.9737324306503", "units": "deg", "label": "node"}, {"label": "peri", "units": "deg", "value": "105.7704350413597", "title": "argument of perihelion", "name": "w", "sigma": "1.1824E-5"}, {"units": "deg", "value": "48.11800656542166", "title": "mean anomaly", "name": "ma", "sigma": "1.2124E-5", "label": "M"}, {"name": "tp", "sigma": "1.6829E-5", "units": "TDB", "title": "time of perihelion passage", "value": "2461133.405913781034", "label": "tp"}, {"name": "per", "sigma": "9.8392E-7", "units": "d", "value": "501.9715645532372", "title": "sidereal orbital period", "label": "period"}, {"value": ".7171720978267083", "title": "mean motion", "units": "deg/d", "sigma": "1.4057E-9", "name": "n", "label": "n"}, {"sigma": "2.2116E-9", "name": "ad", "title": "aphelion distance", "value": "1.692477339289754", "units": "au", "label": "Q"}], "epoch": "2461200.5"}