{"spkid": "20437844", "covariance": {"epoch": "2453371.5", "data": [["1.831755049757148E-15", "-1.226573457271226E-15", "1.625157390174703E-13", "1.277076491265458E-13", "-1.199729076134181E-13", "4.514240347884576E-14", "-4.610519384263877E-23"], ["-1.226573457271226E-15", "8.214875901869429E-16", "-1.087730541124453E-13", "-8.633526652053457E-14", "8.124593092596796E-14", "-2.972523737406749E-14", "3.040147039759474E-23"], ["1.625157390174703E-13", "-1.087730541124453E-13", "1.531250800261928E-11", "3.809372820780132E-12", "-2.068287240532602E-12", "7.938596524829512E-12", "-4.394123018593062E-21"], ["1.277076491265458E-13", "-8.633526652053457E-14", "3.809372820780132E-12", "1.44722798826616E-9", "-1.441901297228795E-9", "8.424957026100117E-11", "-3.526822433787379E-21"], ["-1.199729076134181E-13", "8.124593092596796E-14", "-2.068287240532602E-12", "-1.441901297228795E-9", "1.438005680409092E-9", "-7.801010638568147E-11", "2.832913279046989E-21"], ["4.514240347884576E-14", "-2.972523737406749E-14", "7.938596524829512E-12", "8.424957026100117E-11", "-7.801010638568147E-11", "3.349633095374448E-11", "-3.85251953830671E-21"], ["-4.610519384263877E-23", "3.040147039759474E-23", "-4.394123018593062E-21", "-3.526822433787379E-21", "2.832913279046989E-21", "-3.85251953830671E-21", "2.698377022136829E-30"]], "elements": [{"value": ".6653354355019535", "title": "eccentricity", "units": null, "name": "e", "sigma": 4.27990075791151e-08, "label": "e"}, {"label": "q", "value": ".2254952211157737", "title": "perihelion distance", "units": "au", "name": "q", "sigma": 2.86616048082961e-08}, {"sigma": 3.91311998316168e-06, "name": "tp", "units": "TDB", "title": "time of perihelion passage", "value": "2453463.760304163669", "label": "tp"}, {"label": "node", "units": "deg", "value": "80.79221979134154", "title": "longitude of the ascending node", "sigma": 3.80424498194604e-05, "name": "om"}, {"label": "peri", "units": "deg", "value": "9.873108948288165", "title": "argument of perihelion", "name": "w", "sigma": 3.79210453496352e-05}, {"value": "2.014051020949807", "title": "inclination", "units": "deg", "sigma": 5.78760148539483e-06, "name": "i", "label": "i"}], "labels": ["e", "q", "tp", "node", "peri", "i", "A2"]}, "elements": [{"label": "e", "sigma": "4.2549E-8", "name": "e", "title": "eccentricity", "value": ".6653173921882938", "units": null}, {"label": "a", "name": "a", "sigma": "1.6312E-9", "units": "au", "value": ".6740747269365035", "title": "semi-major axis"}, {"label": "q", "name": "q", "sigma": "2.8983E-8", "units": "au", "value": ".2256010874710728", "title": "perihelion distance"}, {"label": "i", "sigma": "5.8331E-6", "name": "i", "units": "deg", "title": "inclination; angle with respect to x-y ecliptic plane", "value": "2.031839959310485"}, {"units": "deg", "title": "longitude of the ascending node", "value": "81.38441415630061", "name": "om", "sigma": "3.7229E-5", "label": "node"}, {"sigma": "3.7147E-5", "name": "w", "units": "deg", "title": "argument of perihelion", "value": "9.209695476356151", "label": "peri"}, {"value": "103.7094169930292", "title": "mean anomaly", "units": "deg", "sigma": "1.2357E-5", "name": "ma", "label": "M"}, {"value": "2461142.266058526359", "title": "time of perihelion passage", "units": "TDB", "sigma": "6.7568E-6", "name": "tp", "label": "tp"}, {"name": "per", "sigma": "7.3377E-7", "units": "d", "title": "sidereal orbital period", "value": "202.1438316630398", "label": "period"}, {"label": "n", "sigma": "6.4646E-9", "name": "n", "units": "deg/d", "value": "1.780910142240184", "title": "mean motion"}, {"name": "ad", "sigma": "2.7165E-9", "value": "1.122548366401934", "title": "aphelion distance", "units": "au", "label": "Q"}], "epoch": "2461200.5"}