{"spkid": "20438661", "covariance": {"elements": [{"label": "e", "units": null, "value": ".2933436459068074", "title": "eccentricity", "sigma": 3.22349796723102e-08, "name": "e"}, {"label": "q", "title": "perihelion distance", "value": ".8545770338583474", "units": "au", "name": "q", "sigma": 4.07446087633023e-08}, {"value": "2458831.174588160865", "title": "time of perihelion passage", "units": "TDB", "sigma": 9.18173889733504e-06, "name": "tp", "label": "tp"}, {"label": "node", "sigma": 1.01426483498893e-05, "name": "om", "units": "deg", "value": "303.2626076830352", "title": "longitude of the ascending node"}, {"units": "deg", "title": "argument of perihelion", "value": "130.3701432837571", "sigma": 1.07203781480235e-05, "name": "w", "label": "peri"}, {"value": "17.72292944108903", "title": "inclination", "units": "deg", "sigma": 1.16878903157226e-05, "name": "i", "label": "i"}], "data": [["1.039093914474254E-15", "-1.312864358539763E-15", "-2.637234274052406E-13", "-1.041912334677814E-13", "-3.020597591311448E-15", "4.314865408605986E-14"], ["-1.312864358539763E-15", "1.660123143274572E-15", "3.360040888959675E-13", "1.336547435880778E-13", "1.377880281063266E-15", "-5.4120219965771E-14"], ["-2.637234274052406E-13", "3.360040888959675E-13", "8.430432917883528E-11", "4.124834087609303E-12", "2.836488432818032E-11", "-1.171061557856754E-11"], ["-1.041912334677814E-13", "1.336547435880778E-13", "4.124834087609303E-12", "1.028733155495117E-10", "-9.844849634333168E-11", "-4.430993297724529E-11"], ["-3.020597591311448E-15", "1.377880281063266E-15", "2.836488432818032E-11", "-9.844849634333168E-11", "1.149265076366199E-10", "3.847557850420719E-11"], ["4.314865408605986E-14", "-5.4120219965771E-14", "-1.171061557856754E-11", "-4.430993297724529E-11", "3.847557850420719E-11", "1.36606780032363E-10"]], "labels": ["e", "q", "tp", "node", "peri", "i"], "epoch": "2458698.5"}, "elements": [{"label": "e", "value": ".293093813581539", "title": "eccentricity", "units": null, "name": "e", "sigma": "3.2458E-8"}, {"label": "a", "title": "semi-major axis", "value": "1.208895290751322", "units": "au", "sigma": "2.2175E-9", "name": "a"}, {"label": "q", "sigma": "4.046E-8", "name": "q", "value": ".854575559764254", "title": "perihelion distance", "units": "au"}, {"name": "i", "sigma": "1.1688E-5", "units": "deg", "title": "inclination; angle with respect to x-y ecliptic plane", "value": "17.72401229504229", "label": "i"}, {"title": "longitude of the ascending node", "value": "303.219116393398", "units": "deg", "sigma": "1.013E-5", "name": "om", "label": "node"}, {"units": "deg", "value": "130.3157008702908", "title": "argument of perihelion", "sigma": "1.072E-5", "name": "w", "label": "peri"}, {"name": "ma", "sigma": "1.1566E-5", "title": "mean anomaly", "value": "316.7042872478694", "units": "deg", "label": "M"}, {"sigma": "1.575E-5", "name": "tp", "units": "TDB", "value": "2461258.888033478629", "title": "time of perihelion passage", "label": "tp"}, {"label": "period", "name": "per", "sigma": "1.3358E-6", "units": "d", "value": "485.4913042463319", "title": "sidereal orbital period"}, {"units": "deg/d", "value": ".7415168857840979", "title": "mean motion", "sigma": "2.0402E-9", "name": "n", "label": "n"}, {"label": "Q", "units": "au", "value": "1.563215021738391", "title": "aphelion distance", "sigma": "2.8674E-9", "name": "ad"}], "epoch": "2461200.5"}