{"spkid": "20435548", "covariance": {"labels": ["e", "q", "tp", "node", "peri", "i"], "data": [["6.496013012619953E-16", "-1.306310598723085E-15", "2.696109909485359E-14", "2.349825091963459E-13", "-2.236617017167253E-13", "-3.489001144757775E-15"], ["-1.306310598723085E-15", "2.637489358000575E-15", "-9.769681476219578E-15", "-4.658835602146066E-13", "4.562467030633555E-13", "6.34448091574914E-15"], ["2.696109909485359E-14", "-9.769681476219578E-15", "2.332593531459996E-10", "3.248616191848359E-11", "6.282749597746258E-11", "-4.308786183335347E-12"], ["2.349825091963459E-13", "-4.658835602146066E-13", "3.248616191848359E-11", "9.746110844582658E-10", "-9.348057813600305E-10", "7.831989220878031E-11"], ["-2.236617017167253E-13", "4.562467030633555E-13", "6.282749597746258E-11", "-9.348057813600305E-10", "9.584562019268854E-10", "-8.067324619876768E-11"], ["-3.489001144757775E-15", "6.34448091574914E-15", "-4.308786183335347E-12", "7.831989220878031E-11", "-8.067324619876768E-11", "2.674277449306829E-11"]], "elements": [{"label": "e", "sigma": 2.54872772430088e-08, "name": "e", "units": null, "value": ".5277420659788465", "title": "eccentricity"}, {"label": "q", "name": "q", "sigma": 5.13564928514455e-08, "units": "au", "title": "perihelion distance", "value": ".9504048055612823"}, {"label": "tp", "units": "TDB", "title": "time of perihelion passage", "value": "2456903.821743645290", "name": "tp", "sigma": 1.52728305544846e-05}, {"title": "longitude of the ascending node", "value": "272.0431681842722", "units": "deg", "sigma": 3.12187617380681e-05, "name": "om", "label": "node"}, {"label": "peri", "sigma": 3.09589438115528e-05, "name": "w", "value": "160.7065282615116", "title": "argument of perihelion", "units": "deg"}, {"label": "i", "value": "7.229033185909293", "title": "inclination", "units": "deg", "sigma": 5.17134165309819e-06, "name": "i"}], "epoch": "2456913.5"}, "elements": [{"sigma": "2.5555E-8", "name": "e", "value": ".5284807375269851", "title": "eccentricity", "units": null, "label": "e"}, {"units": "au", "title": "semi-major axis", "value": "2.011871654449309", "sigma": "6.6277E-9", "name": "a", "label": "a"}, {"label": "q", "value": ".9486362386963023", "title": "perihelion distance", "units": "au", "name": "q", "sigma": "5.1499E-8"}, {"sigma": "5.1889E-6", "name": "i", "value": "7.250576952337755", "title": "inclination; angle with respect to x-y ecliptic plane", "units": "deg", "label": "i"}, {"label": "node", "units": "deg", "value": "271.8932359659433", "title": "longitude of the ascending node", "sigma": "3.1092E-5", "name": "om"}, {"label": "peri", "value": "160.9969040945502", "title": "argument of perihelion", "units": "deg", "sigma": "3.0838E-5", "name": "w"}, {"label": "M", "sigma": "1.2424E-5", "name": "ma", "title": "mean anomaly", "value": "43.29370875458455", "units": "deg"}, {"units": "TDB", "title": "time of perihelion passage", "value": "2461075.150927418476", "sigma": "3.5367E-5", "name": "tp", "label": "tp"}, {"label": "period", "units": "d", "title": "sidereal orbital period", "value": "1042.314632482715", "name": "per", "sigma": "5.1505E-6"}, {"title": "mean motion", "value": ".3453851541376783", "units": "deg/d", "sigma": "1.7067E-9", "name": "n", "label": "n"}, {"name": "ad", "sigma": "1.013E-8", "value": "3.075107070202315", "title": "aphelion distance", "units": "au", "label": "Q"}], "epoch": "2461200.5"}