{"spkid": "20430544", "covariance": {"epoch": "2457596.5", "labels": ["e", "q", "tp", "node", "peri", "i"], "data": [["2.483704567729105E-15", "-5.511676968959731E-15", "2.651022570307924E-13", "9.708024435227088E-15", "-3.376655647249968E-13", "-2.793329103621876E-15"], ["-5.511676968959731E-15", "1.223996155340186E-14", "-5.891941484360912E-13", "-1.387241990678339E-14", "7.410149037890527E-13", "7.661467314590681E-15"], ["2.651022570307924E-13", "-5.891941484360912E-13", "3.546788600935765E-10", "2.165459973888265E-10", "-1.297703681243923E-10", "4.293486223286991E-13"], ["9.708024435227088E-15", "-1.387241990678339E-14", "2.165459973888265E-10", "1.615037804129774E-8", "-1.604268868973054E-8", "1.095142393376594E-9"], ["-3.376655647249968E-13", "7.410149037890527E-13", "-1.297703681243923E-10", "-1.604268868973054E-8", "1.604608258831217E-8", "-1.092351182455014E-9"], ["-2.793329103621876E-15", "7.661467314590681E-15", "4.293486223286991E-13", "1.095142393376594E-9", "-1.092351182455014E-9", "1.435395509545897E-10"]], "elements": [{"value": ".8082560271084198", "title": "eccentricity", "units": null, "sigma": 4.98367792672149e-08, "name": "e", "label": "e"}, {"sigma": 1.10634359732417e-07, "name": "q", "title": "perihelion distance", "value": ".4213891956447925", "units": "au", "label": "q"}, {"name": "tp", "sigma": 1.88329195849602e-05, "value": "2457040.142956705804", "title": "time of perihelion passage", "units": "TDB", "label": "tp"}, {"label": "node", "units": "deg", "title": "longitude of the ascending node", "value": "339.7018008316316", "sigma": 0.000127084137646276, "name": "om"}, {"label": "peri", "units": "deg", "value": "83.99615998076054", "title": "argument of perihelion", "name": "w", "sigma": 0.000126673132858993}, {"sigma": 1.1980799261927e-05, "name": "i", "value": "3.354645270990735", "title": "inclination", "units": "deg", "label": "i"}]}, "elements": [{"label": "e", "sigma": "5.0664E-8", "name": "e", "units": null, "value": ".8065902685878255", "title": "eccentricity"}, {"label": "a", "units": "au", "title": "semi-major axis", "value": "2.201154577281146", "name": "a", "sigma": "1.6109E-8"}, {"value": ".425724715588625", "title": "perihelion distance", "units": "au", "name": "q", "sigma": "1.128E-7", "label": "q"}, {"label": "i", "units": "deg", "value": "3.346598529217996", "title": "inclination; angle with respect to x-y ecliptic plane", "name": "i", "sigma": "1.189E-5"}, {"label": "node", "name": "om", "sigma": ".00012728", "title": "longitude of the ascending node", "value": "338.916459026627", "units": "deg"}, {"label": "peri", "units": "deg", "value": "84.81842185578621", "title": "argument of perihelion", "sigma": ".0001269", "name": "w"}, {"name": "ma", "sigma": "1.4569E-5", "title": "mean anomaly", "value": "176.7639651121583", "units": "deg", "label": "M"}, {"label": "tp", "name": "tp", "sigma": "4.2422E-5", "value": "2460614.813148511635", "title": "time of perihelion passage", "units": "TDB"}, {"title": "sidereal orbital period", "value": "1192.818153869919", "units": "d", "sigma": "1.3094E-5", "name": "per", "label": "period"}, {"name": "n", "sigma": "3.3131E-9", "units": "deg/d", "value": ".3018062718378607", "title": "mean motion", "label": "n"}, {"label": "Q", "units": "au", "title": "aphelion distance", "value": "3.976584438973667", "sigma": "2.9102E-8", "name": "ad"}], "epoch": "2461200.5"}