{"spkid": "20434326", "covariance": {"labels": ["e", "q", "tp", "node", "peri", "i"], "elements": [{"name": "e", "sigma": 1.93271474707558e-07, "title": "eccentricity", "value": ".5312340723140054", "units": null, "label": "e"}, {"units": "au", "value": ".2977459591886465", "title": "perihelion distance", "sigma": 1.21328097005587e-07, "name": "q", "label": "q"}, {"name": "tp", "sigma": 4.27187336615635e-05, "value": "2455249.664375981060", "title": "time of perihelion passage", "units": "TDB", "label": "tp"}, {"label": "node", "name": "om", "sigma": 4.05592257885938e-05, "units": "deg", "title": "longitude of the ascending node", "value": "37.05630538281824"}, {"value": "352.965628441765", "title": "argument of perihelion", "units": "deg", "name": "w", "sigma": 3.81735143588946e-05, "label": "peri"}, {"label": "i", "name": "i", "sigma": 5.37099286712975e-05, "units": "deg", "title": "inclination", "value": "18.9456679659491"}], "data": [["3.735386293563416E-14", "-2.344312310784231E-14", "1.311951305227263E-12", "2.117759232421644E-12", "1.432845354621863E-13", "-3.236339315699898E-12"], ["-2.344312310784231E-14", "1.472050712299718E-14", "-7.871528298502363E-13", "-1.308026413976976E-12", "-1.108403960133588E-13", "1.997798392185692E-12"], ["1.311951305227263E-12", "-7.871528298502363E-13", "1.824890205647598E-9", "4.107410768293755E-10", "1.069727494910487E-9", "-5.172074097755517E-10"], ["2.117759232421644E-12", "-1.308026413976976E-12", "4.107410768293755E-10", "1.645050796570133E-9", "-3.914963762342824E-10", "-1.786638812551183E-9"], ["1.432845354621863E-13", "-1.108403960133588E-13", "1.069727494910487E-9", "-3.914963762342824E-10", "1.457217198508732E-9", "2.733974891604904E-10"], ["-3.236339315699898E-12", "1.997798392185692E-12", "-5.172074097755517E-10", "-1.786638812551183E-9", "2.733974891604904E-10", "2.88475643787586E-9"]], "epoch": "2455288.5"}, "elements": [{"label": "e", "units": null, "value": ".5311117798696794", "title": "eccentricity", "sigma": "1.9326E-7", "name": "e"}, {"label": "a", "sigma": "6.2144E-9", "name": "a", "value": ".6352313641985342", "title": "semi-major axis", "units": "au"}, {"label": "q", "sigma": "1.2145E-7", "name": "q", "units": "au", "value": ".2978525037300062", "title": "perihelion distance"}, {"label": "i", "name": "i", "sigma": "5.3699E-5", "units": "deg", "title": "inclination; angle with respect to x-y ecliptic plane", "value": "18.94295457637965"}, {"label": "node", "units": "deg", "title": "longitude of the ascending node", "value": "37.0065321763775", "sigma": "4.0418E-5", "name": "om"}, {"label": "peri", "value": "353.0131616711597", "title": "argument of perihelion", "units": "deg", "name": "w", "sigma": "3.8168E-5"}, {"label": "M", "value": "64.98417959482759", "title": "mean anomaly", "units": "deg", "name": "ma", "sigma": ".00022259"}, {"title": "time of perihelion passage", "value": "2461167.118836796563", "units": "TDB", "sigma": ".00011389", "name": "tp", "label": "tp"}, {"units": "d", "value": "184.9252976365017", "title": "sidereal orbital period", "name": "per", "sigma": "2.7136E-6", "label": "period"}, {"label": "n", "value": "1.946732029641686", "title": "mean motion", "units": "deg/d", "name": "n", "sigma": "2.8567E-8"}, {"label": "Q", "sigma": "9.5149E-9", "name": "ad", "units": "au", "value": ".9726102246670623", "title": "aphelion distance"}], "epoch": "2461200.5"}