{"spkid": "20442523", "covariance": {"labels": ["e", "q", "tp", "node", "peri", "i"], "data": [["5.867390242846429E-16", "-9.308950360971475E-16", "4.338043766777923E-14", "-1.589072797148171E-14", "4.964927630592148E-14", "9.413789850428281E-15"], ["-9.308950360971475E-16", "1.508710654670701E-15", "9.292702464844744E-15", "2.546858602712813E-14", "-5.40289655654157E-14", "-1.431989038230163E-14"], ["4.338043766777923E-14", "9.292702464844744E-15", "3.942791496228097E-10", "-7.272796889988278E-12", "1.833219681118098E-10", "4.290672564395689E-12"], ["-1.589072797148171E-14", "2.546858602712813E-14", "-7.272796889988278E-12", "8.332175855491834E-10", "-8.303702413751053E-10", "-8.562311651769158E-11"], ["4.964927630592148E-14", "-5.40289655654157E-14", "1.833219681118098E-10", "-8.303702413751053E-10", "9.191034910037521E-10", "8.749455096092353E-11"], ["9.413789850428281E-15", "-1.431989038230163E-14", "4.290672564395689E-12", "-8.562311651769158E-11", "8.749455096092353E-11", "3.260134527352057E-11"]], "elements": [{"label": "e", "title": "eccentricity", "value": ".4248627615579399", "units": null, "name": "e", "sigma": 2.42226964701423e-08}, {"label": "q", "name": "q", "sigma": 3.88421247445438e-08, "units": "au", "value": ".9584667351930343", "title": "perihelion distance"}, {"label": "tp", "sigma": 1.98564636736457e-05, "name": "tp", "title": "time of perihelion passage", "value": "2457292.205518516893", "units": "TDB"}, {"label": "node", "name": "om", "sigma": 2.88655085794306e-05, "value": "67.71997425980516", "title": "longitude of the ascending node", "units": "deg"}, {"label": "peri", "sigma": 3.03167196610015e-05, "name": "w", "units": "deg", "value": "242.3674589848242", "title": "argument of perihelion"}, {"label": "i", "sigma": 5.70975877542305e-06, "name": "i", "title": "inclination", "value": "6.716125982928255", "units": "deg"}], "epoch": "2457422.5"}, "elements": [{"name": "e", "sigma": "2.4206E-8", "value": ".4251293084527678", "title": "eccentricity", "units": null, "label": "e"}, {"sigma": "1.0007E-8", "name": "a", "units": "au", "value": "1.66645320601887", "title": "semi-major axis", "label": "a"}, {"title": "perihelion distance", "value": ".9579951069751699", "units": "au", "name": "q", "sigma": "3.8871E-8", "label": "q"}, {"units": "deg", "value": "6.714587336377621", "title": "inclination; angle with respect to x-y ecliptic plane", "sigma": "5.7081E-6", "name": "i", "label": "i"}, {"units": "deg", "title": "longitude of the ascending node", "value": "67.6582991762338", "name": "om", "sigma": "2.8884E-5", "label": "node"}, {"label": "peri", "title": "argument of perihelion", "value": "242.4210112923082", "units": "deg", "name": "w", "sigma": "3.0329E-5"}, {"label": "M", "units": "deg", "value": "350.3261967386571", "title": "mean anomaly", "name": "ma", "sigma": "2.385E-5"}, {"label": "tp", "units": "TDB", "title": "time of perihelion passage", "value": "2461221.614600155711", "sigma": "5.2239E-5", "name": "tp"}, {"sigma": "7.0779E-6", "name": "per", "value": "785.7567340066832", "title": "sidereal orbital period", "units": "d", "label": "period"}, {"name": "n", "sigma": "4.127E-9", "units": "deg/d", "title": "mean motion", "value": ".458157066200769", "label": "n"}, {"title": "aphelion distance", "value": "2.37491130506257", "units": "au", "sigma": "1.4262E-8", "name": "ad", "label": "Q"}], "epoch": "2461200.5"}