{"spkid": "20441987", "covariance": {"epoch": "2458648.5", "elements": [{"label": "e", "sigma": 2.23524603091743e-08, "name": "e", "title": "eccentricity", "value": ".3699962176751009", "units": null}, {"label": "q", "name": "q", "sigma": 2.23551407849063e-08, "value": ".6302187536644243", "title": "perihelion distance", "units": "au"}, {"label": "tp", "units": "TDB", "value": "2458588.318117645134", "title": "time of perihelion passage", "sigma": 1.11513294400151e-06, "name": "tp"}, {"label": "node", "title": "longitude of the ascending node", "value": "268.0382046490466", "units": "deg", "sigma": 1.29293027983165e-06, "name": "om"}, {"label": "peri", "title": "argument of perihelion", "value": "251.5347611109073", "units": "deg", "sigma": 4.95943547995919e-07, "name": "w"}, {"label": "i", "sigma": 2.64290704255338e-06, "name": "i", "value": "11.62886259583859", "title": "inclination", "units": "deg"}], "data": [["4.996324818732111E-16", "-4.996919802786844E-16", "2.488905477010025E-14", "-2.742880639436691E-14", "-6.989422479841154E-15", "-5.684431058756361E-14", "5.605205862248914E-24", "1.031488742750673E-23"], ["-4.996919802786844E-16", "4.997523195129815E-16", "-2.489152031799199E-14", "2.743187123905708E-14", "6.992409147029871E-15", "5.685497243456114E-14", "-5.564659873771188E-24", "-9.630337770036266E-24"], ["2.488905477010025E-14", "-2.489152031799199E-14", "1.24352148279747E-12", "-1.35385592463252E-12", "-3.564536698307618E-13", "-2.804807994859877E-12", "3.062039074093425E-22", "7.340404255944295E-22"], ["-2.742880639436691E-14", "2.743187123905708E-14", "-1.35385592463252E-12", "1.671668708505544E-12", "2.304473891260474E-13", "3.403748845630537E-12", "-3.18999357173431E-22", "5.691269170662808E-21"], ["-6.989422479841154E-15", "6.992409147029871E-15", "-3.564536698307618E-13", "2.304473891260474E-13", "2.4596000279878E-13", "5.464680759046758E-13", "3.466087548615132E-23", "-5.181832285192149E-21"], ["-5.684431058756361E-14", "5.685497243456114E-14", "-2.804807994859877E-12", "3.403748845630537E-12", "5.464680759046758E-13", "6.984957635578231E-12", "-4.334841281840739E-22", "1.02510152984101E-20"], ["5.605205862248914E-24", "-5.564659873771188E-24", "3.062039074093425E-22", "-3.18999357173431E-22", "3.466087548615132E-23", "-4.334841281840739E-22", "2.169322695516575E-30", "2.718103111289418E-29"], ["1.031488742750673E-23", "-9.630337770036266E-24", "7.340404255944295E-22", "5.691269170662808E-21", "-5.181832285192149E-21", "1.02510152984101E-20", "2.718103111289418E-29", "3.447421100506685E-27"]], "labels": ["e", "q", "tp", "node", "peri", "i", "A2", "A3"]}, "elements": [{"units": null, "title": "eccentricity", "value": ".3701568601249387", "sigma": "2.2163E-8", "name": "e", "label": "e"}, {"sigma": "4.2092E-10", "name": "a", "units": "au", "value": "1.003636085638275", "title": "semi-major axis", "label": "a"}, {"label": "q", "name": "q", "sigma": "2.2274E-8", "title": "perihelion distance", "value": ".6321333034703273", "units": "au"}, {"label": "i", "name": "i", "sigma": "2.6455E-6", "units": "deg", "value": "11.54363911652526", "title": "inclination; angle with respect to x-y ecliptic plane"}, {"label": "node", "name": "om", "sigma": "1.4433E-6", "value": "267.919405902854", "title": "longitude of the ascending node", "units": "deg"}, {"sigma": "7.5429E-7", "name": "w", "title": "argument of perihelion", "value": "252.0951642457207", "units": "deg", "label": "peri"}, {"sigma": "1.2358E-6", "name": "ma", "units": "deg", "title": "mean anomaly", "value": "43.86283203983219", "label": "M"}, {"title": "time of perihelion passage", "value": "2461155.753713721854", "units": "TDB", "name": "tp", "sigma": "1.2468E-6", "label": "tp"}, {"name": "per", "sigma": "2.3104E-7", "title": "sidereal orbital period", "value": "367.2508661890358", "units": "d", "label": "period"}, {"units": "deg/d", "title": "mean motion", "value": ".9802563673592437", "sigma": "6.1668E-10", "name": "n", "label": "n"}, {"label": "Q", "title": "aphelion distance", "value": "1.375138867806224", "units": "au", "sigma": "5.7673E-10", "name": "ad"}], "epoch": "2461200.5"}