{"spkid": "20443880", "covariance": {"epoch": "2457878.5", "labels": ["e", "q", "tp", "node", "peri", "i", "A2"], "elements": [{"label": "e", "name": "e", "sigma": 2.02449996424652e-08, "units": null, "value": ".4261747961519055", "title": "eccentricity"}, {"sigma": 3.55854417775687e-08, "name": "q", "units": "au", "value": "1.009714669221416", "title": "perihelion distance", "label": "q"}, {"label": "tp", "name": "tp", "sigma": 1.5396618975244e-05, "units": "TDB", "value": "2458137.463838277854", "title": "time of perihelion passage"}, {"units": "deg", "value": "323.1671683742556", "title": "longitude of the ascending node", "name": "om", "sigma": 1.61227812188357e-05, "label": "node"}, {"sigma": 2.5309973563146e-05, "name": "w", "value": "28.55001345505306", "title": "argument of perihelion", "units": "deg", "label": "peri"}, {"units": "deg", "title": "inclination", "value": "12.67580150825008", "name": "i", "sigma": 5.61944341895292e-06, "label": "i"}], "data": [["4.098600105234181E-16", "-7.202100361773013E-16", "-1.521184956049265E-14", "-1.723429242555954E-14", "8.059016493477035E-15", "9.063254518696044E-15", "5.532593189441487E-23"], ["-7.202100361773013E-16", "1.26632366650473E-15", "2.810783367906138E-14", "2.425025050504301E-14", "-6.93872804629233E-15", "-1.738293763369732E-14", "-9.411191694640365E-23"], ["-1.521184956049265E-14", "2.810783367906138E-14", "2.370558758688451E-10", "-2.132018408835141E-11", "2.890242575887502E-10", "-1.521514746173363E-11", "2.588812976712798E-20"], ["-1.723429242555954E-14", "2.425025050504301E-14", "-2.132018408835141E-11", "2.599440742304421E-10", "-2.976460031133305E-10", "8.007736076021801E-11", "-7.078796906442671E-20"], ["8.059016493477035E-15", "-6.93872804629233E-15", "2.890242575887502E-10", "-2.976460031133305E-10", "6.405947617671475E-10", "-9.897311281233256E-11", "1.068725794899339E-19"], ["9.063254518696044E-15", "-1.738293763369732E-14", "-1.521514746173363E-11", "8.007736076021801E-11", "-9.897311281233256E-11", "3.157814433881323E-11", "-1.244365011803312E-20"], ["5.532593189441487E-23", "-9.411191694640365E-23", "2.588812976712798E-20", "-7.078796906442671E-20", "1.068725794899339E-19", "-1.244365011803312E-20", "1.058938066412887E-28"]]}, "elements": [{"label": "e", "units": null, "value": ".4267233903539016", "title": "eccentricity", "sigma": "2.0247E-8", "name": "e"}, {"label": "a", "units": "au", "title": "semi-major axis", "value": "1.759806393568254", "sigma": "4.2561E-9", "name": "a"}, {"sigma": "3.5184E-8", "name": "q", "value": "1.008855842938336", "title": "perihelion distance", "units": "au", "label": "q"}, {"label": "i", "title": "inclination; angle with respect to x-y ecliptic plane", "value": "12.67454253083187", "units": "deg", "name": "i", "sigma": "5.6207E-6"}, {"label": "node", "value": "323.0925036430286", "title": "longitude of the ascending node", "units": "deg", "sigma": "1.614E-5", "name": "om"}, {"label": "peri", "sigma": "2.5318E-5", "name": "w", "title": "argument of perihelion", "value": "28.61869460197386", "units": "deg"}, {"name": "ma", "sigma": "7.6727E-6", "units": "deg", "value": "213.3880247684564", "title": "mean anomaly", "label": "M"}, {"label": "tp", "sigma": "1.8897E-5", "name": "tp", "units": "TDB", "value": "2461547.766354307306", "title": "time of perihelion passage"}, {"label": "period", "units": "d", "value": "852.6990196618872", "title": "sidereal orbital period", "name": "per", "sigma": "3.0934E-6"}, {"label": "n", "title": "mean motion", "value": ".4221888282957654", "units": "deg/d", "name": "n", "sigma": "1.5316E-9"}, {"label": "Q", "name": "ad", "sigma": "6.0723E-9", "units": "au", "title": "aphelion distance", "value": "2.510756944198172"}], "epoch": "2461200.5"}