{"spkid": "20442037", "covariance": {"labels": ["e", "q", "tp", "node", "peri", "i"], "data": [["7.614408190816403E-17", "-2.211580868775434E-16", "-2.29526531819246E-15", "-2.873723602605027E-14", "7.29896110376236E-15", "-1.363571557034254E-14"], ["-2.211580868775434E-16", "6.427982119915432E-16", "7.791458583756163E-15", "8.34083987443093E-14", "-2.130241559383706E-14", "3.90249511824122E-14"], ["-2.29526531819246E-15", "7.791458583756163E-15", "6.904949900126985E-12", "-4.614556426040734E-13", "4.770235881427067E-12", "5.730151669681979E-12"], ["-2.873723602605027E-14", "8.34083987443093E-14", "-4.614556426040734E-13", "3.105074808468217E-11", "-2.783747414878054E-11", "2.525746623881296E-11"], ["7.29896110376236E-15", "-2.130241559383706E-14", "4.770235881427067E-12", "-2.783747414878054E-11", "3.554587068507408E-11", "-1.838051055216217E-11"], ["-1.363571557034254E-14", "3.90249511824122E-14", "5.730151669681979E-12", "2.525746623881296E-11", "-1.838051055216217E-11", "3.936500093877161E-11"]], "elements": [{"label": "e", "name": "e", "sigma": 8.72605763837049e-09, "units": null, "value": ".6869152039615144", "title": "eccentricity"}, {"label": "q", "name": "q", "sigma": 2.53534654828791e-08, "value": ".9164702394755043", "title": "perihelion distance", "units": "au"}, {"title": "time of perihelion passage", "value": "2459024.605663671591", "units": "TDB", "name": "tp", "sigma": 2.62772713578236e-06, "label": "tp"}, {"label": "node", "sigma": 5.57231981177338e-06, "name": "om", "units": "deg", "value": "292.7498601797052", "title": "longitude of the ascending node"}, {"label": "peri", "sigma": 5.96203578361235e-06, "name": "w", "title": "argument of perihelion", "value": "319.5300822375196", "units": "deg"}, {"label": "i", "name": "i", "sigma": 6.27415340414718e-06, "value": "17.59008854480156", "title": "inclination", "units": "deg"}], "epoch": "2458882.5"}, "elements": [{"label": "e", "name": "e", "sigma": "8.8951E-9", "units": null, "title": "eccentricity", "value": ".6874087897209253"}, {"units": "au", "value": "2.927428870039238", "title": "semi-major axis", "name": "a", "sigma": "1.4149E-9", "label": "a"}, {"label": "q", "units": "au", "value": ".9150885334914695", "title": "perihelion distance", "name": "q", "sigma": "2.6163E-8"}, {"label": "i", "value": "17.60368205947211", "title": "inclination; angle with respect to x-y ecliptic plane", "units": "deg", "sigma": "6.2751E-6", "name": "i"}, {"sigma": "5.5754E-6", "name": "om", "units": "deg", "value": "292.7448138754713", "title": "longitude of the ascending node", "label": "node"}, {"units": "deg", "title": "argument of perihelion", "value": "319.5148360878775", "sigma": "5.9579E-6", "name": "w", "label": "peri"}, {"label": "M", "units": "deg", "value": "68.36621916269942", "title": "mean anomaly", "name": "ma", "sigma": "8.2166E-7"}, {"sigma": "3.9461E-6", "name": "tp", "units": "TDB", "value": "2460853.070240070257", "title": "time of perihelion passage", "label": "tp"}, {"label": "period", "name": "per", "sigma": "1.3264E-6", "units": "d", "title": "sidereal orbital period", "value": "1829.481213185887"}, {"label": "n", "units": "deg/d", "title": "mean motion", "value": ".1967770958265761", "name": "n", "sigma": "1.4266E-10"}, {"name": "ad", "sigma": "2.3875E-9", "title": "aphelion distance", "value": "4.939769206587007", "units": "au", "label": "Q"}], "epoch": "2461200.5"}