{"spkid": "20451124", "covariance": {"epoch": "2456655.5", "elements": [{"label": "e", "sigma": 1.14470789412644e-08, "name": "e", "units": null, "title": "eccentricity", "value": ".6984134212763551"}, {"label": "q", "title": "perihelion distance", "value": ".9675593082795577", "units": "au", "name": "q", "sigma": 3.95586140006476e-08}, {"units": "TDB", "title": "time of perihelion passage", "value": "2457153.296409210705", "name": "tp", "sigma": 4.18859254141112e-05, "label": "tp"}, {"sigma": 1.00943551035305e-05, "name": "om", "value": "340.1020552148504", "title": "longitude of the ascending node", "units": "deg", "label": "node"}, {"label": "peri", "sigma": 1.19887591023072e-05, "name": "w", "units": "deg", "title": "argument of perihelion", "value": "337.2709533296986"}, {"title": "inclination", "value": "10.00619982201569", "units": "deg", "name": "i", "sigma": 5.03647329338542e-06, "label": "i"}], "data": [["1.310356162875396E-16", "-4.330142095265614E-16", "-7.532944020095046E-14", "-9.641719309730969E-14", "3.585218054625429E-14", "-2.507954361571714E-14"], ["-4.330142095265614E-16", "1.564883941652231E-15", "7.230053681746479E-13", "3.327586952164512E-13", "-8.006572125219486E-14", "8.815884059249493E-14"], ["-7.532944020095046E-14", "7.230053681746479E-13", "1.754430747796487E-9", "8.858828487449293E-11", "1.733825148494958E-10", "2.739081956102957E-11"], ["-9.641719309730969E-14", "3.327586952164512E-13", "8.858828487449293E-11", "1.018960049561715E-10", "-7.316292898947502E-11", "2.418274541675442E-12"], ["3.585218054625429E-14", "-8.006572125219486E-14", "1.733825148494958E-10", "-7.316292898947502E-11", "1.437303448131536E-10", "4.703743593449883E-12"], ["-2.507954361571714E-14", "8.815884059249493E-14", "2.739081956102957E-11", "2.418274541675442E-12", "4.703743593449883E-12", "2.53660632349846E-11"]], "labels": ["e", "q", "tp", "node", "peri", "i"]}, "elements": [{"label": "e", "name": "e", "sigma": "1.1695E-8", "units": null, "title": "eccentricity", "value": ".6984357587729222"}, {"value": "3.210446539326223", "title": "semi-major axis", "units": "au", "name": "a", "sigma": "3.7214E-8", "label": "a"}, {"name": "q", "sigma": "4.0597E-8", "units": "au", "title": "perihelion distance", "value": ".9681558746320104", "label": "q"}, {"label": "i", "units": "deg", "value": "10.00803353950869", "title": "inclination; angle with respect to x-y ecliptic plane", "name": "i", "sigma": "5.0371E-6"}, {"name": "om", "sigma": "1.0088E-5", "title": "longitude of the ascending node", "value": "340.1135970255106", "units": "deg", "label": "node"}, {"label": "peri", "name": "w", "sigma": "1.1974E-5", "units": "deg", "value": "337.2506113880726", "title": "argument of perihelion"}, {"label": "M", "name": "ma", "sigma": "1.952E-5", "units": "deg", "value": "334.6777963001526", "title": "mean anomaly"}, {"label": "tp", "name": "tp", "sigma": ".00011649", "title": "time of perihelion passage", "value": "2461348.290183296923", "units": "TDB"}, {"title": "sidereal orbital period", "value": "2101.09935997446", "units": "d", "name": "per", "sigma": "3.6532E-5", "label": "period"}, {"value": ".1713388747138431", "title": "mean motion", "units": "deg/d", "name": "n", "sigma": "2.9791E-9", "label": "n"}, {"label": "Q", "name": "ad", "sigma": "6.3206E-8", "units": "au", "title": "aphelion distance", "value": "5.452737204020436"}], "epoch": "2461200.5"}