{"spkid": "20450293", "covariance": {"labels": ["e", "q", "tp", "node", "peri", "i"], "elements": [{"sigma": 2.13334252749662e-08, "name": "e", "units": null, "title": "eccentricity", "value": ".2757442279159265", "label": "e"}, {"title": "perihelion distance", "value": ".8917649277282756", "units": "au", "name": "q", "sigma": 2.69422788417302e-08, "label": "q"}, {"label": "tp", "title": "time of perihelion passage", "value": "2458275.202007434459", "units": "TDB", "sigma": 1.00908796505974e-05, "name": "tp"}, {"name": "om", "sigma": 1.81107804850769e-06, "units": "deg", "value": "273.4891441357835", "title": "longitude of the ascending node", "label": "node"}, {"name": "w", "sigma": 9.01784215295226e-06, "value": "121.3279691977842", "title": "argument of perihelion", "units": "deg", "label": "peri"}, {"value": "35.34257973051032", "title": "inclination", "units": "deg", "name": "i", "sigma": 1.2560497277871e-05, "label": "i"}], "data": [["4.551150339625671E-16", "-5.746087898079466E-16", "-7.00198763513866E-14", "-2.020403108371369E-14", "-1.943340460476266E-14", "-3.545077282972722E-14"], ["-5.746087898079466E-16", "7.258863891855451E-16", "9.289882274362116E-14", "2.50860481766111E-14", "2.717806985261914E-14", "4.479721985793671E-14"], ["-7.00198763513866E-14", "9.289882274362116E-14", "1.018258521228403E-10", "-8.745427711022809E-12", "8.310898368995873E-11", "2.990845029890377E-11"], ["-2.020403108371369E-14", "2.50860481766111E-14", "-8.745427711022809E-12", "3.280003697786423E-12", "-1.146292885799903E-11", "7.179698438878655E-12"], ["-1.943340460476266E-14", "2.717806985261914E-14", "8.310898368995873E-11", "-1.146292885799903E-11", "8.132147709556259E-11", "2.053487709513323E-11"], ["-3.545077282972722E-14", "4.479721985793671E-14", "2.990845029890377E-11", "7.179698438878655E-12", "2.053487709513323E-11", "1.577660918674046E-10"]], "epoch": "2458438.5"}, "elements": [{"name": "e", "sigma": "2.1357E-8", "units": null, "title": "eccentricity", "value": ".2755980733511767", "label": "e"}, {"label": "a", "title": "semi-major axis", "value": "1.23136884336824", "units": "au", "sigma": "1.1849E-9", "name": "a"}, {"name": "q", "sigma": "2.6918E-8", "title": "perihelion distance", "value": ".8920059625512864", "units": "au", "label": "q"}, {"name": "i", "sigma": "1.2561E-5", "title": "inclination; angle with respect to x-y ecliptic plane", "value": "35.34309632624363", "units": "deg", "label": "i"}, {"name": "om", "sigma": "1.8129E-6", "units": "deg", "value": "273.4672699795444", "title": "longitude of the ascending node", "label": "node"}, {"units": "deg", "title": "argument of perihelion", "value": "121.347620883976", "sigma": "9.0193E-6", "name": "w", "label": "peri"}, {"label": "M", "name": "ma", "sigma": "9.8147E-6", "units": "deg", "value": "310.2491723477008", "title": "mean anomaly"}, {"value": "2461269.472898519031", "title": "time of perihelion passage", "units": "TDB", "name": "tp", "sigma": "1.3692E-5", "label": "tp"}, {"title": "sidereal orbital period", "value": "499.0920681839877", "units": "d", "name": "per", "sigma": "7.204E-7", "label": "period"}, {"sigma": "1.0412E-9", "name": "n", "value": ".7213098002336673", "title": "mean motion", "units": "deg/d", "label": "n"}, {"units": "au", "value": "1.570731724185194", "title": "aphelion distance", "name": "ad", "sigma": "1.5115E-9", "label": "Q"}], "epoch": "2461200.5"}