{"spkid": "20450270", "covariance": {"data": [["4.984392283086769E-15", "-7.14252680055791E-15", "2.255725069711819E-13", "-7.511343860606823E-13", "1.110528211137236E-12", "-2.404356203669687E-13"], ["-7.14252680055791E-15", "1.024235499143733E-14", "-2.878744538074457E-13", "1.093720737842222E-12", "-1.590949241728596E-12", "3.524853967522929E-13"], ["2.255725069711819E-13", "-2.878744538074457E-13", "4.57796063350754E-10", "-1.523691830766642E-10", "4.748016713877167E-10", "-2.272155604391504E-11"], ["-7.511343860606823E-13", "1.093720737842222E-12", "-1.523691830766642E-10", "1.420200962818837E-9", "-1.369413860466856E-9", "2.051582922889818E-10"], ["1.110528211137236E-12", "-1.590949241728596E-12", "4.748016713877167E-10", "-1.369413860466856E-9", "1.646190508603343E-9", "-1.714745521550363E-10"], ["-2.404356203669687E-13", "3.524853967522929E-13", "-2.272155604391504E-11", "2.051582922889818E-10", "-1.714745521550363E-10", "4.455057016006827E-10"]], "elements": [{"label": "e", "name": "e", "sigma": 7.06002286333888e-08, "value": ".3328367027429187", "title": "eccentricity", "units": null}, {"label": "q", "value": ".9553712408013409", "title": "perihelion distance", "units": "au", "name": "q", "sigma": 1.01204520607715e-07}, {"value": "2455541.077821920293", "title": "time of perihelion passage", "units": "TDB", "name": "tp", "sigma": 2.13961693616113e-05, "label": "tp"}, {"sigma": 3.76855537682391e-05, "name": "om", "units": "deg", "title": "longitude of the ascending node", "value": "307.6320213159258", "label": "node"}, {"label": "peri", "units": "deg", "title": "argument of perihelion", "value": "193.0971233965082", "sigma": 4.05732733286747e-05, "name": "w"}, {"label": "i", "sigma": 2.11070059838122e-05, "name": "i", "value": "18.72467513849631", "title": "inclination", "units": "deg"}], "labels": ["e", "q", "tp", "node", "peri", "i"], "epoch": "2455837.5"}, "elements": [{"name": "e", "sigma": "7.061E-8", "value": ".3327292093774261", "title": "eccentricity", "units": null, "label": "e"}, {"label": "a", "title": "semi-major axis", "value": "1.431605694680306", "units": "au", "sigma": "3.3466E-9", "name": "a"}, {"label": "q", "name": "q", "sigma": "1.0126E-7", "units": "au", "title": "perihelion distance", "value": ".9552686637491067"}, {"label": "i", "name": "i", "sigma": "2.1103E-5", "title": "inclination; angle with respect to x-y ecliptic plane", "value": "18.72496981238607", "units": "deg"}, {"label": "node", "name": "om", "sigma": "3.7707E-5", "units": "deg", "value": "307.5593888623117", "title": "longitude of the ascending node"}, {"label": "peri", "name": "w", "sigma": "4.0603E-5", "units": "deg", "value": "193.2025821568594", "title": "argument of perihelion"}, {"units": "deg", "title": "mean anomaly", "value": "15.80469906598116", "sigma": "2.1221E-5", "name": "ma", "label": "M"}, {"label": "tp", "value": "2461173.032617020298", "title": "time of perihelion passage", "units": "TDB", "name": "tp", "sigma": "3.6801E-5"}, {"units": "d", "value": "625.6530308746451", "title": "sidereal orbital period", "name": "per", "sigma": "2.1939E-6", "label": "period"}, {"sigma": "2.0176E-9", "name": "n", "title": "mean motion", "value": ".5753987949146994", "units": "deg/d", "label": "n"}, {"name": "ad", "sigma": "4.4602E-9", "title": "aphelion distance", "value": "1.907942725611505", "units": "au", "label": "Q"}], "epoch": "2461200.5"}