{"spkid": "20450237", "covariance": {"data": [["1.810386527503822E-15", "-1.636826121769272E-15", "3.949878926266955E-13", "1.063563889802482E-12", "-6.293059221375547E-13", "-2.341400333462873E-14", "2.307187228474626E-22"], ["-1.636826121769272E-15", "1.480384560690148E-15", "-3.526881854366125E-13", "-9.628499641465501E-13", "5.732360953117028E-13", "2.126053791323388E-14", "-2.070951442326695E-22"], ["3.949878926266955E-13", "-3.526881854366125E-13", "4.300246226260249E-10", "5.331705525711141E-10", "-1.617631478971281E-10", "-8.84975485604679E-12", "1.230470878687174E-19"], ["1.063563889802482E-12", "-9.628499641465501E-13", "5.331705525711141E-10", "4.035963309370019E-9", "-3.543073014963003E-9", "-7.326025668819431E-11", "1.603530414203075E-19"], ["-6.293059221375547E-13", "5.732360953117028E-13", "-1.617631478971281E-10", "-3.543073014963003E-9", "3.383558806074507E-9", "6.533691114386609E-11", "-4.295156062847309E-20"], ["-2.341400333462873E-14", "2.126053791323388E-14", "-8.84975485604679E-12", "-7.326025668819431E-11", "6.533691114386609E-11", "6.425722739531303E-12", "5.992880914234512E-22"], ["2.307187228474626E-22", "-2.070951442326695E-22", "1.230470878687174E-19", "1.603530414203075E-19", "-4.295156062847309E-20", "5.992880914234512E-22", "6.029536548417472E-29"]], "elements": [{"label": "e", "value": ".2175029388689581", "title": "eccentricity", "units": null, "name": "e", "sigma": 4.25486371991374e-08}, {"title": "perihelion distance", "value": ".7125580508718621", "units": "au", "name": "q", "sigma": 3.84757658882854e-08, "label": "q"}, {"label": "tp", "name": "tp", "sigma": 2.0737035049062e-05, "units": "TDB", "title": "time of perihelion passage", "value": "2457247.346449206066"}, {"sigma": 6.35292319280661e-05, "name": "om", "value": "159.5068043941509", "title": "longitude of the ascending node", "units": "deg", "label": "node"}, {"label": "peri", "value": "119.2492964011558", "title": "argument of perihelion", "units": "deg", "sigma": 5.81683660254825e-05, "name": "w"}, {"label": "i", "units": "deg", "title": "inclination", "value": "2.103280171199179", "name": "i", "sigma": 2.53490093288304e-06}], "labels": ["e", "q", "tp", "node", "peri", "i", "A2"], "epoch": "2457274.5"}, "elements": [{"sigma": "4.1659E-8", "name": "e", "units": null, "value": ".2177118042465844", "title": "eccentricity", "label": "e"}, {"label": "a", "units": "au", "value": ".9113550382011911", "title": "semi-major axis", "name": "a", "sigma": "3.5879E-9"}, {"label": "q", "name": "q", "sigma": "3.6004E-8", "units": "au", "title": "perihelion distance", "value": ".7129422885251949"}, {"value": "2.121508602441165", "title": "inclination; angle with respect to x-y ecliptic plane", "units": "deg", "name": "i", "sigma": "2.535E-6", "label": "i"}, {"value": "158.6932235406773", "title": "longitude of the ascending node", "units": "deg", "name": "om", "sigma": "6.4028E-5", "label": "node"}, {"value": "119.9324339169103", "title": "argument of perihelion", "units": "deg", "sigma": "5.7827E-5", "name": "w", "label": "peri"}, {"name": "ma", "sigma": "3.7214E-5", "value": "160.5700132912159", "title": "mean anomaly", "units": "deg", "label": "M"}, {"value": "2461058.760215659624", "title": "time of perihelion passage", "units": "TDB", "name": "tp", "sigma": "3.2101E-5", "label": "tp"}, {"sigma": "1.8766E-6", "name": "per", "units": "d", "value": "317.7823886082157", "title": "sidereal orbital period", "label": "period"}, {"label": "n", "name": "n", "sigma": "6.6898E-9", "value": "1.132850695649573", "title": "mean motion", "units": "deg/d"}, {"label": "Q", "value": "1.109767787877187", "title": "aphelion distance", "units": "au", "sigma": "4.369E-9", "name": "ad"}], "epoch": "2461200.5"}