{"spkid": "20453729", "covariance": {"epoch": "2458883.5", "elements": [{"title": "eccentricity", "value": ".2779893719772823", "units": null, "name": "e", "sigma": 3.27723833369664e-08, "label": "e"}, {"label": "q", "name": "q", "sigma": 4.52274380160348e-08, "units": "au", "value": ".9967978613345596", "title": "perihelion distance"}, {"sigma": 2.1089573815038e-05, "name": "tp", "value": "2458757.038203571676", "title": "time of perihelion passage", "units": "TDB", "label": "tp"}, {"label": "node", "title": "longitude of the ascending node", "value": "91.48790720805343", "units": "deg", "sigma": 1.04305384214758e-05, "name": "om"}, {"label": "peri", "units": "deg", "value": "178.5985013717529", "title": "argument of perihelion", "name": "w", "sigma": 1.57061096323586e-05}, {"label": "i", "value": "20.36626973047229", "title": "inclination", "units": "deg", "name": "i", "sigma": 4.3432046032439e-06}], "data": [["1.074029109585073E-15", "-1.479296939837728E-15", "-6.113276615106288E-14", "1.196201496426191E-14", "-2.833923268087594E-14", "2.032661274734053E-14"], ["-1.479296939837728E-15", "2.04552114949427E-15", "1.158709614855503E-13", "-1.925786033451973E-14", "5.628141965465701E-14", "-2.672225776052155E-14"], ["-6.113276615106288E-14", "1.158709614855503E-13", "4.447701236999371E-10", "-5.117536613191516E-11", "2.582849100916528E-10", "2.097771665553366E-11"], ["1.196201496426191E-14", "-1.925786033451973E-14", "-5.117536613191516E-11", "1.087961317618832E-10", "-1.251058682912574E-10", "-5.382487961513886E-12"], ["-2.833923268087594E-14", "5.628141965465701E-14", "2.582849100916528E-10", "-1.251058682912574E-10", "2.466818797836687E-10", "1.432110906355763E-11"], ["2.032661274734053E-14", "-2.672225776052155E-14", "2.097771665553366E-11", "-5.382487961513886E-12", "1.432110906355763E-11", "1.886342622563901E-11"]], "labels": ["e", "q", "tp", "node", "peri", "i"]}, "elements": [{"label": "e", "units": null, "value": ".2780251995163165", "title": "eccentricity", "name": "e", "sigma": "3.2772E-8"}, {"label": "a", "title": "semi-major axis", "value": "1.380603452971191", "units": "au", "name": "a", "sigma": "3.8624E-9"}, {"sigma": "4.5224E-8", "name": "q", "title": "perihelion distance", "value": ".9967609025059599", "units": "au", "label": "q"}, {"name": "i", "sigma": "4.3431E-6", "units": "deg", "value": "20.36691510280583", "title": "inclination; angle with respect to x-y ecliptic plane", "label": "i"}, {"label": "node", "value": "91.46424109808152", "title": "longitude of the ascending node", "units": "deg", "name": "om", "sigma": "1.043E-5"}, {"label": "peri", "name": "w", "sigma": "1.5705E-5", "units": "deg", "value": "178.666639110867", "title": "argument of perihelion"}, {"units": "deg", "title": "mean anomaly", "value": "44.52003011720072", "name": "ma", "sigma": "1.6945E-5", "label": "M"}, {"label": "tp", "name": "tp", "sigma": "2.7657E-5", "value": "2461127.225171872562", "title": "time of perihelion passage", "units": "TDB"}, {"label": "period", "units": "d", "title": "sidereal orbital period", "value": "592.5184249973385", "sigma": "2.4865E-6", "name": "per"}, {"label": "n", "title": "mean motion", "value": ".6075760428911845", "units": "deg/d", "sigma": "2.5496E-9", "name": "n"}, {"label": "Q", "sigma": "4.9362E-9", "name": "ad", "units": "au", "title": "aphelion distance", "value": "1.764446003436422"}], "epoch": "2461200.5"}