{"spkid": "20457662", "covariance": {"labels": ["e", "q", "tp", "node", "peri", "i", "A2"], "data": [["1.717719317427241E-15", "-2.504197032129997E-15", "-1.460888911754276E-14", "1.657379025294629E-13", "-1.633453192533448E-13", "-2.063973195122668E-13", "-9.169245425014748E-23"], ["-2.504197032129997E-15", "3.653371270546849E-15", "2.007112578382765E-14", "-2.408512239681712E-13", "2.364653629295043E-13", "3.045893896731099E-13", "1.272804117499675E-22"], ["-1.460888911754276E-14", "2.007112578382765E-14", "1.775942439426328E-10", "3.242905006310156E-11", "1.429512153203164E-10", "-1.389119245125922E-11", "-4.743151790647796E-20"], ["1.657379025294629E-13", "-2.408512239681712E-13", "3.242905006310156E-11", "1.513958204879833E-10", "-1.1153797124408E-10", "-3.67018241052452E-11", "-3.584565822306995E-20"], ["-1.633453192533448E-13", "2.364653629295043E-13", "1.429512153203164E-10", "-1.1153797124408E-10", "2.616316269865444E-10", "7.523506459071704E-12", "1.345889025101837E-20"], ["-2.063973195122668E-13", "3.045893896731099E-13", "-1.389119245125922E-11", "-3.67018241052452E-11", "7.523506459071704E-12", "1.404509150170781E-10", "3.069705370702514E-20"], ["-9.169245425014748E-23", "1.272804117499675E-22", "-4.743151790647796E-20", "-3.584565822306995E-20", "1.345889025101837E-20", "3.069705370702514E-20", "3.50571151221622E-28"]], "elements": [{"label": "e", "value": ".3014631215547555", "title": "eccentricity", "units": null, "name": "e", "sigma": 4.14453775158007e-08}, {"label": "q", "name": "q", "sigma": 6.04431242619609e-08, "units": "au", "value": "1.014135076642677", "title": "perihelion distance"}, {"title": "time of perihelion passage", "value": "2456782.115176228776", "units": "TDB", "name": "tp", "sigma": 1.33264490372579e-05, "label": "tp"}, {"label": "node", "name": "om", "sigma": 1.23043008939144e-05, "title": "longitude of the ascending node", "value": "151.5206968069845", "units": "deg"}, {"label": "peri", "sigma": 1.61750309732793e-05, "name": "w", "units": "deg", "value": "335.7140799026614", "title": "argument of perihelion"}, {"name": "i", "sigma": 1.18511988852216e-05, "value": "14.1135269309313", "title": "inclination", "units": "deg", "label": "i"}], "epoch": "2457044.5"}, "elements": [{"label": "e", "sigma": "4.2146E-8", "name": "e", "units": null, "value": ".3022083589519442", "title": "eccentricity"}, {"label": "a", "units": "au", "title": "semi-major axis", "value": "1.453455796639634", "name": "a", "sigma": "7.1771E-9"}, {"units": "au", "title": "perihelion distance", "value": "1.014209305527979", "sigma": "6.1077E-8", "name": "q", "label": "q"}, {"units": "deg", "title": "inclination; angle with respect to x-y ecliptic plane", "value": "14.11470005539547", "sigma": "1.1853E-5", "name": "i", "label": "i"}, {"label": "node", "sigma": "1.2284E-5", "name": "om", "title": "longitude of the ascending node", "value": "151.4393891602783", "units": "deg"}, {"sigma": "1.614E-5", "name": "w", "units": "deg", "value": "335.925394164371", "title": "argument of perihelion", "label": "peri"}, {"value": "326.7593052745472", "title": "mean anomaly", "units": "deg", "sigma": "1.1195E-5", "name": "ma", "label": "M"}, {"name": "tp", "sigma": "2.0213E-5", "units": "TDB", "title": "time of perihelion passage", "value": "2461259.597452523561", "label": "tp"}, {"sigma": "4.7407E-6", "name": "per", "units": "d", "title": "sidereal orbital period", "value": "640.0312353336946", "label": "period"}, {"units": "deg/d", "value": ".5624725484097757", "title": "mean motion", "name": "n", "sigma": "4.1662E-9", "label": "n"}, {"title": "aphelion distance", "value": "1.892702287751288", "units": "au", "sigma": "9.346E-9", "name": "ad", "label": "Q"}], "epoch": "2461200.5"}