{"spkid": "20468005", "covariance": {"epoch": "2457814.5", "labels": ["e", "q", "tp", "node", "peri", "i"], "data": [["5.744704166656959E-16", "-7.279484391795524E-16", "1.109916554423566E-13", "-1.680608800814959E-14", "1.00737572362032E-13", "5.521434951127923E-15"], ["-7.279484391795524E-16", "9.259044925394378E-16", "-1.271379882584244E-13", "1.450111645633392E-14", "-1.14941720484714E-13", "-7.296076915686591E-15"], ["1.109916554423566E-13", "-1.271379882584244E-13", "1.047614983109785E-10", "-2.956302405265352E-11", "9.009252932543289E-11", "-9.55919043705293E-13"], ["-1.680608800814959E-14", "1.450111645633392E-14", "-2.956302405265352E-11", "6.308547434590781E-10", "-6.422975919534852E-10", "-3.976052285870802E-11"], ["1.00737572362032E-13", "-1.14941720484714E-13", "9.009252932543289E-11", "-6.422975919534852E-10", "6.950004566791091E-10", "3.982904407460365E-11"], ["5.521434951127923E-15", "-7.296076915686591E-15", "-9.55919043705293E-13", "-3.976052285870802E-11", "3.982904407460365E-11", "1.716253106156641E-11"]], "elements": [{"units": null, "value": ".3658172049761424", "title": "eccentricity", "sigma": 2.39681124969343e-08, "name": "e", "label": "e"}, {"name": "q", "sigma": 3.04286787839932e-08, "value": ".8390953980095717", "title": "perihelion distance", "units": "au", "label": "q"}, {"label": "tp", "title": "time of perihelion passage", "value": "2458014.728983003035", "units": "TDB", "sigma": 1.0235306459065e-05, "name": "tp"}, {"units": "deg", "title": "longitude of the ascending node", "value": "97.87656923218643", "name": "om", "sigma": 2.51168219219526e-05, "label": "node"}, {"units": "deg", "title": "argument of perihelion", "value": "76.71169278713276", "sigma": 2.63628613143397e-05, "name": "w", "label": "peri"}, {"label": "i", "value": "3.718462552960296", "title": "inclination", "units": "deg", "sigma": 4.1427685261871e-06, "name": "i"}]}, "elements": [{"label": "e", "sigma": "2.3914E-8", "name": "e", "value": ".3658531127681081", "title": "eccentricity", "units": null}, {"title": "semi-major axis", "value": "1.323104867241424", "units": "au", "sigma": "2.8616E-9", "name": "a", "label": "a"}, {"sigma": "3.0426E-8", "name": "q", "units": "au", "title": "perihelion distance", "value": ".8390428330425144", "label": "q"}, {"name": "i", "sigma": "4.1442E-6", "units": "deg", "value": "3.722117985596551", "title": "inclination; angle with respect to x-y ecliptic plane", "label": "i"}, {"label": "node", "sigma": "2.5085E-5", "name": "om", "title": "longitude of the ascending node", "value": "97.76902314951634", "units": "deg"}, {"label": "peri", "sigma": "2.6316E-5", "name": "w", "value": "76.79097281924855", "title": "argument of perihelion", "units": "deg"}, {"name": "ma", "sigma": "1.3362E-5", "value": "263.4252562162779", "title": "mean anomaly", "units": "deg", "label": "M"}, {"label": "tp", "value": "2461349.625149241557", "title": "time of perihelion passage", "units": "TDB", "sigma": "2.109E-5", "name": "tp"}, {"value": "555.8912364001444", "title": "sidereal orbital period", "units": "d", "name": "per", "sigma": "1.8034E-6", "label": "period"}, {"label": "n", "name": "n", "sigma": "2.101E-9", "value": ".6476086982973464", "title": "mean motion", "units": "deg/d"}, {"label": "Q", "title": "aphelion distance", "value": "1.807166901440333", "units": "au", "name": "ad", "sigma": "3.9086E-9"}], "epoch": "2461200.5"}