{"spkid": "20465826", "covariance": {"epoch": "2456741.5", "labels": ["e", "q", "tp", "node", "peri", "i"], "data": [["2.653941631773711E-15", "-5.339243935348016E-15", "8.393968303691657E-13", "1.392908576841913E-13", "6.837343786788194E-13", "-1.439126986667927E-13"], ["-5.339243935348016E-15", "1.074670610365949E-14", "-1.673742489599978E-12", "-2.825749145134711E-13", "-1.365291201652895E-12", "2.908274695023668E-13"], ["8.393968303691657E-13", "-1.673742489599978E-12", "4.074158643721284E-10", "8.254311857428521E-12", "3.675497035513708E-10", "-4.247167623488469E-11"], ["1.392908576841913E-13", "-2.825749145134711E-13", "8.254311857428521E-12", "4.242739291828912E-10", "-4.094121695691831E-10", "-4.356307475228561E-11"], ["6.837343786788194E-13", "-1.365291201652895E-12", "3.675497035513708E-10", "-4.094121695691831E-10", "7.547959664253438E-10", "6.556141171562016E-13"], ["-1.439126986667927E-13", "2.908274695023668E-13", "-4.247167623488469E-11", "-4.356307475228561E-11", "6.556141171562016E-13", "5.217813473859433E-11"]], "elements": [{"label": "e", "title": "eccentricity", "value": ".5460514846057041", "units": null, "sigma": 5.15164209915024e-08, "name": "e"}, {"name": "q", "sigma": 1.03666320970986e-07, "title": "perihelion distance", "value": ".9515153948858476", "units": "au", "label": "q"}, {"units": "TDB", "value": "2456465.861385765357", "title": "time of perihelion passage", "name": "tp", "sigma": 2.01845451861598e-05, "label": "tp"}, {"label": "node", "title": "longitude of the ascending node", "value": "30.84053565889733", "units": "deg", "sigma": 2.05979107965563e-05, "name": "om"}, {"label": "peri", "units": "deg", "title": "argument of perihelion", "value": "237.4226634272759", "sigma": 2.74735503061644e-05, "name": "w"}, {"units": "deg", "value": "7.692598688582671", "title": "inclination", "sigma": 7.22344341284642e-06, "name": "i", "label": "i"}]}, "elements": [{"label": "e", "title": "eccentricity", "value": ".5468631736034791", "units": null, "name": "e", "sigma": "5.0156E-8"}, {"sigma": "1.122E-8", "name": "a", "units": "au", "value": "2.096322766079502", "title": "semi-major axis", "label": "a"}, {"label": "q", "value": ".9499210453240419", "title": "perihelion distance", "units": "au", "sigma": "1.0057E-7", "name": "q"}, {"value": "7.684443317022391", "title": "inclination; angle with respect to x-y ecliptic plane", "units": "deg", "sigma": "7.2178E-6", "name": "i", "label": "i"}, {"name": "om", "sigma": "2.0631E-5", "value": "30.6524423375257", "title": "longitude of the ascending node", "units": "deg", "label": "node"}, {"label": "peri", "value": "237.5803024463276", "title": "argument of perihelion", "units": "deg", "name": "w", "sigma": "2.752E-5"}, {"units": "deg", "value": "96.26226971845827", "title": "mean anomaly", "name": "ma", "sigma": "1.8123E-5", "label": "M"}, {"label": "tp", "units": "TDB", "title": "time of perihelion passage", "value": "2460904.058330970603", "sigma": "5.345E-5", "name": "tp"}, {"value": "1108.627514837411", "title": "sidereal orbital period", "units": "d", "sigma": "8.9001E-6", "name": "per", "label": "period"}, {"value": ".3247258390955567", "title": "mean motion", "units": "deg/d", "sigma": "2.6069E-9", "name": "n", "label": "n"}, {"sigma": "1.7355E-8", "name": "ad", "value": "3.242724486834963", "title": "aphelion distance", "units": "au", "label": "Q"}], "epoch": "2461200.5"}