{"spkid": "20467336", "covariance": {"labels": ["e", "q", "tp", "node", "peri", "i", "A2"], "data": [["2.114188065246663E-15", "-1.791940586439175E-15", "-6.238240809508517E-13", "1.661953197721997E-13", "-5.506328651127302E-13", "1.165467508962669E-13", "3.826320820054963E-23"], ["-1.791940586439175E-15", "1.518924538577345E-15", "5.280349395632325E-13", "-1.406734081583417E-13", "4.664581571144059E-13", "-9.892072120956304E-14", "-3.236889655871288E-23"], ["-6.238240809508517E-13", "5.280349395632325E-13", "1.977208390292476E-10", "-3.899038777349617E-11", "1.553951225890241E-10", "-3.03178065917279E-11", "-2.203992169246428E-20"], ["1.661953197721997E-13", "-1.406734081583417E-13", "-3.899038777349617E-11", "1.151261082625615E-10", "-1.352926897173576E-10", "4.811770769872557E-11", "4.917204824294348E-21"], ["-5.506328651127302E-13", "4.664581571144059E-13", "1.553951225890241E-10", "-1.352926897173576E-10", "2.268226959057731E-10", "-6.551446486903047E-11", "-1.351641554774687E-20"], ["1.165467508962669E-13", "-9.892072120956304E-14", "-3.03178065917279E-11", "4.811770769872557E-11", "-6.551446486903047E-11", "2.670347025493774E-11", "1.903547586002433E-21"], ["3.826320820054963E-23", "-3.236889655871288E-23", "-2.203992169246428E-20", "4.917204824294348E-21", "-1.351641554774687E-20", "1.903547586002433E-21", "1.598936850177273E-29"]], "elements": [{"label": "e", "name": "e", "sigma": 4.59803008390187e-08, "units": null, "value": ".3137955332935934", "title": "eccentricity"}, {"label": "q", "sigma": 3.89733824369575e-08, "name": "q", "title": "perihelion distance", "value": ".5798812683976513", "units": "au"}, {"label": "tp", "sigma": 1.4061324227442e-05, "name": "tp", "value": "2457951.406654454571", "title": "time of perihelion passage", "units": "TDB"}, {"label": "node", "name": "om", "sigma": 1.07296835117613e-05, "units": "deg", "value": "259.4157210734571", "title": "longitude of the ascending node"}, {"title": "argument of perihelion", "value": "162.7224838287373", "units": "deg", "sigma": 1.50606339808712e-05, "name": "w", "label": "peri"}, {"value": "6.19557913072043", "title": "inclination", "units": "deg", "name": "i", "sigma": 5.16754005837766e-06, "label": "i"}], "epoch": "2457999.5"}, "elements": [{"sigma": "4.6018E-8", "name": "e", "units": null, "value": ".313653447424735", "title": "eccentricity", "label": "e"}, {"label": "a", "sigma": "1.932E-9", "name": "a", "units": "au", "title": "semi-major axis", "value": ".8452857330315849"}, {"label": "q", "units": "au", "title": "perihelion distance", "value": ".5801589488072841", "name": "q", "sigma": "3.8682E-8"}, {"label": "i", "value": "6.176181955030336", "title": "inclination; angle with respect to x-y ecliptic plane", "units": "deg", "name": "i", "sigma": "5.1689E-6"}, {"label": "node", "units": "deg", "title": "longitude of the ascending node", "value": "259.2618059218885", "sigma": "1.088E-5", "name": "om"}, {"sigma": "1.5135E-5", "name": "w", "units": "deg", "value": "162.8001180051725", "title": "argument of perihelion", "label": "peri"}, {"label": "M", "sigma": "1.6712E-5", "name": "ma", "value": "161.7561767921862", "title": "mean anomaly", "units": "deg"}, {"value": "2461072.955390638984", "title": "time of perihelion passage", "units": "TDB", "name": "tp", "sigma": "1.3171E-5", "label": "tp"}, {"label": "period", "name": "per", "sigma": "9.7318E-7", "units": "d", "title": "sidereal orbital period", "value": "283.8596972340388"}, {"label": "n", "sigma": "4.348E-9", "name": "n", "title": "mean motion", "value": "1.268232170709266", "units": "deg/d"}, {"label": "Q", "title": "aphelion distance", "value": "1.110412517255886", "units": "au", "name": "ad", "sigma": "2.5379E-9"}], "epoch": "2461200.5"}