{"spkid": "20466130", "covariance": {"elements": [{"label": "e", "units": null, "title": "eccentricity", "value": ".608335301292154", "sigma": 2.20748556722852e-08, "name": "e"}, {"sigma": 5.44865644546063e-08, "name": "q", "value": ".9750414965540782", "title": "perihelion distance", "units": "au", "label": "q"}, {"label": "tp", "units": "TDB", "value": "2457448.360846977725", "title": "time of perihelion passage", "name": "tp", "sigma": 1.72510368091327e-05}, {"label": "node", "value": "179.3757361869174", "title": "longitude of the ascending node", "units": "deg", "name": "om", "sigma": 2.27633217426597e-06}, {"label": "peri", "value": "357.792637642835", "title": "argument of perihelion", "units": "deg", "sigma": 1.422223819767e-05, "name": "w"}, {"label": "i", "value": "75.41097452237544", "title": "inclination", "units": "deg", "name": "i", "sigma": 2.30875004884986e-05}], "data": [["4.872992529522231E-16", "-1.197041635690075E-15", "2.637047577612971E-14", "6.789079145240978E-15", "-1.161888606202754E-14", "-7.872940178284762E-15"], ["-1.197041635690075E-15", "2.968785706065967E-15", "4.780612779404038E-15", "-1.827277513029007E-14", "4.04388105708244E-14", "2.152065969944005E-14"], ["2.637047577612971E-14", "4.780612779404038E-15", "2.975982709900517E-10", "2.719287022943488E-12", "1.803538986646735E-10", "-1.702582951805235E-11"], ["6.789079145240978E-15", "-1.827277513029007E-14", "2.719287022943488E-12", "5.181688167598425E-12", "-3.746544883883964E-13", "-2.417398481218223E-11"], ["-1.161888606202754E-14", "4.04388105708244E-14", "1.803538986646735E-10", "-3.746544883883964E-13", "2.022720593512638E-10", "-1.253215902384949E-11"], ["-7.872940178284762E-15", "2.152065969944005E-14", "-1.702582951805235E-11", "-2.417398481218223E-11", "-1.253215902384949E-11", "5.330326788064247E-10"]], "labels": ["e", "q", "tp", "node", "peri", "i"], "epoch": "2457152.5"}, "elements": [{"sigma": "2.2364E-8", "name": "e", "units": null, "value": ".6104356080838811", "title": "eccentricity", "label": "e"}, {"label": "a", "sigma": "1.3273E-8", "name": "a", "value": "2.482190259818082", "title": "semi-major axis", "units": "au"}, {"label": "q", "sigma": "5.5198E-8", "name": "q", "units": "au", "title": "perihelion distance", "value": ".9669729391861442"}, {"label": "i", "sigma": "2.3072E-5", "name": "i", "value": "75.65691832305772", "title": "inclination; angle with respect to x-y ecliptic plane", "units": "deg"}, {"label": "node", "sigma": "2.2678E-6", "name": "om", "units": "deg", "title": "longitude of the ascending node", "value": "179.3227712818496"}, {"name": "w", "sigma": "1.4004E-5", "units": "deg", "title": "argument of perihelion", "value": "358.1306270438999", "label": "peri"}, {"label": "M", "sigma": "1.1206E-5", "name": "ma", "value": "222.2959036398148", "title": "mean anomaly", "units": "deg"}, {"label": "tp", "sigma": "4.8739E-5", "name": "tp", "value": "2461746.880745536166", "title": "time of perihelion passage", "units": "TDB"}, {"label": "period", "sigma": "1.1457E-5", "name": "per", "value": "1428.403900770894", "title": "sidereal orbital period", "units": "d"}, {"label": "n", "units": "deg/d", "value": ".2520295553699566", "title": "mean motion", "name": "n", "sigma": "2.0215E-9"}, {"sigma": "2.1375E-8", "name": "ad", "units": "au", "title": "aphelion distance", "value": "3.99740758045002", "label": "Q"}], "epoch": "2461200.5"}