{"spkid": "20475534", "covariance": {"epoch": "2457054.5", "labels": ["e", "q", "tp", "node", "peri", "i"], "data": [["1.655105075376069E-15", "-1.577427551463107E-15", "-4.942680819357868E-14", "4.026332177220302E-15", "9.046376983796613E-14", "2.533671790114226E-14"], ["-1.577427551463107E-15", "1.50368918231327E-15", "4.561955150150394E-14", "-3.174001891284454E-15", "-8.701637848022978E-14", "-2.404514189191399E-14"], ["-4.942680819357868E-14", "4.561955150150394E-14", "9.375309592369005E-12", "3.465356059942436E-12", "-5.842223255913467E-12", "-2.933636271600372E-12"], ["4.026332177220302E-15", "-3.174001891284454E-15", "3.465356059942436E-12", "1.802854541532661E-10", "-1.84202005390213E-10", "-5.913280526142841E-11"], ["9.046376983796613E-14", "-8.701637848022978E-14", "-5.842223255913467E-12", "-1.84202005390213E-10", "1.940441201450272E-10", "5.985828888839913E-11"], ["2.533671790114226E-14", "-2.404514189191399E-14", "-2.933636271600372E-12", "-5.913280526142841E-11", "5.985828888839913E-11", "3.061097196234588E-11"]], "elements": [{"units": null, "value": ".5802259227604556", "title": "eccentricity", "sigma": 4.06829826263521e-08, "name": "e", "label": "e"}, {"name": "q", "sigma": 3.87774313526988e-08, "units": "au", "value": ".3974371023548151", "title": "perihelion distance", "label": "q"}, {"name": "tp", "sigma": 3.06191273428375e-06, "units": "TDB", "value": "2457131.988052789322", "title": "time of perihelion passage", "label": "tp"}, {"value": "225.2849270726237", "title": "longitude of the ascending node", "units": "deg", "sigma": 1.34270418988423e-05, "name": "om", "label": "node"}, {"label": "peri", "units": "deg", "title": "argument of perihelion", "value": "299.8908804268611", "name": "w", "sigma": 1.39299720080489e-05}, {"label": "i", "name": "i", "sigma": 5.53271831583227e-06, "value": "5.470902188239233", "title": "inclination", "units": "deg"}]}, "elements": [{"sigma": "4.0646E-8", "name": "e", "value": ".5803505602133617", "title": "eccentricity", "units": null, "label": "e"}, {"units": "au", "title": "semi-major axis", "value": ".9469028734977364", "sigma": "8.3186E-10", "name": "a", "label": "a"}, {"label": "q", "units": "au", "title": "perihelion distance", "value": ".3973672603956831", "sigma": "3.8566E-8", "name": "q"}, {"label": "i", "title": "inclination; angle with respect to x-y ecliptic plane", "value": "5.500675843549463", "units": "deg", "name": "i", "sigma": "5.5259E-6"}, {"units": "deg", "value": "225.1170001877221", "title": "longitude of the ascending node", "sigma": "1.3282E-5", "name": "om", "label": "node"}, {"label": "peri", "units": "deg", "value": "300.047290362613", "title": "argument of perihelion", "sigma": "1.3823E-5", "name": "w"}, {"label": "M", "title": "mean anomaly", "value": "33.87920256630198", "units": "deg", "name": "ma", "sigma": "8.6475E-6"}, {"sigma": "8.0451E-6", "name": "tp", "units": "TDB", "value": "2461168.827141732552", "title": "time of perihelion passage", "label": "tp"}, {"label": "period", "sigma": "4.435E-7", "name": "per", "title": "sidereal orbital period", "value": "336.5554119512358", "units": "d"}, {"name": "n", "sigma": "1.4096E-9", "title": "mean motion", "value": "1.069660410191714", "units": "deg/d", "label": "n"}, {"units": "au", "title": "aphelion distance", "value": "1.49643848659979", "sigma": "1.3146E-9", "name": "ad", "label": "Q"}], "epoch": "2461200.5"}