{"spkid": "20485652", "covariance": {"epoch": "2457723.5", "elements": [{"label": "e", "units": null, "value": ".7321311133613678", "title": "eccentricity", "name": "e", "sigma": 2.10485528309515e-08}, {"units": "au", "value": ".8064783341908119", "title": "perihelion distance", "name": "q", "sigma": 6.32356369113013e-08, "label": "q"}, {"label": "tp", "sigma": 1.90547528257868e-05, "name": "tp", "units": "TDB", "title": "time of perihelion passage", "value": "2457886.150489301322"}, {"value": "112.2120954285336", "title": "longitude of the ascending node", "units": "deg", "sigma": 2.82595703571285e-05, "name": "om", "label": "node"}, {"label": "peri", "sigma": 2.83052342499729e-05, "name": "w", "value": "125.1463937190709", "title": "argument of perihelion", "units": "deg"}, {"sigma": 1.34509979051446e-05, "name": "i", "value": "20.05217059340821", "title": "inclination", "units": "deg", "label": "i"}], "data": [["4.430415762773552E-16", "-1.318146607263383E-15", "-1.203858510366543E-13", "2.556260110441617E-14", "-3.530230175731628E-14", "9.051053190633949E-15"], ["-1.318146607263383E-15", "3.998745775577926E-15", "4.237343185837564E-13", "-7.790897931949004E-14", "1.301110163362306E-13", "-1.777958477391095E-14"], ["-1.203858510366543E-13", "4.237343185837564E-13", "3.630836052518294E-10", "-2.328497935354751E-11", "1.644526236921368E-10", "4.156879151039576E-11"], ["2.556260110441617E-14", "-7.790897931949004E-14", "-2.328497935354751E-11", "7.986033167694942E-10", "-7.607854681095806E-10", "3.153659020862503E-10"], ["-3.530230175731628E-14", "1.301110163362306E-13", "1.644526236921368E-10", "-7.607854681095806E-10", "8.011862859458409E-10", "-2.81359445925664E-10"], ["9.051053190633949E-15", "-1.777958477391095E-14", "4.156879151039576E-11", "3.153659020862503E-10", "-2.81359445925664E-10", "1.809293446442046E-10"]], "labels": ["e", "q", "tp", "node", "peri", "i"]}, "elements": [{"name": "e", "sigma": "2.1983E-8", "title": "eccentricity", "value": ".7272519353672633", "units": null, "label": "e"}, {"units": "au", "title": "semi-major axis", "value": "3.028044479443485", "name": "a", "sigma": "3.6004E-8", "label": "a"}, {"label": "q", "name": "q", "sigma": "6.7591E-8", "units": "au", "value": ".8258932713900533", "title": "perihelion distance"}, {"units": "deg", "value": "20.16655077642213", "title": "inclination; angle with respect to x-y ecliptic plane", "sigma": "1.3288E-5", "name": "i", "label": "i"}, {"units": "deg", "value": "110.9561232853089", "title": "longitude of the ascending node", "name": "om", "sigma": "2.9057E-5", "label": "node"}, {"sigma": "2.9439E-5", "name": "w", "title": "argument of perihelion", "value": "126.4249581817892", "units": "deg", "label": "peri"}, {"name": "ma", "sigma": "1.1885E-5", "units": "deg", "title": "mean anomaly", "value": "263.4198518546545", "label": "M"}, {"name": "tp", "sigma": "7.2015E-5", "units": "TDB", "value": "2461716.829773471548", "title": "time of perihelion passage", "label": "tp"}, {"name": "per", "sigma": "3.4326E-5", "units": "d", "value": "1924.605853472336", "title": "sidereal orbital period", "label": "period"}, {"label": "n", "name": "n", "sigma": "3.3361E-9", "units": "deg/d", "value": ".1870512860337066", "title": "mean motion"}, {"label": "Q", "sigma": "6.2188E-8", "name": "ad", "value": "5.230195687496917", "title": "aphelion distance", "units": "au"}], "epoch": "2461200.5"}