{"spkid": "20482344", "covariance": {"epoch": "2459104.5", "labels": ["e", "q", "tp", "node", "peri", "i"], "data": [["3.121433692290875E-15", "-4.234918157841567E-15", "-6.172697715771974E-13", "7.335753647396148E-14", "-3.638217976034844E-13", "5.732278405494617E-17"], ["-4.234918157841567E-15", "5.752042999481885E-15", "8.167291333781798E-13", "-9.603859110444726E-14", "4.797355619660231E-13", "-9.273232298827242E-16"], ["-6.172697715771974E-13", "8.167291333781798E-13", "4.735425422038375E-10", "-3.711871365199095E-11", "2.779698536281683E-10", "-5.887619674300729E-12"], ["7.335753647396148E-14", "-9.603859110444726E-14", "-3.711871365199095E-11", "2.917700597741765E-10", "-2.959296101228041E-10", "-1.283271402058372E-11"], ["-3.638217976034844E-13", "4.797355619660231E-13", "2.779698536281683E-10", "-2.959296101228041E-10", "4.384592415950471E-10", "1.294546284967707E-11"], ["5.732278405494617E-17", "-9.273232298827242E-16", "-5.887619674300729E-12", "-1.283271402058372E-11", "1.294546284967707E-11", "2.745294296370656E-11"]], "elements": [{"label": "e", "value": ".2819112731545474", "title": "eccentricity", "units": null, "sigma": 5.58697923057789e-08, "name": "e"}, {"name": "q", "sigma": 7.58422243837948e-08, "value": ".9708584527562339", "title": "perihelion distance", "units": "au", "label": "q"}, {"value": "2459077.924147293419", "title": "time of perihelion passage", "units": "TDB", "sigma": 2.1761032654813e-05, "name": "tp", "label": "tp"}, {"label": "node", "sigma": 1.70812780486173e-05, "name": "om", "units": "deg", "title": "longitude of the ascending node", "value": "72.92896808440291"}, {"value": "170.6924390427921", "title": "argument of perihelion", "units": "deg", "name": "w", "sigma": 2.09394183681173e-05, "label": "peri"}, {"units": "deg", "title": "inclination", "value": "18.38848212944668", "sigma": 5.23955560746392e-06, "name": "i", "label": "i"}]}, "elements": [{"sigma": "5.5904E-8", "name": "e", "units": null, "value": ".2817845419167243", "title": "eccentricity", "label": "e"}, {"label": "a", "units": "au", "title": "semi-major axis", "value": "1.351864976188626", "sigma": "3.52E-9", "name": "a"}, {"label": "q", "name": "q", "sigma": "7.585E-8", "units": "au", "title": "perihelion distance", "value": ".9709303231400508"}, {"sigma": "5.2393E-6", "name": "i", "units": "deg", "title": "inclination; angle with respect to x-y ecliptic plane", "value": "18.38973647125771", "label": "i"}, {"units": "deg", "value": "72.90024182102336", "title": "longitude of the ascending node", "sigma": "1.708E-5", "name": "om", "label": "node"}, {"label": "peri", "sigma": "2.094E-5", "name": "w", "title": "argument of perihelion", "value": "170.7346490725515", "units": "deg"}, {"label": "M", "name": "ma", "sigma": "1.2944E-5", "value": "250.843767912916", "title": "mean anomaly", "units": "deg"}, {"label": "tp", "value": "2461374.578219911373", "title": "time of perihelion passage", "units": "TDB", "name": "tp", "sigma": "2.0688E-5"}, {"value": "574.1143494042373", "title": "sidereal orbital period", "units": "d", "sigma": "2.2423E-6", "name": "per", "label": "period"}, {"units": "deg/d", "value": ".6270527820347543", "title": "mean motion", "sigma": "2.4491E-9", "name": "n", "label": "n"}, {"label": "Q", "sigma": "4.5119E-9", "name": "ad", "units": "au", "value": "1.732799629237202", "title": "aphelion distance"}], "epoch": "2461200.5"}