{"spkid": "20484506", "covariance": {"labels": ["e", "q", "tp", "node", "peri", "i"], "elements": [{"name": "e", "sigma": 7.52816898737745e-08, "title": "eccentricity", "value": ".6239086969133061", "units": null, "label": "e"}, {"label": "q", "sigma": 1.10968075007399e-07, "name": "q", "units": "au", "value": ".5592833086574034", "title": "perihelion distance"}, {"value": "2457073.242540052529", "title": "time of perihelion passage", "units": "TDB", "name": "tp", "sigma": 1.57861048096102e-05, "label": "tp"}, {"label": "node", "units": "deg", "title": "longitude of the ascending node", "value": "323.7172479639146", "sigma": 0.000127778616195515, "name": "om"}, {"units": "deg", "title": "argument of perihelion", "value": "80.72089453838409", "name": "w", "sigma": 0.000127098454416655, "label": "peri"}, {"value": "2.245270618322239", "title": "inclination", "units": "deg", "sigma": 9.65495444859549e-06, "name": "i", "label": "i"}], "data": [["5.66733283025116E-15", "-8.353069835517153E-15", "-6.920951085655342E-13", "-8.565317587881111E-13", "-4.638770627710513E-14", "-4.258732138324395E-14"], ["-8.353069835517153E-15", "1.231391367084767E-14", "1.011446273656463E-12", "1.26853158538361E-12", "5.928316186839841E-14", "6.318613382759827E-14"], ["-6.920951085655342E-13", "1.011446273656463E-12", "2.492011050599986E-10", "1.549537847739234E-10", "2.664540068581732E-11", "3.758690106456347E-12"], ["-8.565317587881111E-13", "1.26853158538361E-12", "1.549537847739234E-10", "1.632737475684074E-8", "-1.614736365511354E-8", "8.87627531642849E-10"], ["-4.638770627710513E-14", "5.928316186839841E-14", "2.664540068581732E-11", "-1.614736365511354E-8", "1.615401711510241E-8", "-8.801131618220929E-10"], ["-4.258732138324395E-14", "6.318613382759827E-14", "3.758690106456347E-12", "8.87627531642849E-10", "-8.801131618220929E-10", "9.321814540445385E-11"]], "epoch": "2456975.5"}, "elements": [{"sigma": "7.5732E-8", "name": "e", "title": "eccentricity", "value": ".623938235424159", "units": null, "label": "e"}, {"sigma": "5.6611E-9", "name": "a", "units": "au", "value": "1.486625162217039", "title": "semi-major axis", "label": "a"}, {"label": "q", "units": "au", "value": ".5590628817661853", "title": "perihelion distance", "sigma": "1.1097E-7", "name": "q"}, {"sigma": "9.6397E-6", "name": "i", "units": "deg", "value": "2.237099204252975", "title": "inclination; angle with respect to x-y ecliptic plane", "label": "i"}, {"label": "node", "title": "longitude of the ascending node", "value": "323.3931714674777", "units": "deg", "sigma": ".00012864", "name": "om"}, {"label": "peri", "units": "deg", "value": "81.06817186728398", "title": "argument of perihelion", "name": "w", "sigma": ".00012794"}, {"label": "M", "sigma": "1.1479E-5", "name": "ma", "units": "deg", "title": "mean anomaly", "value": "84.17201548231577"}, {"label": "tp", "name": "tp", "sigma": "2.0436E-5", "units": "TDB", "title": "time of perihelion passage", "value": "2461045.701812461361"}, {"label": "period", "name": "per", "sigma": "3.7817E-6", "value": "662.0650247541953", "title": "sidereal orbital period", "units": "d"}, {"value": ".5437532365248521", "title": "mean motion", "units": "deg/d", "name": "n", "sigma": "3.1059E-9", "label": "n"}, {"units": "au", "title": "aphelion distance", "value": "2.414187442667892", "sigma": "9.1932E-9", "name": "ad", "label": "Q"}], "epoch": "2461200.5"}