{"spkid": "20480820", "covariance": {"epoch": "2457680.5", "labels": ["e", "q", "tp", "node", "peri", "i", "A2"], "data": [["2.342373946008363E-14", "-1.991004165449014E-14", "-2.7590581603044E-12", "-9.368119110410736E-15", "-5.831097605890828E-13", "1.211919473262376E-12", "2.678467868551448E-23"], ["-1.991004165449014E-14", "1.692395503750833E-14", "2.341946958317021E-12", "7.496805729430437E-15", "4.937037948089069E-13", "-1.029616164484758E-12", "-2.045950122155324E-23"], ["-2.7590581603044E-12", "2.341946958317021E-12", "3.797161591965415E-10", "1.058038779078303E-11", "1.037530131638024E-10", "-1.457126865110096E-10", "-1.869266707669616E-20"], ["-9.368119110410736E-15", "7.496805729430437E-15", "1.058038779078303E-11", "2.359490665865476E-11", "-1.049277460028559E-11", "3.871907215988854E-12", "-9.330247080282298E-22"], ["-5.831097605890828E-13", "4.937037948089069E-13", "1.037530131638024E-10", "-1.049277460028559E-11", "6.407940161400647E-11", "-2.77476341646729E-11", "-8.029273617332638E-21"], ["1.211919473262376E-12", "-1.029616164484758E-12", "-1.457126865110096E-10", "3.871907215988854E-12", "-2.77476341646729E-11", "2.61100359479099E-10", "3.673729660997762E-21"], ["2.678467868551448E-23", "-2.045950122155324E-23", "-1.869266707669616E-20", "-9.330247080282298E-22", "-8.029273617332638E-21", "3.673729660997762E-21", "1.146395108534457E-29"]], "elements": [{"sigma": 1.53048160590331e-07, "name": "e", "units": null, "value": ".4438132586225986", "title": "eccentricity", "label": "e"}, {"units": "au", "value": ".4732648298148694", "title": "perihelion distance", "sigma": 1.30092102133482e-07, "name": "q", "label": "q"}, {"value": "2457809.983339314234", "title": "time of perihelion passage", "units": "TDB", "sigma": 1.94863069665994e-05, "name": "tp", "label": "tp"}, {"label": "node", "name": "om", "sigma": 4.85745886844704e-06, "title": "longitude of the ascending node", "value": "236.2888695421198", "units": "deg"}, {"label": "peri", "name": "w", "sigma": 8.00496106261651e-06, "units": "deg", "value": "320.9138668779358", "title": "argument of perihelion"}, {"name": "i", "sigma": 1.6158600170779e-05, "value": "23.74581629018407", "title": "inclination", "units": "deg", "label": "i"}]}, "elements": [{"name": "e", "sigma": "1.5295E-7", "title": "eccentricity", "value": ".4437798979956015", "units": null, "label": "e"}, {"sigma": "3.1033E-9", "name": "a", "title": "semi-major axis", "value": ".8507872487983439", "units": "au", "label": "a"}, {"label": "q", "sigma": "1.3003E-7", "name": "q", "value": ".4732249703106564", "title": "perihelion distance", "units": "au"}, {"name": "i", "sigma": "1.6163E-5", "units": "deg", "title": "inclination; angle with respect to x-y ecliptic plane", "value": "23.74784802346278", "label": "i"}, {"name": "om", "sigma": "4.8589E-6", "units": "deg", "title": "longitude of the ascending node", "value": "236.2501143205588", "label": "node"}, {"label": "peri", "sigma": "7.9972E-6", "name": "w", "title": "argument of perihelion", "value": "320.9634344538692", "units": "deg"}, {"label": "M", "units": "deg", "value": "297.757612292449", "title": "mean anomaly", "sigma": "2.4501E-5", "name": "ma"}, {"label": "tp", "units": "TDB", "title": "time of perihelion passage", "value": "2461250.057983754973", "name": "tp", "sigma": "1.9617E-5"}, {"name": "per", "sigma": "1.5683E-6", "units": "d", "value": "286.635439431026", "title": "sidereal orbital period", "label": "period"}, {"label": "n", "units": "deg/d", "title": "mean motion", "value": "1.255950766990304", "sigma": "6.8718E-9", "name": "n"}, {"title": "aphelion distance", "value": "1.228349527286031", "units": "au", "name": "ad", "sigma": "4.4805E-9", "label": "Q"}], "epoch": "2461200.5"}