{"spkid": "20483508", "covariance": {"epoch": "2459196.5", "labels": ["e", "q", "tp", "node", "peri", "i"], "elements": [{"name": "e", "sigma": 1.62345212212179e-07, "units": null, "title": "eccentricity", "value": ".4628951359392358", "label": "e"}, {"title": "perihelion distance", "value": ".780431846803709", "units": "au", "sigma": 2.35342242849584e-07, "name": "q", "label": "q"}, {"sigma": 1.54403102305874e-05, "name": "tp", "units": "TDB", "value": "2459001.628177952589", "title": "time of perihelion passage", "label": "tp"}, {"name": "om", "sigma": 1.30829724634988e-05, "units": "deg", "value": "310.9636465996564", "title": "longitude of the ascending node", "label": "node"}, {"sigma": 3.81310437121143e-05, "name": "w", "units": "deg", "value": "101.9715157704747", "title": "argument of perihelion", "label": "peri"}, {"value": "12.72074212054219", "title": "inclination", "units": "deg", "name": "i", "sigma": 1.3225583123858e-05, "label": "i"}], "data": [["2.635596792821729E-14", "-3.820618265254989E-14", "-1.848879661995549E-12", "7.814862379506015E-13", "-5.692513869379262E-12", "1.247991848789547E-12"], ["-3.820618265254989E-14", "5.538597126947254E-14", "2.676639141670142E-12", "-1.131502784129731E-12", "8.24984095905628E-12", "-1.807637273256623E-12"], ["-1.848879661995549E-12", "2.676639141670142E-12", "2.384031800167815E-10", "-9.04664169560041E-11", "5.018391819467521E-10", "-1.404902682132E-10"], ["7.814862379506015E-13", "-1.131502784129731E-12", "-9.04664169560041E-11", "1.711641684806673E-10", "-3.315312529913995E-10", "1.307361985032255E-10"], ["-5.692513869379262E-12", "8.24984095905628E-12", "5.018391819467521E-10", "-3.315312529913995E-10", "1.453976494575172E-9", "-3.915600173355717E-10"], ["1.247991848789547E-12", "-1.807637273256623E-12", "-1.404902682132E-10", "1.307361985032255E-10", "-3.915600173355717E-10", "1.749160489660765E-10"]]}, "elements": [{"label": "e", "title": "eccentricity", "value": ".4628116671125108", "units": null, "name": "e", "sigma": "1.6271E-7"}, {"label": "a", "sigma": "2.7516E-9", "name": "a", "units": "au", "title": "semi-major axis", "value": "1.452613347985013"}, {"units": "au", "value": ".7803269427341831", "title": "perihelion distance", "name": "q", "sigma": "2.3558E-7", "label": "q"}, {"label": "i", "sigma": "1.322E-5", "name": "i", "units": "deg", "value": "12.72460369561897", "title": "inclination; angle with respect to x-y ecliptic plane"}, {"name": "om", "sigma": "1.3092E-5", "value": "310.9257798841509", "title": "longitude of the ascending node", "units": "deg", "label": "node"}, {"title": "argument of perihelion", "value": "101.9752440662585", "units": "deg", "name": "w", "sigma": "3.8067E-5", "label": "peri"}, {"units": "deg", "title": "mean anomaly", "value": "157.5918960487058", "name": "ma", "sigma": "7.2813E-6", "label": "M"}, {"label": "tp", "units": "TDB", "value": "2460920.566513859836", "title": "time of perihelion passage", "name": "tp", "sigma": "1.3258E-5"}, {"name": "per", "sigma": "1.817E-6", "units": "d", "title": "sidereal orbital period", "value": "639.4748558600563", "label": "period"}, {"sigma": "1.5996E-9", "name": "n", "units": "deg/d", "value": ".5629619314989657", "title": "mean motion", "label": "n"}, {"sigma": "4.0251E-9", "name": "ad", "units": "au", "title": "aphelion distance", "value": "2.124899753235842", "label": "Q"}], "epoch": "2461200.5"}