{"spkid": "20494697", "covariance": {"elements": [{"label": "e", "value": ".3337569633904195", "title": "eccentricity", "units": null, "sigma": 3.77318805029603e-08, "name": "e"}, {"label": "q", "sigma": 5.32036441037259e-08, "name": "q", "units": "au", "value": ".9507249162947216", "title": "perihelion distance"}, {"name": "tp", "sigma": 1.11660941473584e-05, "value": "2457069.349685536547", "title": "time of perihelion passage", "units": "TDB", "label": "tp"}, {"label": "node", "units": "deg", "value": "75.1733891541864", "title": "longitude of the ascending node", "name": "om", "sigma": 4.16310819031919e-05}, {"title": "argument of perihelion", "value": "352.7361105565424", "units": "deg", "name": "w", "sigma": 4.16163101167721e-05, "label": "peri"}, {"title": "inclination", "value": "8.78794958377212", "units": "deg", "sigma": 5.64197345483641e-06, "name": "i", "label": "i"}], "data": [["1.423694806289676E-15", "-2.007271979517578E-15", "1.298877369114378E-14", "-1.616714707220517E-13", "1.384104151033696E-13", "-4.548053574099903E-14"], ["-2.007271979517578E-15", "2.830627745915926E-15", "-1.590513686391397E-14", "2.188143693836672E-13", "-1.85609182561507E-13", "6.466083503142383E-14"], ["1.298877369114378E-14", "-1.590513686391397E-14", "1.246816585076716E-10", "-2.67052552541712E-11", "1.34113149133531E-10", "4.264564872898474E-12"], ["-1.616714707220517E-13", "2.188143693836672E-13", "-2.67052552541712E-11", "1.733146980430276E-9", "-1.677331326494828E-9", "4.336288847135191E-11"], ["1.384104151033696E-13", "-1.85609182561507E-13", "1.34113149133531E-10", "-1.677331326494828E-9", "1.731917267735352E-9", "-4.066188734715244E-11"], ["-4.548053574099903E-14", "6.466083503142383E-14", "4.264564872898474E-12", "4.336288847135191E-11", "-4.066188734715244E-11", "3.18318644650787E-11"]], "labels": ["e", "q", "tp", "node", "peri", "i"], "epoch": "2457332.5"}, "elements": [{"name": "e", "sigma": "3.7635E-8", "value": ".3338900847783859", "title": "eccentricity", "units": null, "label": "e"}, {"label": "a", "title": "semi-major axis", "value": "1.427667476441886", "units": "au", "sigma": "1.0737E-9", "name": "a"}, {"label": "q", "sigma": "5.3219E-8", "name": "q", "value": ".9509834616973604", "title": "perihelion distance", "units": "au"}, {"units": "deg", "title": "inclination; angle with respect to x-y ecliptic plane", "value": "8.784816745381361", "sigma": "5.6436E-6", "name": "i", "label": "i"}, {"label": "node", "value": "75.11754080173394", "title": "longitude of the ascending node", "units": "deg", "sigma": "4.163E-5", "name": "om"}, {"units": "deg", "value": "352.8594428015662", "title": "argument of perihelion", "sigma": "4.1596E-5", "name": "w", "label": "peri"}, {"label": "M", "sigma": "7.68E-6", "name": "ma", "title": "mean anomaly", "value": "227.9082190576534", "units": "deg"}, {"name": "tp", "sigma": "1.3404E-5", "value": "2461429.118999992046", "title": "time of perihelion passage", "units": "TDB", "label": "tp"}, {"name": "per", "sigma": "7.0292E-7", "title": "sidereal orbital period", "value": "623.0731345280208", "units": "d", "label": "period"}, {"label": "n", "units": "deg/d", "title": "mean motion", "value": ".5777812909117013", "name": "n", "sigma": "6.5182E-10"}, {"label": "Q", "units": "au", "title": "aphelion distance", "value": "1.904351491186411", "sigma": "1.4323E-9", "name": "ad"}], "epoch": "2461200.5"}