{"spkid": "20490354", "covariance": {"labels": ["e", "q", "tp", "node", "peri", "i", "A2"], "data": [["3.723093800962808E-15", "-4.444345216747602E-15", "4.523692717313786E-12", "8.863674214031804E-13", "9.684445455650658E-13", "1.365811221636753E-14", "1.88144963673111E-22"], ["-4.444345216747602E-15", "5.310052819960168E-15", "-5.387336529525231E-12", "-1.075714041373254E-12", "-1.131002160275615E-12", "-1.605940288948584E-14", "-2.01719388670482E-22"], ["4.523692717313786E-12", "-5.387336529525231E-12", "1.746299917227301E-8", "3.223058397023782E-9", "4.048222996937271E-9", "4.483188089705693E-11", "6.881282111057368E-19"], ["8.863674214031804E-13", "-1.075714041373254E-12", "3.223058397023782E-9", "1.920308814860598E-7", "-1.906832840505526E-7", "2.261220443630379E-10", "3.043879948797685E-19"], ["9.684445455650658E-13", "-1.131002160275615E-12", "4.048222996937271E-9", "-1.906832840505526E-7", "1.923805267709555E-7", "-2.073600343462725E-10", "4.566582803959199E-20"], ["1.365811221636753E-14", "-1.605940288948584E-14", "4.483188089705693E-11", "2.261220443630379E-10", "-2.073600343462725E-10", "1.769381091993421E-11", "6.452434263247822E-22"], ["1.88144963673111E-22", "-2.01719388670482E-22", "6.881282111057368E-19", "3.043879948797685E-19", "4.566582803959199E-20", "6.452434263247822E-22", "6.090481157573152E-28"]], "elements": [{"name": "e", "sigma": 6.10171598893525e-08, "value": ".4093070062888253", "title": "eccentricity", "units": null, "label": "e"}, {"label": "q", "name": "q", "sigma": 7.28701092352699e-08, "units": "au", "title": "perihelion distance", "value": ".716500621175585"}, {"label": "tp", "units": "TDB", "title": "time of perihelion passage", "value": "2458964.127453909402", "name": "tp", "sigma": 0.000132147641569091}, {"label": "node", "value": "84.83915602964731", "title": "longitude of the ascending node", "units": "deg", "sigma": 0.000438213283100889, "name": "om"}, {"units": "deg", "value": "244.8596026059025", "title": "argument of perihelion", "name": "w", "sigma": 0.000438612045857105, "label": "peri"}, {"label": "i", "name": "i", "sigma": 4.20640118390225e-06, "units": "deg", "value": ".5584292870934843", "title": "inclination"}], "epoch": "2458802.5"}, "elements": [{"sigma": "5.9804E-8", "name": "e", "title": "eccentricity", "value": ".4092812610048356", "units": null, "label": "e"}, {"units": "au", "title": "semi-major axis", "value": "1.212783755155309", "name": "a", "sigma": "9.8663E-9", "label": "a"}, {"label": "q", "units": "au", "value": ".7164140905191644", "title": "perihelion distance", "name": "q", "sigma": "7.2972E-8"}, {"value": ".5584957522698182", "title": "inclination; angle with respect to x-y ecliptic plane", "units": "deg", "name": "i", "sigma": "4.207E-6", "label": "i"}, {"name": "om", "sigma": ".00043822", "units": "deg", "value": "84.88386158956932", "title": "longitude of the ascending node", "label": "node"}, {"label": "peri", "title": "argument of perihelion", "value": "244.7985575074508", "units": "deg", "name": "w", "sigma": ".00043855"}, {"label": "M", "name": "ma", "sigma": "9.6613E-5", "units": "deg", "value": "210.0491452700973", "title": "mean anomaly"}, {"units": "TDB", "value": "2461403.698233620000", "title": "time of perihelion passage", "name": "tp", "sigma": ".00013054", "label": "tp"}, {"name": "per", "sigma": "5.953E-6", "units": "d", "title": "sidereal orbital period", "value": "487.8355927677965", "label": "period"}, {"value": ".7379535346273008", "title": "mean motion", "units": "deg/d", "name": "n", "sigma": "9.0051E-9", "label": "n"}, {"label": "Q", "name": "ad", "sigma": "1.3904E-8", "title": "aphelion distance", "value": "1.709153419791454", "units": "au"}], "epoch": "2461200.5"}