{"spkid": "20499582", "covariance": {"labels": ["e", "q", "tp", "node", "peri", "i"], "data": [["3.722158639954435E-15", "-5.162647454062744E-15", "1.974320065124088E-12", "8.218967642948721E-14", "8.843084114048873E-13", "2.581032858445645E-14"], ["-5.162647454062744E-15", "7.194014291647771E-15", "-2.447330872710485E-12", "-1.429684332470541E-13", "-1.074219131593735E-12", "-2.798257918594674E-14"], ["1.974320065124088E-12", "-2.447330872710485E-12", "4.28588128489397E-9", "-3.279406254107144E-10", "2.265603424561262E-9", "1.26497121429768E-10"], ["8.218967642948721E-14", "-1.429684332470541E-13", "-3.279406254107144E-10", "2.629631093224547E-9", "-2.751371607537765E-9", "-7.15542257070328E-11"], ["8.843084114048873E-13", "-1.074219131593735E-12", "2.265603424561262E-9", "-2.751371607537765E-9", "3.77443386329702E-9", "1.266975583543417E-10"], ["2.581032858445645E-14", "-2.798257918594674E-14", "1.26497121429768E-10", "-7.15542257070328E-11", "1.266975583543417E-10", "3.464597261622093E-11"]], "elements": [{"units": null, "title": "eccentricity", "value": ".3100738208252297", "sigma": 6.10094963096274e-08, "name": "e", "label": "e"}, {"label": "q", "name": "q", "sigma": 8.48175352839716e-08, "value": "1.010358035861546", "title": "perihelion distance", "units": "au"}, {"name": "tp", "sigma": 6.54666425356759e-05, "title": "time of perihelion passage", "value": "2458159.900007346979", "units": "TDB", "label": "tp"}, {"name": "om", "sigma": 5.12799287560401e-05, "units": "deg", "value": "254.2427844174199", "title": "longitude of the ascending node", "label": "node"}, {"name": "w", "sigma": 6.14364213093261e-05, "value": "201.3975676988437", "title": "argument of perihelion", "units": "deg", "label": "peri"}, {"value": "6.826210157254718", "title": "inclination", "units": "deg", "sigma": 5.88608296035835e-06, "name": "i", "label": "i"}], "epoch": "2458170.5"}, "elements": [{"name": "e", "sigma": "6.1054E-8", "units": null, "value": ".3100552988201277", "title": "eccentricity", "label": "e"}, {"label": "a", "title": "semi-major axis", "value": "1.464410243102692", "units": "au", "sigma": "1.0489E-8", "name": "a"}, {"value": "1.010362087582231", "title": "perihelion distance", "units": "au", "sigma": "8.4985E-8", "name": "q", "label": "q"}, {"units": "deg", "value": "6.825665390772351", "title": "inclination; angle with respect to x-y ecliptic plane", "sigma": "5.8844E-6", "name": "i", "label": "i"}, {"sigma": "5.1294E-5", "name": "om", "units": "deg", "title": "longitude of the ascending node", "value": "254.1954539038647", "label": "node"}, {"label": "peri", "name": "w", "sigma": "6.1447E-5", "units": "deg", "title": "argument of perihelion", "value": "201.5100577568838"}, {"sigma": "5.3594E-5", "name": "ma", "title": "mean anomaly", "value": "251.0004343036493", "units": "deg", "label": "M"}, {"label": "tp", "units": "TDB", "value": "2461396.481388649457", "title": "time of perihelion passage", "name": "tp", "sigma": "9.8378E-5"}, {"label": "period", "units": "d", "value": "647.2805599092998", "title": "sidereal orbital period", "sigma": "6.9543E-6", "name": "per"}, {"label": "n", "units": "deg/d", "value": ".556173045040075", "title": "mean motion", "sigma": "5.9755E-9", "name": "n"}, {"units": "au", "title": "aphelion distance", "value": "1.918458398623153", "name": "ad", "sigma": "1.3741E-8", "label": "Q"}], "epoch": "2461200.5"}