{"spkid": "20496860", "covariance": {"epoch": "2457766.5", "labels": ["e", "q", "tp", "node", "peri", "i"], "data": [["9.879037107677047E-16", "-1.841263154504335E-15", "1.579140091572609E-13", "5.023323405723411E-14", "8.788202991787283E-14", "-2.414746530203576E-15"], ["-1.841263154504335E-15", "3.432463538494487E-15", "-2.93331171359696E-13", "-1.02607355005767E-13", "-1.549696380439198E-13", "3.472610963686925E-15"], ["1.579140091572609E-13", "-2.93331171359696E-13", "4.381087770835739E-11", "2.133403790066981E-11", "1.613056066268672E-11", "3.003911319563963E-12"], ["5.023323405723411E-14", "-1.02607355005767E-13", "2.133403790066981E-11", "2.754743730530134E-10", "-2.598255802414873E-10", "7.335264758254034E-11"], ["8.788202991787283E-14", "-1.549696380439198E-13", "1.613056066268672E-11", "-2.598255802414873E-10", "2.806302710430073E-10", "-7.331220561776672E-11"], ["-2.414746530203576E-15", "3.472610963686925E-15", "3.003911319563963E-12", "7.335264758254034E-11", "-7.331220561776672E-11", "9.905524211782699E-11"]], "elements": [{"label": "e", "sigma": 3.14309355693989e-08, "name": "e", "units": null, "value": ".6477856978734062", "title": "eccentricity"}, {"title": "perihelion distance", "value": ".6402644619929722", "units": "au", "name": "q", "sigma": 5.85872301657493e-08, "label": "q"}, {"label": "tp", "name": "tp", "sigma": 6.61897860008305e-06, "units": "TDB", "value": "2457843.224361155903", "title": "time of perihelion passage"}, {"units": "deg", "title": "longitude of the ascending node", "value": "270.3984867402605", "sigma": 1.65974206747016e-05, "name": "om", "label": "node"}, {"sigma": 1.67520228940569e-05, "name": "w", "title": "argument of perihelion", "value": "275.0350552335103", "units": "deg", "label": "peri"}, {"label": "i", "name": "i", "sigma": 9.95265000478903e-06, "title": "inclination", "value": "8.910190292422756", "units": "deg"}]}, "elements": [{"value": ".6467091617713905", "title": "eccentricity", "units": null, "sigma": "3.1321E-8", "name": "e", "label": "e"}, {"name": "a", "sigma": "4.3945E-9", "value": "1.818806253915585", "title": "semi-major axis", "units": "au", "label": "a"}, {"label": "q", "name": "q", "sigma": "5.8398E-8", "units": "au", "title": "perihelion distance", "value": ".6425675860212743"}, {"title": "inclination; angle with respect to x-y ecliptic plane", "value": "8.914274702521739", "units": "deg", "name": "i", "sigma": "9.9498E-6", "label": "i"}, {"label": "node", "name": "om", "sigma": "1.6644E-5", "value": "269.953444180655", "title": "longitude of the ascending node", "units": "deg"}, {"title": "argument of perihelion", "value": "275.4656956089643", "units": "deg", "name": "w", "sigma": "1.6843E-5", "label": "peri"}, {"label": "M", "name": "ma", "sigma": "4.0549E-6", "units": "deg", "value": "269.4553376827101", "title": "mean anomaly"}, {"name": "tp", "sigma": "1.0779E-5", "units": "TDB", "title": "time of perihelion passage", "value": "2461425.840076676001", "label": "tp"}, {"name": "per", "sigma": "3.2471E-6", "units": "d", "value": "895.9382643571884", "title": "sidereal orbital period", "label": "period"}, {"units": "deg/d", "value": ".4018133997863015", "title": "mean motion", "name": "n", "sigma": "1.4563E-9", "label": "n"}, {"label": "Q", "sigma": "7.2364E-9", "name": "ad", "units": "au", "value": "2.995044921809896", "title": "aphelion distance"}], "epoch": "2461200.5"}