{"spkid": "20501647", "covariance": {"data": [["1.730783766408917E-15", "-1.779044000406296E-15", "2.090229521104318E-13", "-1.237476911766938E-13", "2.530516125853551E-13", "7.015208535120674E-16"], ["-1.779044000406296E-15", "1.829617534092494E-15", "-2.17970017654008E-13", "1.255730099579848E-13", "-2.587564150676466E-13", "-5.935865264073773E-16"], ["2.090229521104318E-13", "-2.17970017654008E-13", "3.60039675797705E-11", "-1.266583835552492E-11", "2.92401408986243E-11", "-8.832439479031037E-13"], ["-1.237476911766938E-13", "1.255730099579848E-13", "-1.266583835552492E-11", "1.166457076582429E-10", "-1.2218096083478E-10", "-1.96302046864844E-11"], ["2.530516125853551E-13", "-2.587564150676466E-13", "2.92401408986243E-11", "-1.2218096083478E-10", "1.376045475346129E-10", "1.87798915064648E-11"], ["7.015208535120674E-16", "-5.935865264073773E-16", "-8.832439479031037E-13", "-1.96302046864844E-11", "1.87798915064648E-11", "5.664586720686195E-12"]], "elements": [{"name": "e", "sigma": 4.16026894131728e-08, "units": null, "title": "eccentricity", "value": ".3311365778092964", "label": "e"}, {"units": "au", "value": ".653899304285802", "title": "perihelion distance", "name": "q", "sigma": 4.27740287334791e-08, "label": "q"}, {"title": "time of perihelion passage", "value": "2457867.353335487869", "units": "TDB", "name": "tp", "sigma": 6.00033062253827e-06, "label": "tp"}, {"label": "node", "sigma": 1.08002642402046e-05, "name": "om", "units": "deg", "title": "longitude of the ascending node", "value": "286.4807431032102"}, {"label": "peri", "sigma": 1.17304964743447e-05, "name": "w", "units": "deg", "value": "277.1400593994555", "title": "argument of perihelion"}, {"name": "i", "sigma": 2.38003922671165e-06, "title": "inclination", "value": "4.547611158102261", "units": "deg", "label": "i"}], "labels": ["e", "q", "tp", "node", "peri", "i"], "epoch": "2457977.5"}, "elements": [{"label": "e", "name": "e", "sigma": "4.1716E-8", "value": ".3308947364068877", "title": "eccentricity", "units": null}, {"name": "a", "sigma": "3.1585E-9", "value": ".9782107419070278", "title": "semi-major axis", "units": "au", "label": "a"}, {"label": "q", "value": ".6545259563133158", "title": "perihelion distance", "units": "au", "name": "q", "sigma": "4.249E-8"}, {"name": "i", "sigma": "2.3766E-6", "value": "4.591248175399242", "title": "inclination; angle with respect to x-y ecliptic plane", "units": "deg", "label": "i"}, {"label": "node", "units": "deg", "title": "longitude of the ascending node", "value": "286.2340506355844", "name": "om", "sigma": "1.0581E-5"}, {"name": "w", "sigma": "1.138E-5", "value": "277.2308248189657", "title": "argument of perihelion", "units": "deg", "label": "peri"}, {"sigma": "1.1498E-5", "name": "ma", "units": "deg", "value": "156.8538215930663", "title": "mean anomaly", "label": "M"}, {"label": "tp", "sigma": "1.0544E-5", "name": "tp", "value": "2461046.528737152944", "title": "time of perihelion passage", "units": "TDB"}, {"label": "period", "name": "per", "sigma": "1.7115E-6", "units": "d", "value": "353.3841513198458", "title": "sidereal orbital period"}, {"value": "1.018721407441292", "title": "mean motion", "units": "deg/d", "sigma": "4.9339E-9", "name": "n", "label": "n"}, {"name": "ad", "sigma": "4.2036E-9", "units": "au", "title": "aphelion distance", "value": "1.30189552750074", "label": "Q"}], "epoch": "2461200.5"}