{"spkid": "20504680", "covariance": {"epoch": "2457393.5", "labels": ["e", "q", "tp", "node", "peri", "i"], "data": [["2.79098618279112E-15", "-4.868847414285796E-15", "3.681476823275344E-13", "2.085081497908601E-15", "5.930301365556501E-13", "9.402857808263494E-15"], ["-4.868847414285796E-15", "8.499788297192474E-15", "-6.158066432603267E-13", "8.54391974848202E-15", "-1.030950744501302E-12", "-1.184995922103371E-14"], ["3.681476823275344E-13", "-6.158066432603267E-13", "3.582030887540603E-10", "3.783118864740352E-11", "2.479978587430406E-10", "7.158914928932377E-11"], ["2.085081497908601E-15", "8.54391974848202E-15", "3.783118864740352E-11", "9.141033238534456E-10", "-8.737586108933069E-10", "-2.467298534619881E-10"], ["5.930301365556501E-13", "-1.030950744501302E-12", "2.479978587430406E-10", "-8.737586108933069E-10", "1.122438268060607E-9", "2.837897862829992E-10"], ["9.402857808263494E-15", "-1.184995922103371E-14", "7.158914928932377E-11", "-2.467298534619881E-10", "2.837897862829992E-10", "1.537668064466305E-10"]], "elements": [{"sigma": 5.28297849966392e-08, "name": "e", "title": "eccentricity", "value": ".4807987473502918", "units": null, "label": "e"}, {"label": "q", "name": "q", "sigma": 9.2194296446106e-08, "value": ".8884289842435409", "title": "perihelion distance", "units": "au"}, {"units": "TDB", "title": "time of perihelion passage", "value": "2457322.168756138812", "sigma": 1.89262539546013e-05, "name": "tp", "label": "tp"}, {"label": "node", "value": "264.7657634905711", "title": "longitude of the ascending node", "units": "deg", "sigma": 3.0234141692025e-05, "name": "om"}, {"name": "w", "sigma": 3.35028098532139e-05, "units": "deg", "value": "220.4762218408071", "title": "argument of perihelion", "label": "peri"}, {"label": "i", "units": "deg", "value": "11.49347266260915", "title": "inclination", "name": "i", "sigma": 1.24002744504559e-05}]}, "elements": [{"label": "e", "sigma": "5.2726E-8", "name": "e", "value": ".4808141488127089", "title": "eccentricity", "units": null}, {"name": "a", "sigma": "5.4368E-9", "units": "au", "value": "1.711852357293537", "title": "semi-major axis", "label": "a"}, {"name": "q", "sigma": "9.2269E-8", "title": "perihelion distance", "value": ".8887695232284156", "units": "au", "label": "q"}, {"sigma": "1.2389E-5", "name": "i", "value": "11.47711987353364", "title": "inclination; angle with respect to x-y ecliptic plane", "units": "deg", "label": "i"}, {"name": "om", "sigma": "3.0263E-5", "units": "deg", "value": "264.6243559341808", "title": "longitude of the ascending node", "label": "node"}, {"label": "peri", "sigma": "3.358E-5", "name": "w", "units": "deg", "title": "argument of perihelion", "value": "220.6341502392359"}, {"label": "M", "units": "deg", "title": "mean anomaly", "value": "266.7774603997118", "name": "ma", "sigma": "1.23E-5"}, {"label": "tp", "name": "tp", "sigma": "2.8661E-5", "value": "2461412.344071107124", "title": "time of perihelion passage", "units": "TDB"}, {"value": "818.0839733133479", "title": "sidereal orbital period", "units": "d", "sigma": "3.8973E-6", "name": "per", "label": "period"}, {"units": "deg/d", "value": ".4400526250892712", "title": "mean motion", "sigma": "2.0964E-9", "name": "n", "label": "n"}, {"label": "Q", "title": "aphelion distance", "value": "2.534935191358658", "units": "au", "sigma": "8.0509E-9", "name": "ad"}], "epoch": "2461200.5"}