{"spkid": "20507716", "covariance": {"labels": ["e", "q", "tp", "node", "peri", "i"], "elements": [{"name": "e", "sigma": 8.5370857235498e-08, "value": ".6176192640135931", "title": "eccentricity", "units": null, "label": "e"}, {"label": "q", "sigma": 2.18698423869819e-07, "name": "q", "units": "au", "value": ".97098172629024", "title": "perihelion distance"}, {"name": "tp", "sigma": 7.73509182096465e-05, "title": "time of perihelion passage", "value": "2457816.066746696769", "units": "TDB", "label": "tp"}, {"units": "deg", "title": "longitude of the ascending node", "value": "55.18729865391376", "name": "om", "sigma": 1.27814756364076e-05, "label": "node"}, {"units": "deg", "title": "argument of perihelion", "value": "187.3087425279205", "name": "w", "sigma": 1.6356059504053e-05, "label": "peri"}, {"name": "i", "sigma": 1.3670312867343e-05, "title": "inclination", "value": "47.777698531517", "units": "deg", "label": "i"}], "data": [["7.288183265123778E-15", "-1.862786512838978E-14", "7.297593379226122E-13", "-8.976594005790126E-14", "-4.363196565117624E-13", "6.632023867782343E-14"], ["-1.862786512838978E-14", "4.782900060314309E-14", "-2.919645351446031E-12", "2.221392903150256E-13", "9.799735639964622E-13", "-1.337801478929122E-13"], ["7.297593379226122E-13", "-2.919645351446031E-12", "5.983164547875428E-9", "-2.387414509185672E-11", "8.171016844092894E-10", "-1.793711313747797E-10"], ["-8.976594005790126E-14", "2.221392903150256E-13", "-2.387414509185672E-11", "1.633661194440805E-10", "-1.067653136925194E-10", "-1.023562067489591E-10"], ["-4.363196565117624E-13", "9.799735639964622E-13", "8.171016844092894E-10", "-1.067653136925194E-10", "2.675206825001233E-10", "3.620026263208368E-11"], ["6.632023867782343E-14", "-1.337801478929122E-13", "-1.793711313747797E-10", "-1.023562067489591E-10", "3.620026263208368E-11", "1.868774538910438E-10"]], "epoch": "2458165.5"}, "elements": [{"label": "e", "name": "e", "sigma": "8.5844E-8", "value": ".6190903795670463", "title": "eccentricity", "units": null}, {"label": "a", "sigma": "3.7329E-8", "name": "a", "units": "au", "value": "2.534557897460023", "title": "semi-major axis"}, {"value": ".9654374866868425", "title": "perihelion distance", "units": "au", "name": "q", "sigma": "2.2001E-7", "label": "q"}, {"title": "inclination; angle with respect to x-y ecliptic plane", "value": "47.83484886870739", "units": "deg", "sigma": "1.3692E-5", "name": "i", "label": "i"}, {"label": "node", "units": "deg", "title": "longitude of the ascending node", "value": "55.15904326629273", "sigma": "1.2784E-5", "name": "om"}, {"units": "deg", "title": "argument of perihelion", "value": "187.3443309599889", "sigma": "1.6299E-5", "name": "w", "label": "peri"}, {"label": "M", "title": "mean anomaly", "value": "105.1355191356261", "units": "deg", "name": "ma", "sigma": "7.0686E-6"}, {"label": "tp", "name": "tp", "sigma": "2.8747E-5", "title": "time of perihelion passage", "value": "2460770.073784928540", "units": "TDB"}, {"label": "period", "units": "d", "value": "1473.844792889013", "title": "sidereal orbital period", "sigma": "3.256E-5", "name": "per"}, {"name": "n", "sigma": "5.3961E-9", "units": "deg/d", "title": "mean motion", "value": ".2442590982014682", "label": "n"}, {"label": "Q", "units": "au", "value": "4.103678308233203", "title": "aphelion distance", "sigma": "6.0438E-8", "name": "ad"}], "epoch": "2461200.5"}