{"spkid": "20508774", "covariance": {"epoch": "2455900.5", "labels": ["e", "q", "tp", "node", "peri", "i"], "elements": [{"sigma": 9.1426824810268e-08, "name": "e", "value": ".7019095791384103", "title": "eccentricity", "units": null, "label": "e"}, {"name": "q", "sigma": 1.1976377204696e-07, "units": "au", "value": ".3944444677868226", "title": "perihelion distance", "label": "q"}, {"label": "tp", "name": "tp", "sigma": 2.1097659842814e-05, "value": "2455821.768052435110", "title": "time of perihelion passage", "units": "TDB"}, {"value": "53.18521555364219", "title": "longitude of the ascending node", "units": "deg", "sigma": 1.26262988209635e-05, "name": "om", "label": "node"}, {"name": "w", "sigma": 1.43584333115255e-05, "title": "argument of perihelion", "value": "302.6223829269633", "units": "deg", "label": "peri"}, {"value": "20.89468185098615", "title": "inclination", "units": "deg", "sigma": 1.34060214160659e-05, "name": "i", "label": "i"}], "data": [["8.358864294887441E-15", "-1.094918672792036E-14", "3.463197247735157E-13", "-1.999390873746743E-14", "3.44089741514265E-13", "-6.37851890458519E-14"], ["-1.094918672792036E-14", "1.43433610949163E-14", "-4.430955836775638E-13", "2.811027291334913E-14", "-4.544413672329058E-13", "7.650992174905913E-14"], ["3.463197247735157E-13", "-4.430955836775638E-13", "4.451112508430857E-10", "4.437342080551423E-11", "7.419261266109235E-11", "-1.272238927179413E-10"], ["-1.999390873746743E-14", "2.811027291334913E-14", "4.437342080551423E-11", "1.594234219162653E-10", "-1.42726704071551E-10", "-3.771920555338882E-11"], ["3.44089741514265E-13", "-4.544413672329058E-13", "7.419261266109235E-11", "-1.42726704071551E-10", "2.061646071615242E-10", "2.719088080797366E-11"], ["-6.37851890458519E-14", "7.650992174905913E-14", "-1.272238927179413E-10", "-3.771920555338882E-11", "2.719088080797366E-11", "1.797214102080189E-10"]]}, "elements": [{"label": "e", "sigma": "9.1415E-8", "name": "e", "title": "eccentricity", "value": ".7017251068366973", "units": null}, {"name": "a", "sigma": "5.8013E-9", "units": "au", "title": "semi-major axis", "value": "1.32316752915177", "label": "a"}, {"title": "perihelion distance", "value": ".3946676533948953", "units": "au", "sigma": "1.1965E-7", "name": "q", "label": "q"}, {"name": "i", "sigma": "1.3417E-5", "value": "20.91206351422937", "title": "inclination; angle with respect to x-y ecliptic plane", "units": "deg", "label": "i"}, {"sigma": "1.2597E-5", "name": "om", "units": "deg", "title": "longitude of the ascending node", "value": "53.04665887683905", "label": "node"}, {"label": "peri", "units": "deg", "title": "argument of perihelion", "value": "302.7425505760332", "name": "w", "sigma": "1.4335E-5"}, {"name": "ma", "sigma": "3.0512E-5", "value": "242.6449762927325", "title": "mean anomaly", "units": "deg", "label": "M"}, {"name": "tp", "sigma": "4.8218E-5", "value": "2461381.725732407082", "title": "time of perihelion passage", "units": "TDB", "label": "tp"}, {"label": "period", "title": "sidereal orbital period", "value": "555.9307271692811", "units": "d", "sigma": "3.6561E-6", "name": "per"}, {"label": "n", "sigma": "4.2588E-9", "name": "n", "units": "deg/d", "value": ".6475626951456127", "title": "mean motion"}, {"units": "au", "value": "2.251667404908645", "title": "aphelion distance", "name": "ad", "sigma": "9.8722E-9", "label": "Q"}], "epoch": "2461200.5"}