{"spkid": "20503861", "covariance": {"epoch": "2457097.5", "labels": ["e", "q", "tp", "node", "peri", "i"], "data": [["2.511653951769192E-15", "-5.404924105611432E-15", "3.677641686427312E-13", "-1.565889119733359E-13", "4.640996163189651E-13", "-4.202953594953061E-14"], ["-5.404924105611432E-15", "1.163559563774203E-14", "-7.618910521890297E-13", "3.976345141938575E-13", "-1.043551380772061E-12", "9.681971797290427E-14"], ["3.677641686427312E-13", "-7.618910521890297E-13", "5.53120981816335E-10", "-1.088276732071817E-10", "4.466516285095657E-10", "-4.117080793626849E-12"], ["-1.565889119733359E-13", "3.976345141938575E-13", "-1.088276732071817E-10", "1.988422347960289E-8", "-1.981059305204269E-8", "6.913048806557354E-10"], ["4.640996163189651E-13", "-1.043551380772061E-12", "4.466516285095657E-10", "-1.981059305204269E-8", "2.000766067039081E-8", "-6.883196827886613E-10"], ["-4.202953594953061E-14", "9.681971797290427E-14", "-4.117080793626849E-12", "6.913048806557354E-10", "-6.883196827886613E-10", "9.715420008652315E-11"]], "elements": [{"units": null, "title": "eccentricity", "value": ".555494645125136", "name": "e", "sigma": 5.01164040187361e-08, "label": "e"}, {"label": "q", "name": "q", "sigma": 1.07868418166496e-07, "value": ".9617522269971248", "title": "perihelion distance", "units": "au"}, {"label": "tp", "value": "2456998.140288304733", "title": "time of perihelion passage", "units": "TDB", "name": "tp", "sigma": 2.35185242270074e-05}, {"label": "node", "sigma": 0.000141011430315428, "name": "om", "value": "345.0240150678905", "title": "longitude of the ascending node", "units": "deg"}, {"name": "w", "sigma": 0.000141448438204141, "title": "argument of perihelion", "value": "137.2320205664292", "units": "deg", "label": "peri"}, {"label": "i", "name": "i", "sigma": 9.85668301643728e-06, "value": "4.306843236683844", "title": "inclination", "units": "deg"}]}, "elements": [{"units": null, "title": "eccentricity", "value": ".5567419788662862", "sigma": "4.9772E-8", "name": "e", "label": "e"}, {"label": "a", "title": "semi-major axis", "value": "2.163458798260752", "units": "au", "name": "a", "sigma": "5.1045E-9"}, {"sigma": "1.0701E-7", "name": "q", "units": "au", "value": ".9589704657213838", "title": "perihelion distance", "label": "q"}, {"units": "deg", "title": "inclination; angle with respect to x-y ecliptic plane", "value": "4.313270789855503", "sigma": "9.8628E-6", "name": "i", "label": "i"}, {"label": "node", "sigma": ".00014074", "name": "om", "title": "longitude of the ascending node", "value": "344.8081923631207", "units": "deg"}, {"label": "peri", "value": "137.422943864883", "title": "argument of perihelion", "units": "deg", "name": "w", "sigma": ".00014116"}, {"units": "deg", "value": "221.4938559219449", "title": "mean anomaly", "name": "ma", "sigma": "1.0561E-5", "label": "M"}, {"value": "2461647.685700870312", "title": "time of perihelion passage", "units": "TDB", "sigma": "3.5497E-5", "name": "tp", "label": "tp"}, {"sigma": "4.1135E-6", "name": "per", "value": "1162.308382670649", "title": "sidereal orbital period", "units": "d", "label": "period"}, {"label": "n", "sigma": "1.0962E-9", "name": "n", "value": ".3097284725528898", "title": "mean motion", "units": "deg/d"}, {"label": "Q", "sigma": "7.9463E-9", "name": "ad", "title": "aphelion distance", "value": "3.367947130800121", "units": "au"}], "epoch": "2461200.5"}