{"spkid": "20505657", "covariance": {"epoch": "2459099.5", "data": [["1.655385019759274E-16", "-2.245293273983023E-16", "-2.094503503453597E-14", "-8.49907114329301E-15", "-2.054996888339945E-14", "1.658307602220035E-15"], ["-2.245293273983023E-16", "3.072502138327559E-16", "3.643959493903047E-14", "1.076175380429638E-14", "3.164474050146512E-14", "-4.446108774935803E-15"], ["-2.094503503453597E-14", "3.643959493903047E-14", "4.257009730961091E-11", "-6.965973552891984E-12", "3.303384630172306E-11", "-1.118969637033746E-11"], ["-8.49907114329301E-15", "1.076175380429638E-14", "-6.965973552891984E-12", "3.020533969741367E-12", "-7.173771245848757E-12", "5.766945379493169E-13"], ["-2.054996888339945E-14", "3.164474050146512E-14", "3.303384630172306E-11", "-7.173771245848757E-12", "3.104763862203682E-11", "-7.170790398041712E-12"], ["1.658307602220035E-15", "-4.446108774935803E-15", "-1.118969637033746E-11", "5.766945379493169E-13", "-7.170790398041712E-12", "1.411449127492585E-11"]], "elements": [{"title": "eccentricity", "value": ".3039021430994453", "units": null, "sigma": 1.28661766650364e-08, "name": "e", "label": "e"}, {"units": "au", "value": ".9047250469494731", "title": "perihelion distance", "name": "q", "sigma": 1.7528554242514e-08, "label": "q"}, {"name": "tp", "sigma": 6.524576408443e-06, "units": "TDB", "title": "time of perihelion passage", "value": "2459191.980827632891", "label": "tp"}, {"units": "deg", "value": "138.7583801630847", "title": "longitude of the ascending node", "name": "om", "sigma": 1.7379683454371e-06, "label": "node"}, {"label": "peri", "title": "argument of perihelion", "value": "299.6540361559328", "units": "deg", "name": "w", "sigma": 5.5720407950801e-06}, {"value": "29.79559617255104", "title": "inclination", "units": "deg", "name": "i", "sigma": 3.7569257744765e-06, "label": "i"}], "labels": ["e", "q", "tp", "node", "peri", "i"]}, "elements": [{"label": "e", "name": "e", "sigma": "1.2892E-8", "units": null, "value": ".3037727638748616", "title": "eccentricity"}, {"label": "a", "sigma": "2.5237E-9", "name": "a", "value": "1.299452903309252", "title": "semi-major axis", "units": "au"}, {"label": "q", "units": "au", "title": "perihelion distance", "value": ".9047145033457874", "sigma": "1.7542E-8", "name": "q"}, {"label": "i", "title": "inclination; angle with respect to x-y ecliptic plane", "value": "29.79621549300956", "units": "deg", "sigma": "3.757E-6", "name": "i"}, {"label": "node", "name": "om", "sigma": "1.7384E-6", "value": "138.7349255831279", "title": "longitude of the ascending node", "units": "deg"}, {"label": "peri", "units": "deg", "value": "299.6538900277168", "title": "argument of perihelion", "name": "w", "sigma": "5.5679E-6"}, {"label": "M", "value": "256.3861263054638", "title": "mean anomaly", "units": "deg", "sigma": "7.7709E-6", "name": "ma"}, {"label": "tp", "value": "2461356.223677853982", "title": "time of perihelion passage", "units": "TDB", "sigma": "1.2105E-5", "name": "tp"}, {"title": "sidereal orbital period", "value": "541.052293756582", "units": "d", "name": "per", "sigma": "1.5762E-6", "label": "period"}, {"name": "n", "sigma": "1.9383E-9", "value": ".6653700652491145", "title": "mean motion", "units": "deg/d", "label": "n"}, {"name": "ad", "sigma": "3.2903E-9", "value": "1.694191303272717", "title": "aphelion distance", "units": "au", "label": "Q"}], "epoch": "2461200.5"}