{"spkid": "20509935", "covariance": {"epoch": "2459257.5", "labels": ["e", "q", "tp", "node", "peri", "i"], "data": [["3.581107080998949E-16", "-6.814613149502632E-16", "-2.662158202193393E-14", "-1.455747886016114E-13", "1.05546058458173E-13", "-9.075370963086307E-15"], ["-6.814613149502632E-16", "1.297399065588996E-15", "5.016858564175309E-14", "2.68244115501485E-13", "-1.933476233183532E-13", "1.707852836391653E-14"], ["-2.662158202193393E-14", "5.016858564175309E-14", "6.145888824313393E-11", "7.404673558021726E-11", "-2.819909995485375E-11", "2.984714250342921E-12"], ["-1.455747886016114E-13", "2.68244115501485E-13", "7.404673558021726E-11", "4.898686809654924E-9", "-4.813093966331909E-9", "2.168085173553428E-10"], ["1.05546058458173E-13", "-1.933476233183532E-13", "-2.819909995485375E-11", "-4.813093966331909E-9", "4.772483640069831E-9", "-2.130051735719101E-10"], ["-9.075370963086307E-15", "1.707852836391653E-14", "2.984714250342921E-12", "2.168085173553428E-10", "-2.130051735719101E-10", "1.832200993863687E-11"]], "elements": [{"units": null, "value": ".5406033649982205", "title": "eccentricity", "name": "e", "sigma": 1.892381325473e-08, "label": "e"}, {"sigma": 3.60194262251496e-08, "name": "q", "units": "au", "value": ".8871062278071074", "title": "perihelion distance", "label": "q"}, {"label": "tp", "sigma": 7.83957194259571e-06, "name": "tp", "title": "time of perihelion passage", "value": "2459068.729403867929", "units": "TDB"}, {"label": "node", "sigma": 6.99906194404288e-05, "name": "om", "value": "84.48534048828651", "title": "longitude of the ascending node", "units": "deg"}, {"sigma": 6.90831646645536e-05, "name": "w", "units": "deg", "title": "argument of perihelion", "value": "339.652479741059", "label": "peri"}, {"label": "i", "title": "inclination", "value": "4.240127704973991", "units": "deg", "name": "i", "sigma": 4.28042170102863e-06}]}, "elements": [{"name": "e", "sigma": "1.8924E-8", "units": null, "value": ".5409693692433211", "title": "eccentricity", "label": "e"}, {"title": "semi-major axis", "value": "1.931327860507419", "units": "au", "name": "a", "sigma": "1.8804E-9", "label": "a"}, {"label": "q", "name": "q", "sigma": "3.6045E-8", "units": "au", "title": "perihelion distance", "value": ".8865386460066679"}, {"units": "deg", "value": "4.240496987685409", "title": "inclination; angle with respect to x-y ecliptic plane", "name": "i", "sigma": "4.2823E-6", "label": "i"}, {"title": "longitude of the ascending node", "value": "84.46244287797646", "units": "deg", "name": "om", "sigma": "6.9976E-5", "label": "node"}, {"sigma": "6.9069E-5", "name": "w", "units": "deg", "title": "argument of perihelion", "value": "339.6823009476581", "label": "peri"}, {"label": "M", "name": "ma", "sigma": "2.9392E-6", "units": "deg", "value": "63.01355088153812", "title": "mean anomaly"}, {"sigma": "7.9585E-6", "name": "tp", "title": "time of perihelion passage", "value": "2461028.901341800962", "units": "TDB", "label": "tp"}, {"label": "period", "value": "980.3528937416688", "title": "sidereal orbital period", "units": "d", "sigma": "1.4318E-6", "name": "per"}, {"label": "n", "sigma": "5.363E-10", "name": "n", "units": "deg/d", "title": "mean motion", "value": ".3672147063553862"}, {"label": "Q", "name": "ad", "sigma": "2.8976E-9", "units": "au", "title": "aphelion distance", "value": "2.97611707500817"}], "epoch": "2461200.5"}