{"spkid": "20513489", "covariance": {"elements": [{"label": "e", "units": null, "title": "eccentricity", "value": ".5237163997157497", "sigma": 1.60207881447622e-07, "name": "e"}, {"units": "au", "value": ".8231234436348217", "title": "perihelion distance", "name": "q", "sigma": 2.7418972254316e-07, "label": "q"}, {"sigma": 3.62572710250434e-05, "name": "tp", "units": "TDB", "title": "time of perihelion passage", "value": "2458051.744857955930", "label": "tp"}, {"title": "longitude of the ascending node", "value": "138.6414533721849", "units": "deg", "name": "om", "sigma": 1.94692620554887e-05, "label": "node"}, {"title": "argument of perihelion", "value": "250.1767499731783", "units": "deg", "name": "w", "sigma": 3.30048900766143e-05, "label": "peri"}, {"name": "i", "sigma": 2.66679935307075e-05, "value": "17.0035852180542", "title": "inclination", "units": "deg", "label": "i"}], "data": [["2.566656527793529E-14", "-4.392005211567259E-14", "1.9216638470723E-13", "-6.237341535104455E-13", "-3.080153647390588E-12", "4.481688012460144E-13"], ["-4.392005211567259E-14", "7.518000394829519E-14", "-1.964472205190556E-13", "1.067240131709944E-12", "5.336188473087115E-12", "-8.396858317578783E-13"], ["1.9216638470723E-13", "-1.964472205190556E-13", "1.31458970218345E-9", "-4.283823446088105E-11", "6.761027802302813E-10", "-6.889717724643386E-10"], ["-6.237341535104455E-13", "1.067240131709944E-12", "-4.283823446088105E-11", "3.790521649852927E-10", "-2.902447550924362E-10", "-2.025938735958515E-10"], ["-3.080153647390588E-12", "5.336188473087115E-12", "6.761027802302813E-10", "-2.902447550924362E-10", "1.08932276896939E-9", "-2.074240523809288E-10"], ["4.481688012460144E-13", "-8.396858317578783E-13", "-6.889717724643386E-10", "-2.025938735958515E-10", "-2.074240523809288E-10", "7.111818789538592E-10"]], "labels": ["e", "q", "tp", "node", "peri", "i"], "epoch": "2457771.5"}, "elements": [{"label": "e", "units": null, "value": ".523271639234821", "title": "eccentricity", "sigma": "1.6034E-7", "name": "e"}, {"label": "a", "units": "au", "value": "1.728553443050878", "title": "semi-major axis", "name": "a", "sigma": "1.1276E-8"}, {"label": "q", "units": "au", "value": ".8240504494006513", "title": "perihelion distance", "sigma": "2.7491E-7", "name": "q"}, {"units": "deg", "value": "17.00162938276837", "title": "inclination; angle with respect to x-y ecliptic plane", "sigma": "2.6663E-5", "name": "i", "label": "i"}, {"label": "node", "units": "deg", "title": "longitude of the ascending node", "value": "138.5388203871957", "name": "om", "sigma": "1.945E-5"}, {"sigma": "3.3074E-5", "name": "w", "value": "250.2738891971216", "title": "argument of perihelion", "units": "deg", "label": "peri"}, {"sigma": "2.6806E-5", "name": "ma", "value": "285.7250530862041", "title": "mean anomaly", "units": "deg", "label": "M"}, {"label": "tp", "units": "TDB", "title": "time of perihelion passage", "value": "2461371.762584433643", "name": "tp", "sigma": "6.3317E-5"}, {"value": "830.0851492720428", "title": "sidereal orbital period", "units": "d", "name": "per", "sigma": "8.1224E-6", "label": "period"}, {"label": "n", "name": "n", "sigma": "4.2436E-9", "units": "deg/d", "value": ".4336904476796243", "title": "mean motion"}, {"label": "Q", "value": "2.633056436701105", "title": "aphelion distance", "units": "au", "sigma": "1.7176E-8", "name": "ad"}], "epoch": "2461200.5"}