{"spkid": "20513312", "covariance": {"epoch": "2458256.5", "elements": [{"units": null, "value": ".5276495517134848", "title": "eccentricity", "name": "e", "sigma": 2.17975727465015e-08, "label": "e"}, {"sigma": 2.57985387029845e-08, "name": "q", "value": ".5579884072672109", "title": "perihelion distance", "units": "au", "label": "q"}, {"label": "tp", "value": "2458448.612105210917", "title": "time of perihelion passage", "units": "TDB", "name": "tp", "sigma": 7.35911478276033e-06}, {"units": "deg", "title": "longitude of the ascending node", "value": "1.752343012839343", "name": "om", "sigma": 4.49697740004598e-05, "label": "node"}, {"units": "deg", "value": "274.4266230050995", "title": "argument of perihelion", "sigma": 4.37363687681507e-05, "name": "w", "label": "peri"}, {"sigma": 3.3500256581792e-06, "name": "i", "title": "inclination", "value": "2.264551835959362", "units": "deg", "label": "i"}], "data": [["4.751341776390271E-16", "-5.621863077948483E-16", "-9.630287636022868E-14", "-2.482236374290225E-13", "1.599738028258039E-13", "4.298926351702648E-16", "-2.198618120348163E-24"], ["-5.621863077948483E-16", "6.655645992093872E-16", "1.132639261311844E-13", "2.920881498951227E-13", "-1.882515204308288E-13", "-4.379679254249037E-16", "5.112600522750444E-24"], ["-9.630287636022868E-14", "1.132639261311844E-13", "5.415657038584165E-11", "8.595330290285571E-11", "-4.633593256563514E-11", "-1.380980171927084E-12", "-1.289546135874803E-20"], ["-2.482236374290225E-13", "2.920881498951227E-13", "8.595330290285571E-11", "2.022280573652429E-9", "-1.950110941811516E-9", "3.983970146606846E-11", "-2.431275689015145E-20"], ["1.599738028258039E-13", "-1.882515204308288E-13", "-4.633593256563514E-11", "-1.950110941811516E-9", "1.91286995302367E-9", "-4.031957844169919E-11", "1.740199317960138E-20"], ["4.298926351702648E-16", "-4.379679254249037E-16", "-1.380980171927084E-12", "3.983970146606846E-11", "-4.031957844169919E-11", "1.122267191045901E-11", "-2.128141254219485E-22"], ["-2.198618120348163E-24", "5.112600522750444E-24", "-1.289546135874803E-20", "-2.431275689015145E-20", "1.740199317960138E-20", "-2.128141254219485E-22", "2.952422142955408E-29"]], "labels": ["e", "q", "tp", "node", "peri", "i", "A2"]}, "elements": [{"label": "e", "name": "e", "sigma": "2.1779E-8", "value": ".527683752778621", "title": "eccentricity", "units": null}, {"name": "a", "sigma": "3.1204E-9", "title": "semi-major axis", "value": "1.181103895243509", "units": "au", "label": "a"}, {"label": "q", "sigma": "2.5828E-8", "name": "q", "units": "au", "title": "perihelion distance", "value": ".5578545593799671"}, {"label": "i", "units": "deg", "value": "2.264045813783411", "title": "inclination; angle with respect to x-y ecliptic plane", "name": "i", "sigma": "3.3501E-6"}, {"label": "node", "value": "1.658087063918582", "title": "longitude of the ascending node", "units": "deg", "sigma": "4.4984E-5", "name": "om"}, {"name": "w", "sigma": "4.3751E-5", "value": "274.5711683641632", "title": "argument of perihelion", "units": "deg", "label": "peri"}, {"label": "M", "name": "ma", "sigma": "7.4672E-6", "title": "mean anomaly", "value": "312.3929321395874", "units": "deg"}, {"label": "tp", "sigma": "9.8805E-6", "name": "tp", "title": "time of perihelion passage", "value": "2461262.501116855705", "units": "TDB"}, {"label": "period", "units": "d", "value": "468.8463934283664", "title": "sidereal orbital period", "sigma": "1.858E-6", "name": "per"}, {"sigma": "3.0429E-9", "name": "n", "units": "deg/d", "title": "mean motion", "value": ".7678421014771084", "label": "n"}, {"label": "Q", "name": "ad", "sigma": "4.7671E-9", "units": "au", "title": "aphelion distance", "value": "1.804353231107051"}], "epoch": "2461200.5"}