{"spkid": "20518810", "covariance": {"labels": ["e", "q", "tp", "node", "peri", "i"], "data": [["1.030649926361691E-15", "-1.270348544142556E-15", "-1.356749328235214E-13", "-2.858042794579946E-13", "2.884383527515902E-13", "4.547670304433693E-14"], ["-1.270348544142556E-15", "1.570642627429028E-15", "1.849786203625626E-13", "3.36399074639431E-13", "-3.271807569548388E-13", "-5.200504351165665E-14"], ["-1.356749328235214E-13", "1.849786203625626E-13", "1.501598585553071E-10", "-6.398257625043415E-11", "1.745797046674974E-10", "2.046148362980663E-12"], ["-2.858042794579946E-13", "3.36399074639431E-13", "-6.398257625043415E-11", "2.38858016762383E-10", "-3.289501633064745E-10", "-5.288177117854742E-11"], ["2.884383527515902E-13", "-3.271807569548388E-13", "1.745797046674974E-10", "-3.289501633064745E-10", "5.191034077764778E-10", "6.060407790799852E-11"], ["4.547670304433693E-14", "-5.200504351165665E-14", "2.046148362980663E-12", "-5.288177117854742E-11", "6.060407790799852E-11", "4.371687564566507E-11"]], "elements": [{"sigma": 3.21037369532223e-08, "name": "e", "value": ".2698806981300717", "title": "eccentricity", "units": null, "label": "e"}, {"name": "q", "sigma": 3.96313339092823e-08, "title": "perihelion distance", "value": ".8710877654498358", "units": "au", "label": "q"}, {"label": "tp", "sigma": 1.22539731742528e-05, "name": "tp", "units": "TDB", "value": "2457079.914563081924", "title": "time of perihelion passage"}, {"units": "deg", "value": "154.7580777733824", "title": "longitude of the ascending node", "name": "om", "sigma": 1.5455032085453e-05, "label": "node"}, {"units": "deg", "value": "265.2321732088594", "title": "argument of perihelion", "name": "w", "sigma": 2.27838409355507e-05, "label": "peri"}, {"value": "7.176703740058318", "title": "inclination", "units": "deg", "sigma": 6.61187383770025e-06, "name": "i", "label": "i"}], "epoch": "2457013.5"}, "elements": [{"label": "e", "name": "e", "sigma": "3.2171E-8", "units": null, "value": ".2698554783472137", "title": "eccentricity"}, {"title": "semi-major axis", "value": "1.193113291166813", "units": "au", "name": "a", "sigma": "3.1259E-9", "label": "a"}, {"label": "q", "sigma": "3.9552E-8", "name": "q", "title": "perihelion distance", "value": ".8711451332565742", "units": "au"}, {"units": "deg", "value": "7.177807133911838", "title": "inclination; angle with respect to x-y ecliptic plane", "sigma": "6.612E-6", "name": "i", "label": "i"}, {"label": "node", "sigma": "1.5456E-5", "name": "om", "title": "longitude of the ascending node", "value": "154.7011171673814", "units": "deg"}, {"label": "peri", "title": "argument of perihelion", "value": "265.3240231177965", "units": "deg", "name": "w", "sigma": "2.2789E-5"}, {"label": "M", "sigma": "2.1051E-5", "name": "ma", "units": "deg", "title": "mean anomaly", "value": "236.6343767377213"}, {"label": "tp", "name": "tp", "sigma": "2.8447E-5", "title": "time of perihelion passage", "value": "2461363.622026788851", "units": "TDB"}, {"sigma": "1.8707E-6", "name": "per", "units": "d", "value": "476.0153443973429", "title": "sidereal orbital period", "label": "period"}, {"label": "n", "sigma": "2.9722E-9", "name": "n", "units": "deg/d", "value": ".7562781415287704", "title": "mean motion"}, {"label": "Q", "sigma": "3.9695E-9", "name": "ad", "title": "aphelion distance", "value": "1.515081449077052", "units": "au"}], "epoch": "2461200.5"}