{"spkid": "20510529", "covariance": {"epoch": "2458485.5", "labels": ["e", "q", "tp", "node", "peri", "i", "A2"], "data": [["2.195341620003464E-14", "-2.624137466504942E-14", "-1.854581353817318E-12", "-1.751893958112679E-13", "-1.450167787864288E-12", "3.702346612024694E-13", "-1.857266700218744E-21"], ["-2.624137466504942E-14", "3.137452824594863E-14", "2.302887503054447E-12", "2.159736148494152E-13", "1.785164516878414E-12", "-4.412352522063152E-13", "2.251662677255264E-21"], ["-1.854581353817318E-12", "2.302887503054447E-12", "2.517953565395184E-9", "1.373538175817956E-10", "1.533808997697142E-9", "-1.337953464027296E-11", "5.648056594278637E-19"], ["-1.751893958112679E-13", "2.159736148494152E-13", "1.373538175817956E-10", "6.043478714959558E-10", "-5.052104358098911E-10", "3.21857815141761E-11", "1.649608924740871E-20"], ["-1.450167787864288E-12", "1.785164516878414E-12", "1.533808997697142E-9", "-5.052104358098911E-10", "1.531146252405374E-9", "-4.702464312953205E-11", "4.044900184768269E-19"], ["3.702346612024694E-13", "-4.412352522063152E-13", "-1.337953464027296E-11", "3.21857815141761E-11", "-4.702464312953205E-11", "1.797358593247479E-11", "-2.576879246838841E-20"], ["-1.857266700218744E-21", "2.251662677255264E-21", "5.648056594278637E-19", "1.649608924740871E-20", "4.044900184768269E-19", "-2.576879246838841E-20", "3.856625695821193E-28"]], "elements": [{"name": "e", "sigma": 1.48166852568429e-07, "title": "eccentricity", "value": ".1507535514516808", "units": null, "label": "e"}, {"units": "au", "value": ".9751501130437411", "title": "perihelion distance", "sigma": 1.77128564172887e-07, "name": "q", "label": "q"}, {"label": "tp", "value": "2458571.625976885767", "title": "time of perihelion passage", "units": "TDB", "name": "tp", "sigma": 5.01792144756689e-05}, {"sigma": 2.45834877813535e-05, "name": "om", "units": "deg", "value": "167.6074126261045", "title": "longitude of the ascending node", "label": "node"}, {"units": "deg", "value": "238.8995515195247", "title": "argument of perihelion", "name": "w", "sigma": 3.91298639456538e-05, "label": "peri"}, {"value": "9.020366297118077", "title": "inclination", "units": "deg", "sigma": 4.23952661655459e-06, "name": "i", "label": "i"}]}, "elements": [{"label": "e", "units": null, "value": ".1507539809091398", "title": "eccentricity", "sigma": "1.4809E-7", "name": "e"}, {"label": "a", "title": "semi-major axis", "value": "1.14841441148471", "units": "au", "name": "a", "sigma": "1.3823E-8"}, {"label": "q", "units": "au", "value": ".9752863672199628", "title": "perihelion distance", "name": "q", "sigma": "1.8019E-7"}, {"name": "i", "sigma": "4.2392E-6", "value": "9.020852860490134", "title": "inclination; angle with respect to x-y ecliptic plane", "units": "deg", "label": "i"}, {"label": "node", "units": "deg", "value": "167.5749158746222", "title": "longitude of the ascending node", "name": "om", "sigma": "2.4582E-5"}, {"label": "peri", "units": "deg", "value": "238.8889340280286", "title": "argument of perihelion", "name": "w", "sigma": "3.908E-5"}, {"title": "mean anomaly", "value": "305.5769748689822", "units": "deg", "name": "ma", "sigma": "6.2065E-5", "label": "M"}, {"label": "tp", "units": "TDB", "value": "2461268.455804057983", "title": "time of perihelion passage", "sigma": "7.853E-5", "name": "tp"}, {"units": "d", "title": "sidereal orbital period", "value": "449.5172659362307", "sigma": "8.1159E-6", "name": "per", "label": "period"}, {"value": ".8008591155007386", "title": "mean motion", "units": "deg/d", "name": "n", "sigma": "1.4459E-8", "label": "n"}, {"sigma": "1.5907E-8", "name": "ad", "value": "1.321542455749457", "title": "aphelion distance", "units": "au", "label": "Q"}], "epoch": "2461200.5"}