{"spkid": "20524522", "covariance": {"epoch": "2457177.5", "elements": [{"title": "eccentricity", "value": ".4102768008192162", "units": null, "name": "e", "sigma": 1.36499275482977e-08, "label": "e"}, {"label": "q", "title": "perihelion distance", "value": ".4267594349162399", "units": "au", "sigma": 9.91915772278547e-09, "name": "q"}, {"sigma": 1.12658238172278e-05, "name": "tp", "title": "time of perihelion passage", "value": "2457198.032197902896", "units": "TDB", "label": "tp"}, {"label": "node", "units": "deg", "title": "longitude of the ascending node", "value": "231.572027769969", "sigma": 5.30489426746821e-06, "name": "om"}, {"label": "peri", "sigma": 9.33220865324928e-06, "name": "w", "units": "deg", "title": "argument of perihelion", "value": "355.4475791338492"}, {"units": "deg", "value": "9.006188408854364", "title": "inclination", "sigma": 4.24247736472976e-06, "name": "i", "label": "i"}], "data": [["1.863205220737753E-16", "-1.353808867572067E-16", "1.131240606908414E-13", "1.560206764596637E-15", "8.383584618517658E-14", "-4.455688298139477E-15", "5.079652597144313E-24"], ["-1.353808867572067E-16", "9.838968992949461E-17", "-8.205816574469202E-14", "-1.391410721337631E-15", "-6.048076130432345E-14", "3.475412968839711E-15", "-3.562834750878752E-24"], ["1.131240606908414E-13", "-8.205816574469202E-14", "1.269187862808168E-10", "6.575978194772009E-12", "8.785347430196451E-11", "6.512520160169326E-12", "4.908999173778369E-21"], ["1.560206764596637E-15", "-1.391410721337631E-15", "6.575978194772009E-12", "2.814190318901712E-11", "-2.224556888395309E-11", "-2.041135936137376E-11", "1.17888763154268E-22"], ["8.383584618517658E-14", "-6.048076130432345E-14", "8.785347430196451E-11", "-2.224556888395309E-11", "8.709011834778078E-11", "2.433030895325453E-11", "4.170087889152064E-21"], ["-4.455688298139477E-15", "3.475412968839711E-15", "6.512520160169326E-12", "-2.041135936137376E-11", "2.433030895325453E-11", "1.799861419024439E-11", "2.936507996532542E-22"], ["5.079652597144313E-24", "-3.562834750878752E-24", "4.908999173778369E-21", "1.17888763154268E-22", "4.170087889152064E-21", "2.936507996532542E-22", "1.258846009676443E-30"]], "labels": ["e", "q", "tp", "node", "peri", "i", "A2"]}, "elements": [{"label": "e", "sigma": "1.3819E-8", "name": "e", "value": ".4101013527116298", "title": "eccentricity", "units": null}, {"label": "a", "units": "au", "title": "semi-major axis", "value": ".7235631887843501", "sigma": "8.6309E-10", "name": "a"}, {"title": "perihelion distance", "value": ".4268289462915477", "units": "au", "sigma": "1.0038E-8", "name": "q", "label": "q"}, {"label": "i", "units": "deg", "title": "inclination; angle with respect to x-y ecliptic plane", "value": "9.037338224915954", "name": "i", "sigma": "4.2405E-6"}, {"label": "node", "title": "longitude of the ascending node", "value": "231.4572412643378", "units": "deg", "name": "om", "sigma": "5.2542E-6"}, {"name": "w", "sigma": "9.3479E-6", "units": "deg", "title": "argument of perihelion", "value": "355.3998992972441", "label": "peri"}, {"sigma": "1.9479E-5", "name": "ma", "value": "288.8364641645503", "title": "mean anomaly", "units": "deg", "label": "M"}, {"label": "tp", "title": "time of perihelion passage", "value": "2461244.939395277356", "units": "TDB", "name": "tp", "sigma": "1.2198E-5"}, {"label": "period", "name": "per", "sigma": "4.0224E-7", "title": "sidereal orbital period", "value": "224.8087045146352", "units": "d"}, {"label": "n", "units": "deg/d", "title": "mean motion", "value": "1.601361480985554", "sigma": "2.8652E-9", "name": "n"}, {"units": "au", "title": "aphelion distance", "value": "1.020297431277152", "name": "ad", "sigma": "1.217E-9", "label": "Q"}], "epoch": "2461200.5"}