{"spkid": "20529951", "covariance": {"labels": ["e", "q", "tp", "node", "peri", "i"], "elements": [{"label": "e", "units": null, "value": ".2639845764329836", "title": "eccentricity", "sigma": 6.57013146934498e-08, "name": "e"}, {"label": "q", "units": "au", "title": "perihelion distance", "value": ".8078508908351697", "sigma": 7.52849025313472e-08, "name": "q"}, {"label": "tp", "name": "tp", "sigma": 2.02274194936218e-05, "title": "time of perihelion passage", "value": "2457507.877520145417", "units": "TDB"}, {"label": "node", "sigma": 4.0020071278293e-06, "name": "om", "units": "deg", "title": "longitude of the ascending node", "value": "23.76987608330248"}, {"name": "w", "sigma": 1.28573279121631e-05, "units": "deg", "value": "262.2675657856743", "title": "argument of perihelion", "label": "peri"}, {"units": "deg", "value": "26.28892824037442", "title": "inclination", "name": "i", "sigma": 9.61505295328542e-06, "label": "i"}], "data": [["4.316662752447725E-15", "-4.944688746166166E-15", "2.111784643664396E-13", "7.469177900940617E-14", "2.678115207032093E-13", "1.501000329364436E-13"], ["-4.944688746166166E-15", "5.667816549154452E-15", "-2.137440646747383E-13", "-8.333898515394204E-14", "-2.96044257108767E-13", "-1.641586211938088E-13"], ["2.111784643664396E-13", "-2.137440646747383E-13", "4.091484993709493E-10", "3.542698260215542E-11", "2.343140346461397E-10", "8.697777887501228E-11"], ["7.469177900940617E-14", "-8.333898515394204E-14", "3.542698260215542E-11", "1.601606105119655E-11", "1.120415193911793E-11", "6.375528348603693E-12"], ["2.678115207032093E-13", "-2.96044257108767E-13", "2.343140346461397E-10", "1.120415193911793E-11", "1.653108810408878E-10", "4.922128954475134E-11"], ["1.501000329364436E-13", "-1.641586211938088E-13", "8.697777887501228E-11", "6.375528348603693E-12", "4.922128954475134E-11", "9.244924329448276E-11"]], "epoch": "2457329.5"}, "elements": [{"label": "e", "units": null, "value": ".2640506800934889", "title": "eccentricity", "sigma": "6.5699E-8", "name": "e"}, {"value": "1.097744854526649", "title": "semi-major axis", "units": "au", "name": "a", "sigma": "4.6961E-9", "label": "a"}, {"label": "q", "sigma": "7.5184E-8", "name": "q", "value": ".8078845791197592", "title": "perihelion distance", "units": "au"}, {"name": "i", "sigma": "9.6156E-6", "units": "deg", "title": "inclination; angle with respect to x-y ecliptic plane", "value": "26.28626478264707", "label": "i"}, {"label": "node", "units": "deg", "title": "longitude of the ascending node", "value": "23.72414643798735", "sigma": "4.0045E-6", "name": "om"}, {"units": "deg", "title": "argument of perihelion", "value": "262.2619057235177", "sigma": "1.2889E-5", "name": "w", "label": "peri"}, {"label": "M", "name": "ma", "sigma": "3.0072E-5", "title": "mean anomaly", "value": "284.3651803752925", "units": "deg"}, {"label": "tp", "value": "2461288.761197756998", "title": "time of perihelion passage", "units": "TDB", "name": "tp", "sigma": "3.5556E-5"}, {"value": "420.0979304264758", "title": "sidereal orbital period", "units": "d", "name": "per", "sigma": "2.6957E-6", "label": "period"}, {"sigma": "5.499E-9", "name": "n", "title": "mean motion", "value": ".8569430457192077", "units": "deg/d", "label": "n"}, {"name": "ad", "sigma": "5.9361E-9", "value": "1.387605129933538", "title": "aphelion distance", "units": "au", "label": "Q"}], "epoch": "2461200.5"}