{"spkid": "20523804", "covariance": {"labels": ["e", "q", "tp", "node", "peri", "i"], "data": [["1.46710448610561E-16", "-2.158476425991671E-16", "7.057460450545708E-14", "1.506757786176277E-13", "-9.397185033718477E-14", "-1.824047788681894E-14"], ["-2.158476425991671E-16", "3.176044717123447E-16", "-1.032373748589945E-13", "-2.211106219858937E-13", "1.380158810852713E-13", "2.679497419312693E-14"], ["7.057460450545708E-14", "-1.032373748589945E-13", "5.618838173731701E-11", "3.193572404657346E-11", "1.321666004062475E-11", "-7.712892832626677E-12"], ["1.506757786176277E-13", "-2.211106219858937E-13", "3.193572404657346E-11", "4.278315748976917E-10", "-4.039652620473133E-10", "-2.618398087171624E-11"], ["-9.397185033718477E-14", "1.380158810852713E-13", "1.321666004062475E-11", "-4.039652620473133E-10", "4.184637453901788E-10", "1.981060218189623E-11"], ["-1.824047788681894E-14", "2.679497419312693E-14", "-7.712892832626677E-12", "-2.618398087171624E-11", "1.981060218189623E-11", "6.272630143536969E-12"]], "elements": [{"value": ".3712672304611686", "title": "eccentricity", "units": null, "name": "e", "sigma": 1.21124088690302e-08, "label": "e"}, {"units": "au", "value": ".9377649582655475", "title": "perihelion distance", "sigma": 1.78214609870332e-08, "name": "q", "label": "q"}, {"value": "2458611.042928023454", "title": "time of perihelion passage", "units": "TDB", "name": "tp", "sigma": 7.49589099022371e-06, "label": "tp"}, {"name": "om", "sigma": 2.06840898977376e-05, "title": "longitude of the ascending node", "value": "124.8491415852418", "units": "deg", "label": "node"}, {"label": "peri", "title": "argument of perihelion", "value": "27.94527923189375", "units": "deg", "sigma": 2.04563864206311e-05, "name": "w"}, {"name": "i", "sigma": 2.50452193912071e-06, "value": "6.299991633494808", "title": "inclination", "units": "deg", "label": "i"}], "epoch": "2458897.5"}, "elements": [{"label": "e", "sigma": "1.2139E-8", "name": "e", "value": ".3714905097700718", "title": "eccentricity", "units": null}, {"label": "a", "value": "1.492163482444628", "title": "semi-major axis", "units": "au", "name": "a", "sigma": "6.4903E-10"}, {"label": "q", "name": "q", "sigma": "1.7813E-8", "units": "au", "value": ".9378389096909878", "title": "perihelion distance"}, {"label": "i", "sigma": "2.5049E-6", "name": "i", "units": "deg", "title": "inclination; angle with respect to x-y ecliptic plane", "value": "6.295791773076886"}, {"label": "node", "name": "om", "sigma": "2.0667E-5", "value": "124.7413561474351", "title": "longitude of the ascending node", "units": "deg"}, {"units": "deg", "value": "28.10502378009552", "title": "argument of perihelion", "name": "w", "sigma": "2.044E-5", "label": "peri"}, {"label": "M", "name": "ma", "sigma": "4.7311E-6", "units": "deg", "title": "mean anomaly", "value": "320.3173494879406"}, {"label": "tp", "name": "tp", "sigma": "8.7869E-6", "value": "2461273.887350602422", "title": "time of perihelion passage", "units": "TDB"}, {"units": "d", "title": "sidereal orbital period", "value": "665.7681852386104", "sigma": "4.3437E-7", "name": "per", "label": "period"}, {"label": "n", "title": "mean motion", "value": ".5407287521120832", "units": "deg/d", "name": "n", "sigma": "3.5279E-10"}, {"name": "ad", "sigma": "8.9013E-10", "title": "aphelion distance", "value": "2.046488055198269", "units": "au", "label": "Q"}], "epoch": "2461200.5"}