{"spkid": "20523630", "covariance": {"labels": ["e", "q", "tp", "node", "peri", "i"], "data": [["1.823506394333488E-15", "-4.90620964826134E-15", "1.240254760043479E-14", "-5.572476105939919E-14", "4.43062641527162E-13", "1.106419695630584E-13"], ["-4.90620964826134E-15", "1.320158097829336E-14", "-3.0196237819046E-14", "1.535228530734781E-13", "-1.194497646228425E-12", "-3.120575758478728E-13"], ["1.240254760043479E-14", "-3.0196237819046E-14", "6.83119556577324E-11", "-6.661864300532592E-12", "2.868572842988677E-11", "-3.660603710143253E-11"], ["-5.572476105939919E-14", "1.535228530734781E-13", "-6.661864300532592E-12", "1.146842875911419E-10", "-7.367305115387353E-11", "-2.036243058702979E-10"], ["4.43062641527162E-13", "-1.194497646228425E-12", "2.868572842988677E-11", "-7.367305115387353E-11", "1.829970352184663E-10", "1.223507276283641E-10"], ["1.106419695630584E-13", "-3.120575758478728E-13", "-3.660603710143253E-11", "-2.036243058702979E-10", "1.223507276283641E-10", "1.425305051199224E-9"]], "elements": [{"sigma": 4.27025338163146e-08, "name": "e", "title": "eccentricity", "value": ".8590441857211395", "units": null, "label": "e"}, {"label": "q", "title": "perihelion distance", "value": ".3812551399404907", "units": "au", "sigma": 1.14898133049643e-07, "name": "q"}, {"name": "tp", "sigma": 8.26510469732431e-06, "units": "TDB", "title": "time of perihelion passage", "value": "2456731.657311250354", "label": "tp"}, {"label": "node", "units": "deg", "value": "309.4183808244533", "title": "longitude of the ascending node", "name": "om", "sigma": 1.07090750109961e-05}, {"sigma": 1.35276396765462e-05, "name": "w", "value": "114.1731492314885", "title": "argument of perihelion", "units": "deg", "label": "peri"}, {"name": "i", "sigma": 3.77532124619776e-05, "title": "inclination", "value": "48.38086368064387", "units": "deg", "label": "i"}], "epoch": "2456409.5"}, "elements": [{"label": "e", "title": "eccentricity", "value": ".8582964461845293", "units": null, "sigma": "4.2444E-8", "name": "e"}, {"name": "a", "sigma": "9.9968E-9", "value": "2.706081466440559", "title": "semi-major axis", "units": "au", "label": "a"}, {"label": "q", "name": "q", "sigma": "1.1412E-7", "units": "au", "value": ".3834613607088077", "title": "perihelion distance"}, {"units": "deg", "title": "inclination; angle with respect to x-y ecliptic plane", "value": "48.41218592405293", "name": "i", "sigma": "3.7726E-5", "label": "i"}, {"label": "node", "value": "309.2806871957031", "title": "longitude of the ascending node", "units": "deg", "sigma": "1.06E-5", "name": "om"}, {"label": "peri", "name": "w", "sigma": "1.3499E-5", "units": "deg", "title": "argument of perihelion", "value": "114.2369578824038"}, {"label": "M", "sigma": "6.0409E-6", "name": "ma", "units": "deg", "title": "mean anomaly", "value": "270.5377814872627"}, {"name": "tp", "sigma": "2.944E-5", "value": "2461604.560958901721", "title": "time of perihelion passage", "units": "TDB", "label": "tp"}, {"label": "period", "units": "d", "title": "sidereal orbital period", "value": "1625.959512550085", "sigma": "9.0099E-6", "name": "per"}, {"name": "n", "sigma": "1.2269E-9", "units": "deg/d", "title": "mean motion", "value": ".2214077270813413", "label": "n"}, {"sigma": "1.8577E-8", "name": "ad", "value": "5.02870157217231", "title": "aphelion distance", "units": "au", "label": "Q"}], "epoch": "2461200.5"}