{"spkid": "20523950", "covariance": {"elements": [{"label": "e", "units": null, "value": ".5067306232076324", "title": "eccentricity", "name": "e", "sigma": 3.89691900484177e-07}, {"units": "au", "value": ".4465585127736382", "title": "perihelion distance", "name": "q", "sigma": 3.51120879272628e-07, "label": "q"}, {"label": "tp", "units": "TDB", "title": "time of perihelion passage", "value": "2458238.804311014257", "sigma": 2.36385788510646e-05, "name": "tp"}, {"value": "166.7180602359333", "title": "longitude of the ascending node", "units": "deg", "sigma": 1.09878599206434e-05, "name": "om", "label": "node"}, {"label": "peri", "sigma": 1.72011251550625e-05, "name": "w", "units": "deg", "title": "argument of perihelion", "value": "47.72263892377892"}, {"label": "i", "units": "deg", "title": "inclination", "value": "23.64170735555796", "name": "i", "sigma": 2.65220166303252e-05}], "data": [["1.518597773029698E-13", "-1.36827593633485E-13", "5.924810973842053E-12", "1.47628656672931E-12", "-4.856151142738215E-12", "7.595037426793782E-12", "3.057187441322294E-21"], ["-1.36827593633485E-13", "1.232858718611834E-13", "-5.355345579048416E-12", "-1.331153050476507E-12", "4.374478753397691E-12", "-6.841940673321937E-12", "-2.743603701597052E-21"], ["5.924810973842053E-12", "-5.355345579048416E-12", "5.587824100979963E-10", "5.554792657613746E-11", "-8.486135276950163E-11", "2.228411362644033E-10", "2.432394405129743E-20"], ["1.47628656672931E-12", "-1.331153050476507E-12", "5.554792657613746E-11", "1.207330656356815E-10", "-1.425876124319126E-10", "1.90346345690752E-10", "2.613254547201702E-20"], ["-4.856151142738215E-12", "4.374478753397691E-12", "-8.486135276950163E-11", "-1.425876124319126E-10", "2.958787066001251E-10", "-3.743709177721298E-10", "-1.076765659060059E-19"], ["7.595037426793782E-12", "-6.841940673321937E-12", "2.228411362644033E-10", "1.90346345690752E-10", "-3.743709177721298E-10", "7.034173661392478E-10", "1.637414974589927E-19"], ["3.057187441322294E-21", "-2.743603701597052E-21", "2.432394405129743E-20", "2.613254547201702E-20", "-1.076765659060059E-19", "1.637414974589927E-19", "1.176427827519976E-28"]], "labels": ["e", "q", "tp", "node", "peri", "i", "A2"], "epoch": "2458180.5"}, "elements": [{"value": ".5067480156438522", "title": "eccentricity", "units": null, "name": "e", "sigma": "3.9038E-7", "label": "e"}, {"name": "a", "sigma": "1.0551E-8", "units": "au", "value": ".9050985695222967", "title": "semi-major axis", "label": "a"}, {"label": "q", "value": ".4464416654547836", "title": "perihelion distance", "units": "au", "sigma": "3.4933E-7", "name": "q"}, {"units": "deg", "value": "23.6417349957347", "title": "inclination; angle with respect to x-y ecliptic plane", "sigma": "2.65E-5", "name": "i", "label": "i"}, {"label": "node", "sigma": "1.1019E-5", "name": "om", "title": "longitude of the ascending node", "value": "166.6709442258216", "units": "deg"}, {"name": "w", "sigma": "1.7182E-5", "title": "argument of perihelion", "value": "47.73265690817077", "units": "deg", "label": "peri"}, {"value": "149.1648495426078", "title": "mean anomaly", "units": "deg", "name": "ma", "sigma": "5.3925E-5", "label": "M"}, {"label": "tp", "sigma": "4.5144E-5", "name": "tp", "units": "TDB", "title": "time of perihelion passage", "value": "2461070.181450256285"}, {"value": "314.5156385810361", "title": "sidereal orbital period", "units": "d", "sigma": "5.4995E-6", "name": "per", "label": "period"}, {"label": "n", "sigma": "2.0014E-8", "name": "n", "units": "deg/d", "title": "mean motion", "value": "1.144617169512367"}, {"label": "Q", "name": "ad", "sigma": "1.5897E-8", "title": "aphelion distance", "value": "1.36375547358981", "units": "au"}], "epoch": "2461200.5"}