{"spkid": "20525484", "covariance": {"epoch": "2457402.5", "elements": [{"label": "e", "sigma": 5.45086654831602e-08, "name": "e", "title": "eccentricity", "value": ".3062332206102486", "units": null}, {"name": "q", "sigma": 5.94573803715559e-08, "units": "au", "title": "perihelion distance", "value": ".7326949362827696", "label": "q"}, {"label": "tp", "units": "TDB", "value": "2457518.556418087663", "title": "time of perihelion passage", "name": "tp", "sigma": 2.12488687605261e-05}, {"label": "node", "units": "deg", "value": "43.66018587225883", "title": "longitude of the ascending node", "sigma": 1.8354560063407e-05, "name": "om"}, {"sigma": 1.21968030497784e-05, "name": "w", "units": "deg", "title": "argument of perihelion", "value": "265.3168466070759", "label": "peri"}, {"value": "15.89742780307544", "title": "inclination", "units": "deg", "name": "i", "sigma": 8.16286795257951e-06, "label": "i"}], "data": [["2.971194612755056E-15", "-3.238156842529663E-15", "8.094338146899406E-13", "5.869831725833637E-13", "-1.893062538470254E-13", "1.445495980734458E-13", "-9.398733450377038E-22"], ["-3.238156842529663E-15", "3.535180080647883E-15", "-8.78924114994956E-13", "-6.302246470909871E-13", "2.062995451789546E-13", "-1.551428707162511E-13", "1.079080254627019E-21"], ["8.094338146899406E-13", "-8.78924114994956E-13", "4.5151442360206E-10", "2.617548820725582E-10", "-1.415611323141213E-11", "3.064973629463575E-11", "-3.50255470928719E-19"], ["5.869831725833637E-13", "-6.302246470909871E-13", "2.617548820725582E-10", "3.368898751212164E-10", "-1.513015551689502E-10", "4.143578529469529E-11", "-1.21039521994644E-19"], ["-1.893062538470254E-13", "2.062995451789546E-13", "-1.415611323141213E-11", "-1.513015551689502E-10", "1.487620046350826E-10", "-2.40398389971586E-11", "5.059301848411498E-20"], ["1.445495980734458E-13", "-1.551428707162511E-13", "3.064973629463575E-11", "4.143578529469529E-11", "-2.40398389971586E-11", "6.663241321124961E-11", "-1.694771881401779E-20"], ["-9.398733450377038E-22", "1.079080254627019E-21", "-3.50255470928719E-19", "-1.21039521994644E-19", "5.059301848411498E-20", "-1.694771881401779E-20", "9.214776045181246E-28"]], "labels": ["e", "q", "tp", "node", "peri", "i", "A2"]}, "elements": [{"label": "e", "units": null, "value": ".3063539787888411", "title": "eccentricity", "name": "e", "sigma": "5.4079E-8"}, {"label": "a", "sigma": "1.8027E-8", "name": "a", "value": "1.056271813319577", "title": "semi-major axis", "units": "au"}, {"sigma": "6.4997E-8", "name": "q", "value": ".7326787406266209", "title": "perihelion distance", "units": "au", "label": "q"}, {"sigma": "8.1633E-6", "name": "i", "value": "15.89554724925524", "title": "inclination; angle with respect to x-y ecliptic plane", "units": "deg", "label": "i"}, {"units": "deg", "value": "43.59907748459547", "title": "longitude of the ascending node", "sigma": "1.836E-5", "name": "om", "label": "node"}, {"label": "peri", "sigma": "1.218E-5", "name": "w", "value": "265.356435496006", "title": "argument of perihelion", "units": "deg"}, {"label": "M", "title": "mean anomaly", "value": "103.4421339415163", "units": "deg", "sigma": "4.8007E-5", "name": "ma"}, {"label": "tp", "name": "tp", "sigma": "5.0214E-5", "units": "TDB", "title": "time of perihelion passage", "value": "2461086.565058567056"}, {"name": "per", "sigma": "1.0151E-5", "units": "d", "title": "sidereal orbital period", "value": "396.5171381619946", "label": "period"}, {"name": "n", "sigma": "2.3242E-8", "units": "deg/d", "value": ".907905271557075", "title": "mean motion", "label": "n"}, {"units": "au", "title": "aphelion distance", "value": "1.379864886012534", "name": "ad", "sigma": "2.3549E-8", "label": "Q"}], "epoch": "2461200.5"}