{"spkid": "20529753", "covariance": {"labels": ["e", "q", "tp", "node", "peri", "i"], "elements": [{"label": "e", "sigma": 1.39423768441584e-08, "name": "e", "units": null, "title": "eccentricity", "value": ".5899491323176582"}, {"units": "au", "value": "1.024303172345592", "title": "perihelion distance", "name": "q", "sigma": 3.51381295786414e-08, "label": "q"}, {"label": "tp", "sigma": 1.22936859080314e-05, "name": "tp", "value": "2456862.990453105958", "title": "time of perihelion passage", "units": "TDB"}, {"name": "om", "sigma": 2.06370019730759e-05, "units": "deg", "value": "287.0977837279372", "title": "longitude of the ascending node", "label": "node"}, {"units": "deg", "title": "argument of perihelion", "value": "27.73011006850266", "sigma": 2.18878929666685e-05, "name": "w", "label": "peri"}, {"name": "i", "sigma": 4.75692008176074e-06, "title": "inclination", "value": "9.120695804003441", "units": "deg", "label": "i"}], "data": [["1.943898720645232E-16", "-4.878289914389436E-16", "-3.693454088432194E-14", "3.189882908449057E-14", "-7.093891664922898E-14", "-1.981599477476731E-14"], ["-4.878289914389436E-16", "1.234688150285397E-15", "1.22550555447284E-13", "-7.575668313279506E-14", "1.85106396124113E-13", "4.741490905893357E-14"], ["-3.693454088432194E-14", "1.22550555447284E-13", "1.511347132053294E-10", "7.30419096675514E-12", "9.610085137948281E-11", "-7.283455826752862E-12"], ["3.189882908449057E-14", "-7.575668313279506E-14", "7.30419096675514E-12", "4.258858504367403E-10", "-4.053101901240438E-10", "-4.985686838768965E-12"], ["-7.093891664922898E-14", "1.85106396124113E-13", "9.610085137948281E-11", "-4.053101901240438E-10", "4.790798585203355E-10", "-1.292808475721591E-12"], ["-1.981599477476731E-14", "4.741490905893357E-14", "-7.283455826752862E-12", "-4.985686838768965E-12", "-1.292808475721591E-12", "2.262828866425864E-11"]], "epoch": "2456577.5"}, "elements": [{"name": "e", "sigma": "1.4177E-8", "units": null, "value": ".5882678850939214", "title": "eccentricity", "label": "e"}, {"label": "a", "name": "a", "sigma": "7.4587E-9", "value": "2.49892441972771", "title": "semi-major axis", "units": "au"}, {"name": "q", "sigma": "3.6126E-8", "title": "perihelion distance", "value": "1.028887436324935", "units": "au", "label": "q"}, {"units": "deg", "title": "inclination; angle with respect to x-y ecliptic plane", "value": "9.099334742876412", "name": "i", "sigma": "4.7502E-6", "label": "i"}, {"name": "om", "sigma": "2.0681E-5", "units": "deg", "value": "286.9315481763287", "title": "longitude of the ascending node", "label": "node"}, {"label": "peri", "sigma": "2.1975E-5", "name": "w", "title": "argument of perihelion", "value": "27.81807086864395", "units": "deg"}, {"value": "2.491952118091686", "title": "mean anomaly", "units": "deg", "name": "ma", "sigma": "7.6477E-6", "label": "M"}, {"units": "TDB", "value": "2461190.512304325225", "title": "time of perihelion passage", "sigma": "3.0608E-5", "name": "tp", "label": "tp"}, {"name": "per", "sigma": "6.46E-6", "units": "d", "value": "1442.873005791308", "title": "sidereal orbital period", "label": "period"}, {"units": "deg/d", "value": ".2495022074396401", "title": "mean motion", "sigma": "1.1171E-9", "name": "n", "label": "n"}, {"units": "au", "title": "aphelion distance", "value": "3.968961403130484", "name": "ad", "sigma": "1.1846E-8", "label": "Q"}], "epoch": "2461200.5"}