{"spkid": "20531899", "covariance": {"labels": ["e", "q", "tp", "node", "peri", "i"], "elements": [{"label": "e", "value": ".297446306968868", "title": "eccentricity", "units": null, "name": "e", "sigma": 1.79110486899205e-07}, {"label": "q", "value": ".6403011609394516", "title": "perihelion distance", "units": "au", "name": "q", "sigma": 1.62730504903794e-07}, {"units": "TDB", "value": "2458636.323306012151", "title": "time of perihelion passage", "name": "tp", "sigma": 2.63933730426946e-05, "label": "tp"}, {"name": "om", "sigma": 4.02232953571308e-06, "value": "309.275218041271", "title": "longitude of the ascending node", "units": "deg", "label": "node"}, {"title": "argument of perihelion", "value": "311.9624632928398", "units": "deg", "sigma": 1.3208753927188e-05, "name": "w", "label": "peri"}, {"value": "31.00540761162668", "title": "inclination", "units": "deg", "sigma": 2.15487228477591e-05, "name": "i", "label": "i"}], "data": [["3.208056651727021E-14", "-2.914570880237762E-14", "-3.876174374861765E-12", "1.027318218201825E-13", "-1.022009525701262E-12", "8.049553238059416E-13"], ["-2.914570880237762E-14", "2.648121722624379E-14", "3.533940414957387E-12", "-9.422105825944393E-14", "9.315075926965758E-13", "-7.221634115706323E-13"], ["-3.876174374861765E-12", "3.533940414957387E-12", "6.966101405708384E-10", "-2.829191423057799E-11", "2.778464206942816E-10", "6.553412991708949E-11"], ["1.027318218201825E-13", "-9.422105825944393E-14", "-2.829191423057799E-11", "1.617913489386982E-11", "-2.662556309293248E-11", "-1.746964693151582E-11"], ["-1.022009525701262E-12", "9.315075926965758E-13", "2.778464206942816E-10", "-2.662556309293248E-11", "1.744711803090033E-10", "9.19222158744855E-11"], ["8.049553238059416E-13", "-7.221634115706323E-13", "6.553412991708949E-11", "-1.746964693151582E-11", "9.19222158744855E-11", "4.643474563695329E-10"]], "epoch": "2458519.5"}, "elements": [{"value": ".2973536183670896", "title": "eccentricity", "units": null, "sigma": "1.7922E-7", "name": "e", "label": "e"}, {"sigma": "2.0417E-9", "name": "a", "units": "au", "value": ".911311004186091", "title": "semi-major axis", "label": "a"}, {"units": "au", "title": "perihelion distance", "value": ".640329379633611", "sigma": "1.6262E-7", "name": "q", "label": "q"}, {"label": "i", "units": "deg", "title": "inclination; angle with respect to x-y ecliptic plane", "value": "31.0085745066497", "name": "i", "sigma": "2.155E-5"}, {"label": "node", "title": "longitude of the ascending node", "value": "309.250990445549", "units": "deg", "sigma": "4.0188E-6", "name": "om"}, {"label": "peri", "sigma": "1.3173E-5", "name": "w", "value": "311.9719927970443", "title": "argument of perihelion", "units": "deg"}, {"label": "M", "units": "deg", "value": "25.00590370060074", "title": "mean anomaly", "sigma": "3.0977E-5", "name": "ma"}, {"sigma": "2.7327E-5", "name": "tp", "units": "TDB", "title": "time of perihelion passage", "value": "2461178.428166968422", "label": "tp"}, {"label": "period", "units": "d", "value": "317.7593574103578", "title": "sidereal orbital period", "name": "per", "sigma": "1.0679E-6"}, {"sigma": "3.8073E-9", "name": "n", "title": "mean motion", "value": "1.132932804666684", "units": "deg/d", "label": "n"}, {"units": "au", "title": "aphelion distance", "value": "1.182292628738571", "sigma": "2.6488E-9", "name": "ad", "label": "Q"}], "epoch": "2461200.5"}