{"spkid": "20535844", "covariance": {"labels": ["e", "q", "tp", "node", "peri", "i"], "data": [["5.904324221617649E-17", "-9.556248912865655E-17", "1.312846326190301E-14", "-3.615332639810927E-15", "2.111876251732388E-14", "2.30913458065172E-15"], ["-9.556248912865655E-17", "1.55085436586651E-16", "-2.197209357746826E-14", "5.099254779246918E-15", "-3.359539138483348E-14", "-3.58959300115418E-15"], ["1.312846326190301E-14", "-2.197209357746826E-14", "8.795372211349927E-12", "4.998416566839535E-12", "3.992602337246556E-12", "-9.12338434621336E-13"], ["-3.615332639810927E-15", "5.099254779246918E-15", "4.998416566839535E-12", "2.502498451875382E-11", "-2.111942990555244E-11", "4.089347201123557E-12"], ["2.111876251732388E-14", "-3.359539138483348E-14", "3.992602337246556E-12", "-2.111942990555244E-11", "2.755454814080074E-11", "-4.516861072749722E-12"], ["2.30913458065172E-15", "-3.58959300115418E-15", "-9.12338434621336E-13", "4.089347201123557E-12", "-4.516861072749722E-12", "2.775643123277903E-12"]], "elements": [{"label": "e", "sigma": 7.68396006081347e-09, "name": "e", "units": null, "title": "eccentricity", "value": ".4004932988006268"}, {"units": "au", "title": "perihelion distance", "value": ".9507788497683014", "sigma": 1.24533303411839e-08, "name": "q", "label": "q"}, {"units": "TDB", "title": "time of perihelion passage", "value": "2459307.957258674457", "sigma": 2.96569927864406e-06, "name": "tp", "label": "tp"}, {"label": "node", "sigma": 5.00249782796093e-06, "name": "om", "title": "longitude of the ascending node", "value": "328.6532823714869", "units": "deg"}, {"label": "peri", "name": "w", "sigma": 5.24924262544615e-06, "units": "deg", "value": "229.3121073391536", "title": "argument of perihelion"}, {"label": "i", "sigma": 1.66602614723716e-06, "name": "i", "units": "deg", "title": "inclination", "value": "4.833448515207247"}], "epoch": "2459599.5"}, "elements": [{"units": null, "value": ".4010999387192396", "title": "eccentricity", "name": "e", "sigma": "7.9021E-9", "label": "e"}, {"label": "a", "title": "semi-major axis", "value": "1.586828075402947", "units": "au", "name": "a", "sigma": "2.377E-9"}, {"sigma": "1.2284E-8", "name": "q", "value": ".950351431600856", "title": "perihelion distance", "units": "au", "label": "q"}, {"label": "i", "units": "deg", "value": "4.754986706538872", "title": "inclination; angle with respect to x-y ecliptic plane", "name": "i", "sigma": "1.6785E-6"}, {"label": "node", "name": "om", "sigma": "5.124E-6", "units": "deg", "title": "longitude of the ascending node", "value": "328.2054135440094"}, {"label": "peri", "sigma": "5.3529E-6", "name": "w", "value": "229.737730450475", "title": "argument of perihelion", "units": "deg"}, {"sigma": "1.4641E-6", "name": "ma", "units": "deg", "value": "213.5205829256518", "title": "mean anomaly", "label": "M"}, {"label": "tp", "units": "TDB", "title": "time of perihelion passage", "value": "2461497.575846104024", "sigma": "3.3647E-6", "name": "tp"}, {"label": "period", "sigma": "1.6405E-6", "name": "per", "units": "d", "value": "730.1183110468382", "title": "sidereal orbital period"}, {"label": "n", "units": "deg/d", "title": "mean motion", "value": ".4930707729872363", "name": "n", "sigma": "1.1079E-9"}, {"title": "aphelion distance", "value": "2.223304719205037", "units": "au", "sigma": "3.3304E-9", "name": "ad", "label": "Q"}], "epoch": "2461200.5"}