{"spkid": "20530974", "covariance": {"epoch": "2458116.5", "labels": ["e", "q", "tp", "node", "peri", "i"], "data": [["4.864442132255169E-16", "-7.020526720665571E-16", "-1.326820352040406E-14", "-2.164199786286894E-14", "4.650868232673611E-14", "1.549553292707004E-14"], ["-7.020526720665571E-16", "1.014168962231948E-15", "2.261430866395438E-14", "3.054699590249851E-14", "-6.407568344095742E-14", "-2.313378424858559E-14"], ["-1.326820352040406E-14", "2.261430866395438E-14", "7.225682360228264E-11", "8.087380862872909E-12", "4.368874913533129E-11", "-5.513354702625388E-12"], ["-2.164199786286894E-14", "3.054699590249851E-14", "8.087380862872909E-12", "8.34019486467016E-10", "-8.260990925083536E-10", "-7.316823780320158E-11"], ["4.650868232673611E-14", "-6.407568344095742E-14", "4.368874913533129E-11", "-8.260990925083536E-10", "8.631012433150639E-10", "7.106538807320786E-11"], ["1.549553292707004E-14", "-2.313378424858559E-14", "-5.513354702625388E-12", "-7.316823780320158E-11", "7.106538807320786E-11", "3.171525446450917E-11"]], "elements": [{"label": "e", "name": "e", "sigma": 2.20554803444749e-08, "title": "eccentricity", "value": ".3947261485891308", "units": null}, {"label": "q", "title": "perihelion distance", "value": ".8818968759323258", "units": "au", "name": "q", "sigma": 3.18460195665321e-08}, {"value": "2457959.075283892763", "title": "time of perihelion passage", "units": "TDB", "sigma": 8.5004013788928e-06, "name": "tp", "label": "tp"}, {"label": "node", "name": "om", "sigma": 2.88793955350007e-05, "title": "longitude of the ascending node", "value": "153.8009495795292", "units": "deg"}, {"units": "deg", "title": "argument of perihelion", "value": "69.66103724442861", "name": "w", "sigma": 2.93785847738632e-05, "label": "peri"}, {"name": "i", "sigma": 5.63162982310709e-06, "value": "4.359811051286001", "title": "inclination", "units": "deg", "label": "i"}]}, "elements": [{"title": "eccentricity", "value": ".3948360750318561", "units": null, "name": "e", "sigma": "2.1961E-8", "label": "e"}, {"label": "a", "name": "a", "sigma": "1.7624E-9", "title": "semi-major axis", "value": "1.457800017879528", "units": "au"}, {"units": "au", "title": "perihelion distance", "value": ".8822079806386052", "name": "q", "sigma": "3.1848E-8", "label": "q"}, {"name": "i", "sigma": "5.6281E-6", "value": "4.356955098370601", "title": "inclination; angle with respect to x-y ecliptic plane", "units": "deg", "label": "i"}, {"label": "node", "units": "deg", "value": "153.6591640363519", "title": "longitude of the ascending node", "name": "om", "sigma": "2.89E-5"}, {"units": "deg", "value": "69.78883495774316", "title": "argument of perihelion", "sigma": "2.9422E-5", "name": "w", "label": "peri"}, {"units": "deg", "title": "mean anomaly", "value": "15.78857977225806", "sigma": "6.3722E-6", "name": "ma", "label": "M"}, {"units": "TDB", "title": "time of perihelion passage", "value": "2461172.304102788589", "name": "tp", "sigma": "1.1342E-5", "label": "tp"}, {"label": "period", "title": "sidereal orbital period", "value": "642.9028539947176", "units": "d", "name": "per", "sigma": "1.1658E-6"}, {"label": "n", "name": "n", "sigma": "1.0154E-9", "units": "deg/d", "value": ".5599601833513682", "title": "mean motion"}, {"units": "au", "value": "2.03339205512045", "title": "aphelion distance", "name": "ad", "sigma": "2.4582E-9", "label": "Q"}], "epoch": "2461200.5"}