{"spkid": "20538212", "covariance": {"epoch": "2458959.5", "elements": [{"units": null, "title": "eccentricity", "value": ".7811190482903499", "sigma": 3.26415038164092e-08, "name": "e", "label": "e"}, {"units": "au", "value": ".4446452197529115", "title": "perihelion distance", "name": "q", "sigma": 6.83940353552691e-08, "label": "q"}, {"name": "tp", "sigma": 1.836105384064e-05, "value": "2459487.600142966457", "title": "time of perihelion passage", "units": "TDB", "label": "tp"}, {"value": "239.8840442709277", "title": "longitude of the ascending node", "units": "deg", "name": "om", "sigma": 0.000226187600993746, "label": "node"}, {"label": "peri", "sigma": 0.000226115167752966, "name": "w", "value": "124.8407452566102", "title": "argument of perihelion", "units": "deg"}, {"label": "i", "units": "deg", "value": "1.255135725293636", "title": "inclination", "name": "i", "sigma": 4.25431484811243e-06}], "data": [["1.065467771396655E-15", "-2.23144360564666E-15", "-3.40330824826562E-13", "-8.578669611493082E-14", "-6.672125440254465E-15", "2.829577975418926E-15"], ["-2.23144360564666E-15", "4.677744072177801E-15", "7.412680334552667E-13", "1.881369122720729E-13", "1.057956769811169E-14", "-6.145776416983498E-15"], ["-3.40330824826562E-13", "7.412680334552667E-13", "3.371282981388809E-10", "7.610445538366121E-11", "2.53804944228072E-12", "-3.050560552845361E-12"], ["-8.578669611493082E-14", "1.881369122720729E-13", "7.610445538366121E-11", "5.116083084330622E-8", "-5.112783001438775E-8", "4.769133830044648E-10"], ["-6.672125440254465E-15", "1.057956769811169E-14", "2.53804944228072E-12", "-5.112783001438775E-8", "5.112806908795212E-8", "-4.775644541677267E-10"], ["2.829577975418926E-15", "-6.145776416983498E-15", "-3.050560552845361E-12", "4.769133830044648E-10", "-4.775644541677267E-10", "1.809919482686986E-11"]], "labels": ["e", "q", "tp", "node", "peri", "i"]}, "elements": [{"sigma": "3.2644E-8", "name": "e", "value": ".7811415118144034", "title": "eccentricity", "units": null, "label": "e"}, {"sigma": "1.2885E-8", "name": "a", "title": "semi-major axis", "value": "2.031231819594788", "units": "au", "label": "a"}, {"sigma": "6.8349E-8", "name": "q", "units": "au", "title": "perihelion distance", "value": ".444552325190994", "label": "q"}, {"name": "i", "sigma": "4.2524E-6", "units": "deg", "title": "inclination; angle with respect to x-y ecliptic plane", "value": "1.257241754823615", "label": "i"}, {"label": "node", "name": "om", "sigma": ".00022581", "title": "longitude of the ascending node", "value": "239.7342821176958", "units": "deg"}, {"sigma": ".00022574", "name": "w", "value": "125.0005766416689", "title": "argument of perihelion", "units": "deg", "label": "peri"}, {"label": "M", "units": "deg", "value": "223.0581914860733", "title": "mean anomaly", "name": "ma", "sigma": "1.161E-5"}, {"units": "TDB", "value": "2461602.727002011884", "title": "time of perihelion passage", "name": "tp", "sigma": "3.7852E-5", "label": "tp"}, {"sigma": "1.0061E-5", "name": "per", "units": "d", "value": "1057.39600123327", "title": "sidereal orbital period", "label": "period"}, {"name": "n", "sigma": "3.2394E-9", "value": ".3404590140118953", "title": "mean motion", "units": "deg/d", "label": "n"}, {"label": "Q", "name": "ad", "sigma": "2.2949E-8", "units": "au", "title": "aphelion distance", "value": "3.617911313998583"}], "epoch": "2461200.5"}