{"spkid": "20533011", "covariance": {"epoch": "2456828.5", "labels": ["e", "q", "tp", "node", "peri", "i"], "data": [["1.648759461334437E-16", "-1.001819762427115E-16", "5.021419775856029E-14", "-1.774495067857988E-14", "7.643352630356836E-14", "5.009203159593314E-15"], ["-1.001819762427115E-16", "1.206399926683094E-16", "-3.908069424305575E-14", "3.446811913639553E-14", "-8.34333559012598E-14", "-5.795485635175566E-15"], ["5.021419775856029E-14", "-3.908069424305575E-14", "8.053008571000325E-11", "1.506918952984441E-11", "6.802939971587875E-11", "7.451742232377098E-13"], ["-1.774495067857988E-14", "3.446811913639553E-14", "1.506918952984441E-11", "7.949287971568015E-11", "-6.4139766000123E-11", "-4.383313873136498E-13"], ["7.643352630356836E-14", "-8.34333559012598E-14", "6.802939971587875E-11", "-6.4139766000123E-11", "1.355004585430287E-10", "1.265686661106459E-12"], ["5.009203159593314E-15", "-5.795485635175566E-15", "7.451742232377098E-13", "-4.383313873136498E-13", "1.265686661106459E-12", "6.79187489978011E-12"]], "elements": [{"name": "e", "sigma": 1.28404028804958e-08, "value": ".2825039638109725", "title": "eccentricity", "units": null, "label": "e"}, {"label": "q", "sigma": 1.09836238404412e-08, "name": "q", "units": "au", "value": "1.022711973883149", "title": "perihelion distance"}, {"title": "time of perihelion passage", "value": "2456747.404966574484", "units": "TDB", "name": "tp", "sigma": 8.97385567690963e-06, "label": "tp"}, {"units": "deg", "title": "longitude of the ascending node", "value": "169.6184049774362", "sigma": 8.91587795540518e-06, "name": "om", "label": "node"}, {"sigma": 1.16404664229157e-05, "name": "w", "value": "22.61711265664754", "title": "argument of perihelion", "units": "deg", "label": "peri"}, {"title": "inclination", "value": "5.707923388042011", "units": "deg", "sigma": 2.60612257957681e-06, "name": "i", "label": "i"}]}, "elements": [{"value": ".2824807305532134", "title": "eccentricity", "units": null, "name": "e", "sigma": "1.2624E-8", "label": "e"}, {"label": "a", "units": "au", "title": "semi-major axis", "value": "1.425371797893896", "sigma": "1.7461E-8", "name": "a"}, {"name": "q", "sigma": "1.0997E-8", "title": "perihelion distance", "value": "1.022731731114881", "units": "au", "label": "q"}, {"label": "i", "sigma": "2.6058E-6", "name": "i", "units": "deg", "value": "5.70885179504681", "title": "inclination; angle with respect to x-y ecliptic plane"}, {"value": "169.5612484310744", "title": "longitude of the ascending node", "units": "deg", "sigma": "8.915E-6", "name": "om", "label": "node"}, {"label": "peri", "sigma": "1.1647E-5", "name": "w", "units": "deg", "title": "argument of perihelion", "value": "22.71400838880061"}, {"label": "M", "units": "deg", "title": "mean anomaly", "value": "59.02775625916661", "sigma": "5.0586E-5", "name": "ma"}, {"units": "TDB", "title": "time of perihelion passage", "value": "2461098.583513340062", "sigma": "8.5477E-5", "name": "tp", "label": "tp"}, {"label": "period", "name": "per", "sigma": "1.1421E-5", "units": "d", "title": "sidereal orbital period", "value": "621.5708934706444"}, {"title": "mean motion", "value": ".5791776992482388", "units": "deg/d", "name": "n", "sigma": "1.0642E-8", "label": "n"}, {"name": "ad", "sigma": "2.2393E-8", "units": "au", "title": "aphelion distance", "value": "1.828011864672911", "label": "Q"}], "epoch": "2461200.5"}