{"spkid": "20605070", "covariance": {"elements": [{"name": "e", "sigma": 5.131389850727e-08, "value": ".538036859528183", "title": "eccentricity", "units": null, "label": "e"}, {"label": "q", "sigma": 9.55125129453746e-08, "name": "q", "units": "au", "title": "perihelion distance", "value": ".9094573044139285"}, {"sigma": 1.83387616421499e-05, "name": "tp", "title": "time of perihelion passage", "value": "2457347.507215064481", "units": "TDB", "label": "tp"}, {"units": "deg", "title": "longitude of the ascending node", "value": "175.0470453254497", "sigma": 6.31760312706079e-05, "name": "om", "label": "node"}, {"sigma": 6.35720051578745e-05, "name": "w", "title": "argument of perihelion", "value": "202.9539901159576", "units": "deg", "label": "peri"}, {"units": "deg", "value": "8.969015996952072", "title": "inclination", "sigma": 5.09619935504356e-06, "name": "i", "label": "i"}], "data": [["2.633116180014409E-15", "-4.849159091784089E-15", "4.315990120527994E-13", "-1.633044748994278E-13", "3.668130025605495E-13", "2.310578116015865E-17"], ["-4.849159091784089E-15", "9.122640129140349E-15", "-8.134528652194812E-13", "2.437668582417403E-13", "-6.198819604925564E-13", "-1.39171395917376E-15"], ["4.315990120527994E-13", "-8.134528652194812E-13", "3.363101785675896E-10", "-8.721336992409744E-11", "2.233018898777028E-10", "6.212047459946296E-12"], ["-1.633044748994278E-13", "2.437668582417403E-13", "-8.721336992409744E-11", "3.991210927104833E-9", "-3.976131525918216E-9", "-7.398085131322142E-11"], ["3.668130025605495E-13", "-6.198819604925564E-13", "2.233018898777028E-10", "-3.976131525918216E-9", "4.041399839792822E-9", "7.433609123800027E-11"], ["2.310578116015865E-17", "-1.39171395917376E-15", "6.212047459946296E-12", "-7.398085131322142E-11", "7.433609123800027E-11", "2.597124786634639E-11"]], "labels": ["e", "q", "tp", "node", "peri", "i"], "epoch": "2457315.5"}, "elements": [{"label": "e", "name": "e", "sigma": "5.1534E-8", "title": "eccentricity", "value": ".5378735716135217", "units": null}, {"label": "a", "title": "semi-major axis", "value": "1.968740842887972", "units": "au", "sigma": "3.2723E-8", "name": "a"}, {"label": "q", "value": ".9098071741424034", "title": "perihelion distance", "units": "au", "sigma": "9.6108E-8", "name": "q"}, {"sigma": "5.0781E-6", "name": "i", "value": "8.958518128858932", "title": "inclination; angle with respect to x-y ecliptic plane", "units": "deg", "label": "i"}, {"units": "deg", "value": "174.9604147916059", "title": "longitude of the ascending node", "sigma": "6.3367E-5", "name": "om", "label": "node"}, {"name": "w", "sigma": "6.3753E-5", "units": "deg", "value": "203.191658093262", "title": "argument of perihelion", "label": "peri"}, {"label": "M", "value": "294.4333785395887", "title": "mean anomaly", "units": "deg", "name": "ma", "sigma": "3.5934E-5"}, {"label": "tp", "sigma": ".00010522", "name": "tp", "value": "2461384.264475160470", "title": "time of perihelion passage", "units": "TDB"}, {"title": "sidereal orbital period", "value": "1008.97697005348", "units": "d", "sigma": "2.5156E-5", "name": "per", "label": "period"}, {"label": "n", "sigma": "8.8957E-9", "name": "n", "units": "deg/d", "value": ".3567970436242152", "title": "mean motion"}, {"label": "Q", "units": "au", "title": "aphelion distance", "value": "3.027674511633541", "name": "ad", "sigma": "5.0324E-8"}], "epoch": "2461200.5"}