{"spkid": "20612509", "covariance": {"labels": ["e", "q", "tp", "node", "peri", "i"], "elements": [{"sigma": 1.03139396815478e-07, "name": "e", "title": "eccentricity", "value": ".5753973111697221", "units": null, "label": "e"}, {"title": "perihelion distance", "value": ".5618554204533526", "units": "au", "name": "q", "sigma": 1.33516727340076e-07, "label": "q"}, {"sigma": 2.17194549564534e-05, "name": "tp", "units": "TDB", "value": "2456542.741124485321", "title": "time of perihelion passage", "label": "tp"}, {"name": "om", "sigma": 4.7526375124674e-05, "value": "69.29992457670838", "title": "longitude of the ascending node", "units": "deg", "label": "node"}, {"sigma": 3.95649200946956e-05, "name": "w", "value": "84.38086892259409", "title": "argument of perihelion", "units": "deg", "label": "peri"}, {"sigma": 8.8811216063867e-06, "name": "i", "value": "5.368717849834824", "title": "inclination", "units": "deg", "label": "i"}], "data": [["1.063773517546065E-14", "-1.377054619208616E-14", "-1.546578920454428E-12", "-2.99929129960227E-12", "1.841460672922212E-12", "-5.198246055470719E-13"], ["-1.377054619208616E-14", "1.782671647960407E-14", "1.996801118307465E-12", "3.874031230307424E-12", "-2.378293908710624E-12", "6.709415470704211E-13"], ["-1.546578920454428E-12", "1.996801118307465E-12", "4.717347236054073E-10", "6.593664711223223E-10", "-3.737474907740504E-10", "1.03994358672502E-10"], ["-2.99929129960227E-12", "3.874031230307424E-12", "6.593664711223223E-10", "2.25875633249123E-9", "-1.814800955120645E-9", "2.063872129396709E-10"], ["1.841460672922212E-12", "-2.378293908710624E-12", "-3.737474907740504E-10", "-1.814800955120645E-9", "1.565382902099646E-9", "-1.35492474182976E-10"], ["-5.198246055470719E-13", "6.709415470704211E-13", "1.03994358672502E-10", "2.063872129396709E-10", "-1.35492474182976E-10", "7.887432098742861E-11"]], "epoch": "2456699.5"}, "elements": [{"units": null, "value": ".5754911889259201", "title": "eccentricity", "sigma": "1.0297E-7", "name": "e", "label": "e"}, {"label": "a", "units": "au", "title": "semi-major axis", "value": "1.323756069773057", "sigma": "6.6565E-9", "name": "a"}, {"sigma": "1.336E-7", "name": "q", "value": ".5619461153314572", "title": "perihelion distance", "units": "au", "label": "q"}, {"label": "i", "name": "i", "sigma": "8.8774E-6", "units": "deg", "value": "5.365781731702882", "title": "inclination; angle with respect to x-y ecliptic plane"}, {"label": "node", "sigma": "4.7566E-5", "name": "om", "units": "deg", "title": "longitude of the ascending node", "value": "69.17715736323611"}, {"name": "w", "sigma": "3.9598E-5", "title": "argument of perihelion", "value": "84.54751503278709", "units": "deg", "label": "peri"}, {"label": "M", "value": "135.6355454747595", "title": "mean anomaly", "units": "deg", "name": "ma", "sigma": "1.6229E-5"}, {"title": "time of perihelion passage", "value": "2460990.904771723403", "units": "TDB", "sigma": "2.3859E-5", "name": "tp", "label": "tp"}, {"sigma": "4.1961E-6", "name": "per", "units": "d", "title": "sidereal orbital period", "value": "556.3016826855036", "label": "period"}, {"title": "mean motion", "value": ".6471308845627208", "units": "deg/d", "name": "n", "sigma": "4.8812E-9", "label": "n"}, {"value": "2.085566024214657", "title": "aphelion distance", "units": "au", "sigma": "1.0487E-8", "name": "ad", "label": "Q"}], "epoch": "2461200.5"}