{"spkid": "20613286", "covariance": {"epoch": "2457912.5", "data": [["4.963643697007224E-15", "-3.659895692265753E-15", "-1.185041391271609E-12", "1.181643036355588E-13", "-9.994691610217605E-13", "-5.26935411891812E-13", "9.057857105379767E-23"], ["-3.659895692265753E-15", "2.699421703855778E-15", "8.755274276184562E-13", "-8.864755791569768E-14", "7.389293864202558E-13", "3.918078575661823E-13", "-6.471970727690409E-23"], ["-1.185041391271609E-12", "8.755274276184562E-13", "4.09922927692956E-10", "-5.630417037970539E-11", "3.976457567240927E-10", "9.427568380793059E-11", "-3.680950385702721E-21"], ["1.181643036355588E-13", "-8.864755791569768E-14", "-5.630417037970539E-11", "2.987934484128661E-11", "-8.39331718557619E-11", "-5.685766728202942E-11", "-1.340171267355674E-20"], ["-9.994691610217605E-13", "7.389293864202558E-13", "3.976457567240927E-10", "-8.39331718557619E-11", "4.339733714647234E-10", "1.259006650504191E-10", "1.933956354972122E-20"], ["-5.26935411891812E-13", "3.918078575661823E-13", "9.427568380793059E-11", "-5.685766728202942E-11", "1.259006650504191E-10", "1.917160445679736E-10", "1.467496199959982E-20"], ["9.057857105379767E-23", "-6.471970727690409E-23", "-3.680950385702721E-21", "-1.340171267355674E-20", "1.933956354972122E-20", "1.467496199959982E-20", "4.583917919328162E-29"]], "elements": [{"label": "e", "sigma": 7.04531312079685e-08, "name": "e", "units": null, "title": "eccentricity", "value": ".3335937929173667"}, {"sigma": 5.19559592718273e-08, "name": "q", "value": ".4953965041105473", "title": "perihelion distance", "units": "au", "label": "q"}, {"name": "tp", "sigma": 2.02465534768996e-05, "units": "TDB", "title": "time of perihelion passage", "value": "2457820.599134509641", "label": "tp"}, {"label": "node", "sigma": 5.46620021964862e-06, "name": "om", "units": "deg", "value": "282.6950121768232", "title": "longitude of the ascending node"}, {"units": "deg", "value": "340.1129989543869", "title": "argument of perihelion", "name": "w", "sigma": 2.08320275408978e-05, "label": "peri"}, {"label": "i", "units": "deg", "title": "inclination", "value": "22.22454256057857", "name": "i", "sigma": 1.38461563102535e-05}], "labels": ["e", "q", "tp", "node", "peri", "i", "A2"]}, "elements": [{"label": "e", "units": null, "value": ".333613756500187", "title": "eccentricity", "sigma": "7.0583E-8", "name": "e"}, {"label": "a", "name": "a", "sigma": "4.0356E-9", "units": "au", "value": ".7433262578083442", "title": "semi-major axis"}, {"units": "au", "title": "perihelion distance", "value": ".495342392635676", "sigma": "5.1663E-8", "name": "q", "label": "q"}, {"label": "i", "sigma": "1.3847E-5", "name": "i", "units": "deg", "title": "inclination; angle with respect to x-y ecliptic plane", "value": "22.22675421316481"}, {"sigma": "5.4428E-6", "name": "om", "value": "282.6567614299997", "title": "longitude of the ascending node", "units": "deg", "label": "node"}, {"label": "peri", "units": "deg", "title": "argument of perihelion", "value": "340.1496599384773", "name": "w", "sigma": "2.0816E-5"}, {"label": "M", "title": "mean anomaly", "value": "157.3941572094273", "units": "deg", "sigma": "3.7231E-5", "name": "ma"}, {"title": "time of perihelion passage", "value": "2461098.158036687399", "units": "TDB", "sigma": "2.3721E-5", "name": "tp", "label": "tp"}, {"title": "sidereal orbital period", "value": "234.0817946851307", "units": "d", "name": "per", "sigma": "1.9063E-6", "label": "period"}, {"sigma": "1.2524E-8", "name": "n", "title": "mean motion", "value": "1.537923957240011", "units": "deg/d", "label": "n"}, {"value": ".9913101229810124", "title": "aphelion distance", "units": "au", "sigma": "5.382E-9", "name": "ad", "label": "Q"}], "epoch": "2461200.5"}