{"spkid": "20612786", "covariance": {"epoch": "2459529.5", "elements": [{"title": "eccentricity", "value": ".3418684386409659", "units": null, "name": "e", "sigma": 6.93591110838834e-08, "label": "e"}, {"label": "q", "sigma": 1.00185714542866e-07, "name": "q", "title": "perihelion distance", "value": ".9332675328752595", "units": "au"}, {"label": "tp", "units": "TDB", "title": "time of perihelion passage", "value": "2459325.719790806099", "sigma": 2.76918477691773e-05, "name": "tp"}, {"units": "deg", "value": "317.1682966102549", "title": "longitude of the ascending node", "name": "om", "sigma": 6.27341338489221e-05, "label": "node"}, {"label": "peri", "sigma": 6.73309139999029e-05, "name": "w", "units": "deg", "value": "281.6827609461881", "title": "argument of perihelion"}, {"label": "i", "value": "2.577286278012976", "title": "inclination", "units": "deg", "name": "i", "sigma": 7.43130159820114e-06}], "data": [["4.81068629034648E-15", "-6.946819114152191E-15", "5.850601404996359E-13", "-1.002704973046602E-13", "9.22687922075465E-13", "-4.251472744497512E-14"], ["-6.946819114152191E-15", "1.003717739846458E-14", "-8.08491931845256E-13", "2.342114179704714E-13", "-1.384412576789572E-12", "7.705821390142131E-14"], ["5.850601404996359E-13", "-8.08491931845256E-13", "7.66838432871291E-10", "-2.199706690310314E-10", "8.932618546146681E-10", "6.07902702510271E-11"], ["-1.002704973046602E-13", "2.342114179704714E-13", "-2.199706690310314E-10", "3.935571549774474E-9", "-3.917464318438845E-9", "2.607130978472169E-10"], ["9.22687922075465E-13", "-1.384412576789572E-12", "8.932618546146681E-10", "-3.917464318438845E-9", "4.533451980062318E-9", "-1.901469394483894E-10"], ["-4.251472744497512E-14", "7.705821390142131E-14", "6.07902702510271E-11", "2.607130978472169E-10", "-1.901469394483894E-10", "5.522424344342681E-11"]], "labels": ["e", "q", "tp", "node", "peri", "i"]}, "elements": [{"label": "e", "units": null, "title": "eccentricity", "value": ".3420563003392775", "name": "e", "sigma": "6.9275E-8"}, {"title": "semi-major axis", "value": "1.418665255607315", "units": "au", "name": "a", "sigma": "3.57E-9", "label": "a"}, {"label": "q", "name": "q", "sigma": "1.0007E-7", "value": ".9334018668544015", "title": "perihelion distance", "units": "au"}, {"sigma": "7.4319E-6", "name": "i", "title": "inclination; angle with respect to x-y ecliptic plane", "value": "2.573785546462124", "units": "deg", "label": "i"}, {"label": "node", "sigma": "6.3208E-5", "name": "om", "units": "deg", "title": "longitude of the ascending node", "value": "316.8419658476527"}, {"title": "argument of perihelion", "value": "281.9786826023456", "units": "deg", "name": "w", "sigma": "6.7451E-5", "label": "peri"}, {"label": "M", "units": "deg", "value": "14.21712775766157", "title": "mean anomaly", "sigma": "1.8324E-5", "name": "ma"}, {"sigma": "3.1384E-5", "name": "tp", "units": "TDB", "title": "time of perihelion passage", "value": "2461176.125950370473", "label": "tp"}, {"title": "sidereal orbital period", "value": "617.189211224538", "units": "d", "sigma": "2.3297E-6", "name": "per", "label": "period"}, {"label": "n", "units": "deg/d", "value": ".5832895220020775", "title": "mean motion", "name": "n", "sigma": "2.2017E-9"}, {"units": "au", "value": "1.903928644360229", "title": "aphelion distance", "sigma": "4.7911E-9", "name": "ad", "label": "Q"}], "epoch": "2461200.5"}