{"spkid": "20613400", "covariance": {"elements": [{"label": "e", "units": null, "title": "eccentricity", "value": ".1985530198407442", "sigma": 2.98839204367361e-08, "name": "e"}, {"sigma": 2.86867667175839e-08, "name": "q", "value": ".765331189622532", "title": "perihelion distance", "units": "au", "label": "q"}, {"label": "tp", "name": "tp", "sigma": 9.93683667423642e-06, "value": "2458509.971892356153", "title": "time of perihelion passage", "units": "TDB"}, {"label": "node", "sigma": 9.5621464764899e-05, "name": "om", "title": "longitude of the ascending node", "value": "280.7232701899668", "units": "deg"}, {"name": "w", "sigma": 9.41976605845501e-05, "value": "154.7300328260615", "title": "argument of perihelion", "units": "deg", "label": "peri"}, {"units": "deg", "value": "1.58696697551588", "title": "inclination", "name": "i", "sigma": 2.36884459818665e-06, "label": "i"}], "data": [["8.930487006691738E-16", "-8.572320200312219E-16", "1.616748598722921E-13", "1.069531888352261E-13", "-2.447730813113157E-14", "-6.286778295741661E-15"], ["-8.572320200312219E-16", "8.229305847090778E-16", "-1.538704571573111E-13", "-9.338062116566955E-14", "1.522959216793424E-14", "5.634171021803943E-15"], ["1.616748598722921E-13", "-1.538704571573111E-13", "9.874072309045001E-11", "1.980886173327085E-10", "-1.233736284163217E-10", "-1.121771744407601E-11"], ["1.069531888352261E-13", "-9.338062116566955E-14", "1.980886173327085E-10", "9.143464523784826E-9", "-8.97811342787558E-9", "-1.270376815177993E-10"], ["-2.447730813113157E-14", "1.522959216793424E-14", "-1.233736284163217E-10", "-8.97811342787558E-9", "8.873199259602097E-9", "1.177203192689962E-10"], ["-6.286778295741661E-15", "5.634171021803943E-15", "-1.121771744407601E-11", "-1.270376815177993E-10", "1.177203192689962E-10", "5.611424730358086E-12"]], "labels": ["e", "q", "tp", "node", "peri", "i"], "epoch": "2458389.5"}, "elements": [{"label": "e", "units": null, "title": "eccentricity", "value": ".1981975596022623", "sigma": "3.0333E-8", "name": "e"}, {"label": "a", "title": "semi-major axis", "value": ".9552429408159014", "units": "au", "name": "a", "sigma": "2.3325E-9"}, {"value": ".7659161211189015", "title": "perihelion distance", "units": "au", "sigma": "3.0496E-8", "name": "q", "label": "q"}, {"label": "i", "sigma": "2.4116E-6", "name": "i", "units": "deg", "title": "inclination; angle with respect to x-y ecliptic plane", "value": "1.583246051299465"}, {"label": "node", "sigma": "9.2096E-5", "name": "om", "units": "deg", "title": "longitude of the ascending node", "value": "278.0869099909361"}, {"name": "w", "sigma": "9.1196E-5", "units": "deg", "value": "156.9458076296883", "title": "argument of perihelion", "label": "peri"}, {"units": "deg", "value": "321.071790127728", "title": "mean anomaly", "sigma": "1.3137E-5", "name": "ma", "label": "M"}, {"label": "tp", "name": "tp", "sigma": "1.2515E-5", "title": "time of perihelion passage", "value": "2461237.374922356358", "units": "TDB"}, {"sigma": "1.249E-6", "name": "per", "value": "341.0116234947778", "title": "sidereal orbital period", "units": "d", "label": "period"}, {"label": "n", "units": "deg/d", "value": "1.055682490557431", "title": "mean motion", "name": "n", "sigma": "3.8666E-9"}, {"label": "Q", "sigma": "2.7948E-9", "name": "ad", "value": "1.144569760512901", "title": "aphelion distance", "units": "au"}], "epoch": "2461200.5"}