{"spkid": "20612536", "covariance": {"data": [["8.048734605807514E-16", "-1.156024761421803E-15", "-2.922698439792091E-13", "6.697397622069728E-14", "-2.736222318922039E-13", "-4.271104618745637E-14"], ["-1.156024761421803E-15", "1.661954914562885E-15", "4.428651378577512E-13", "-9.528355450467966E-14", "4.070122751683811E-13", "6.046321358377577E-14"], ["-2.922698439792091E-13", "4.428651378577512E-13", "5.738329422427894E-10", "-5.281444845950064E-12", "4.340583414169625E-10", "-2.162706990482973E-12"], ["6.697397622069728E-14", "-9.528355450467966E-14", "-5.281444845950064E-12", "6.130295000394048E-11", "-5.856696313804105E-11", "-3.732008653381028E-12"], ["-2.736222318922039E-13", "4.070122751683811E-13", "4.340583414169625E-10", "-5.856696313804105E-11", "3.980052303186688E-10", "-1.22582175683655E-12"], ["-4.271104618745637E-14", "6.046321358377577E-14", "-2.162706990482973E-12", "-3.732008653381028E-12", "-1.22582175683655E-12", "4.39265159923421E-11"]], "elements": [{"label": "e", "title": "eccentricity", "value": ".2893643721822269", "units": null, "sigma": 2.837029186633e-08, "name": "e"}, {"name": "q", "sigma": 4.07670812612687e-08, "units": "au", "value": "1.009985215248147", "title": "perihelion distance", "label": "q"}, {"label": "tp", "name": "tp", "sigma": 2.39548104196796e-05, "value": "2456970.676614760619", "title": "time of perihelion passage", "units": "TDB"}, {"label": "node", "value": "106.4326498144766", "title": "longitude of the ascending node", "units": "deg", "sigma": 7.82962004211829e-06, "name": "om"}, {"sigma": 1.9950068428922e-05, "name": "w", "units": "deg", "value": "346.9693121795381", "title": "argument of perihelion", "label": "peri"}, {"label": "i", "units": "deg", "title": "inclination", "value": "13.78134924732098", "name": "i", "sigma": 6.62770820060314e-06}], "labels": ["e", "q", "tp", "node", "peri", "i"], "epoch": "2456964.5"}, "elements": [{"label": "e", "value": ".2893134700183122", "title": "eccentricity", "units": null, "name": "e", "sigma": "2.852E-8"}, {"title": "semi-major axis", "value": "1.421225814912606", "units": "au", "name": "a", "sigma": "1.1251E-9", "label": "a"}, {"label": "q", "sigma": "4.0744E-8", "name": "q", "units": "au", "value": "1.010046042720637", "title": "perihelion distance"}, {"name": "i", "sigma": "6.628E-6", "title": "inclination; angle with respect to x-y ecliptic plane", "value": "13.78230144685429", "units": "deg", "label": "i"}, {"label": "node", "name": "om", "sigma": "7.8278E-6", "value": "106.3744595096794", "title": "longitude of the ascending node", "units": "deg"}, {"label": "peri", "sigma": "1.9943E-5", "name": "w", "value": "347.0698386193", "title": "argument of perihelion", "units": "deg"}, {"label": "M", "sigma": "1.7777E-5", "name": "ma", "units": "deg", "value": "300.8018353691064", "title": "mean anomaly"}, {"label": "tp", "value": "2461302.265084901505", "title": "time of perihelion passage", "units": "TDB", "name": "tp", "sigma": "3.0667E-5"}, {"units": "d", "title": "sidereal orbital period", "value": "618.8609189654311", "sigma": "7.3489E-7", "name": "per", "label": "period"}, {"name": "n", "sigma": "6.9077E-10", "value": ".58171390205383", "title": "mean motion", "units": "deg/d", "label": "n"}, {"label": "Q", "units": "au", "value": "1.832405587104576", "title": "aphelion distance", "sigma": "1.4506E-9", "name": "ad"}], "epoch": "2461200.5"}