{"spkid": "20612358", "covariance": {"data": [["3.251614330220663E-15", "-3.460340569325014E-15", "-1.211942621147921E-13", "-1.9862261034858E-13", "4.319642855677916E-13", "6.655362137016653E-14", "2.833291353983882E-22"], ["-3.460340569325014E-15", "3.693281569427632E-15", "7.553925553860291E-14", "1.894593774689763E-13", "-4.641647266298555E-13", "-7.613795969768391E-14", "-2.551676877096842E-22"], ["-1.211942621147921E-13", "7.553925553860291E-14", "2.967909872395135E-10", "2.362541426680083E-10", "-8.273016093281094E-11", "2.370229887822153E-11", "-2.407202169520411E-19"], ["-1.9862261034858E-13", "1.894593774689763E-13", "2.362541426680083E-10", "7.89334123372941E-10", "-6.318215437452959E-10", "6.79961665143383E-12", "-1.174752550304263E-19"], ["4.319642855677916E-13", "-4.641647266298555E-13", "-8.273016093281094E-11", "-6.318215437452959E-10", "5.943800308993321E-10", "1.360524935810862E-11", "2.537846395074413E-20"], ["6.655362137016653E-14", "-7.613795969768391E-14", "2.370229887822153E-11", "6.79961665143383E-12", "1.360524935810862E-11", "1.617511276352327E-11", "-1.640385490724323E-20"], ["2.833291353983882E-22", "-2.551676877096842E-22", "-2.407202169520411E-19", "-1.174752550304263E-19", "2.537846395074413E-20", "-1.640385490724323E-20", "2.335522942742659E-28"]], "elements": [{"title": "eccentricity", "value": ".4167334946780571", "units": null, "sigma": 5.7022928109846e-08, "name": "e", "label": "e"}, {"name": "q", "sigma": 6.07723750517259e-08, "units": "au", "value": ".6228768623218143", "title": "perihelion distance", "label": "q"}, {"name": "tp", "sigma": 1.72276227971103e-05, "units": "TDB", "value": "2458361.957694916022", "title": "time of perihelion passage", "label": "tp"}, {"label": "node", "value": "200.061807473561", "title": "longitude of the ascending node", "units": "deg", "name": "om", "sigma": 2.80950907343781e-05}, {"title": "argument of perihelion", "value": "255.4141023553262", "units": "deg", "name": "w", "sigma": 2.43799103956379e-05, "label": "peri"}, {"sigma": 4.0218295293962e-06, "name": "i", "title": "inclination", "value": "8.829849086979223", "units": "deg", "label": "i"}], "labels": ["e", "q", "tp", "node", "peri", "i", "A2"], "epoch": "2458421.5"}, "elements": [{"label": "e", "title": "eccentricity", "value": ".4165761249443739", "units": null, "name": "e", "sigma": "6.9292E-8"}, {"units": "au", "title": "semi-major axis", "value": "1.065930418530956", "sigma": "2.9382E-8", "name": "a", "label": "a"}, {"label": "q", "units": "au", "title": "perihelion distance", "value": ".6218892553189957", "name": "q", "sigma": "5.933E-8"}, {"label": "i", "name": "i", "sigma": "4.1098E-6", "value": "8.773237467899813", "title": "inclination; angle with respect to x-y ecliptic plane", "units": "deg"}, {"label": "node", "name": "om", "sigma": "2.7061E-5", "units": "deg", "title": "longitude of the ascending node", "value": "199.8160694038484"}, {"units": "deg", "value": "255.9171888335854", "title": "argument of perihelion", "name": "w", "sigma": "2.2492E-5", "label": "peri"}, {"label": "M", "sigma": "6.3219E-5", "name": "ma", "units": "deg", "value": "19.00698669721503", "title": "mean anomaly"}, {"name": "tp", "sigma": "6.9721E-5", "title": "time of perihelion passage", "value": "2461179.277209807326", "units": "TDB", "label": "tp"}, {"label": "period", "units": "d", "title": "sidereal orbital period", "value": "401.9682125879666", "sigma": "1.662E-5", "name": "per"}, {"label": "n", "sigma": "3.7031E-8", "name": "n", "value": ".895593205448348", "title": "mean motion", "units": "deg/d"}, {"name": "ad", "sigma": "4.1622E-8", "units": "au", "title": "aphelion distance", "value": "1.509971581742917", "label": "Q"}], "epoch": "2461200.5"}