{"spkid": "20612012", "covariance": {"epoch": "2458732.5", "data": [["8.923067688702844E-16", "-2.330968061248582E-15", "-1.373827269470343E-13", "5.348778498486451E-12", "-5.24816998527295E-12", "9.690320281982201E-16"], ["-2.330968061248582E-15", "6.097563886373737E-15", "4.448229285895896E-13", "-1.325470586485652E-11", "1.302866482386521E-11", "-8.977621587049496E-16"], ["-1.373827269470343E-13", "4.448229285895896E-13", "9.505036987644793E-10", "6.662955852688888E-9", "-6.299305585111414E-9", "1.762329270502956E-11"], ["5.348778498486451E-12", "-1.325470586485652E-11", "6.662955852688888E-9", "5.020205073054072E-7", "-4.980221693751212E-7", "6.527790739733194E-10"], ["-5.24816998527295E-12", "1.302866482386521E-11", "-6.299305585111414E-9", "-4.980221693751212E-7", "4.942053414184623E-7", "-6.453776285419633E-10"], ["9.690320281982201E-16", "-8.977621587049496E-16", "1.762329270502956E-11", "6.527790739733194E-10", "-6.453776285419633E-10", "1.026665348427238E-11"]], "elements": [{"name": "e", "sigma": 2.98715042954031e-08, "units": null, "title": "eccentricity", "value": ".7147997479332751", "label": "e"}, {"sigma": 7.80868995822842e-08, "name": "q", "units": "au", "value": ".7419065978663225", "title": "perihelion distance", "label": "q"}, {"label": "tp", "name": "tp", "sigma": 3.08302400049769e-05, "units": "TDB", "title": "time of perihelion passage", "value": "2459447.232099968285"}, {"label": "node", "units": "deg", "title": "longitude of the ascending node", "value": "159.6979310544444", "name": "om", "sigma": 0.000708534055148662}, {"title": "argument of perihelion", "value": "184.8531734774824", "units": "deg", "sigma": 0.000702997397874603, "name": "w", "label": "peri"}, {"label": "i", "sigma": 3.20416190044641e-06, "name": "i", "units": "deg", "value": "1.56237425020872", "title": "inclination"}], "labels": ["e", "q", "tp", "node", "peri", "i"]}, "elements": [{"name": "e", "sigma": "2.9965E-8", "value": ".714599491583633", "title": "eccentricity", "units": null, "label": "e"}, {"units": "au", "title": "semi-major axis", "value": "2.605169771532728", "sigma": "8.7204E-9", "name": "a", "label": "a"}, {"name": "q", "sigma": "7.8362E-8", "value": ".7435167773063912", "title": "perihelion distance", "units": "au", "label": "q"}, {"name": "i", "sigma": "3.209E-6", "units": "deg", "value": "1.564101672678472", "title": "inclination; angle with respect to x-y ecliptic plane", "label": "i"}, {"name": "om", "sigma": ".00070739", "title": "longitude of the ascending node", "value": "159.6541276682278", "units": "deg", "label": "node"}, {"label": "peri", "sigma": ".00070185", "name": "w", "units": "deg", "value": "184.9400565960556", "title": "argument of perihelion"}, {"label": "M", "name": "ma", "sigma": "9.4508E-6", "units": "deg", "title": "mean anomaly", "value": "51.41670644607346"}, {"label": "tp", "value": "2460981.141622313257", "title": "time of perihelion passage", "units": "TDB", "sigma": "3.9247E-5", "name": "tp"}, {"label": "period", "title": "sidereal orbital period", "value": "1535.862979672787", "units": "d", "name": "per", "sigma": "7.7116E-6"}, {"label": "n", "name": "n", "sigma": "1.1769E-9", "units": "deg/d", "value": ".2343959095079545", "title": "mean motion"}, {"label": "Q", "name": "ad", "sigma": "1.4952E-8", "units": "au", "value": "4.466822765759065", "title": "aphelion distance"}], "epoch": "2461200.5"}