{"spkid": "20612380", "covariance": {"data": [["2.020002091531224E-15", "-3.373481828478133E-15", "-4.672699027338009E-14", "-2.294922481803351E-13", "3.359543441580515E-13", "3.99971648658268E-15"], ["-3.373481828478133E-15", "5.638165683565934E-15", "9.075026348543195E-14", "3.860853964900992E-13", "-5.569793320976953E-13", "-5.791624959511646E-15"], ["-4.672699027338009E-14", "9.075026348543195E-14", "4.16179003910718E-10", "2.14795779344857E-11", "2.479041281851939E-10", "1.311588789908684E-11"], ["-2.294922481803351E-13", "3.860853964900992E-13", "2.14795779344857E-11", "1.027009961780083E-9", "-9.853517518775247E-10", "-7.988737807119985E-11"], ["3.359543441580515E-13", "-5.569793320976953E-13", "2.479041281851939E-10", "-9.853517518775247E-10", "1.150842658412406E-9", "8.739406072325262E-11"], ["3.99971648658268E-15", "-5.791624959511646E-15", "1.311588789908684E-11", "-7.988737807119985E-11", "8.739406072325262E-11", "3.094537945618706E-11"]], "elements": [{"units": null, "title": "eccentricity", "value": ".3661820512934883", "sigma": 4.49444333764619e-08, "name": "e", "label": "e"}, {"value": "1.041860633677709", "title": "perihelion distance", "units": "au", "sigma": 7.50877199252044e-08, "name": "q", "label": "q"}, {"label": "tp", "sigma": 2.04004657768081e-05, "name": "tp", "units": "TDB", "title": "time of perihelion passage", "value": "2459433.831176661888"}, {"units": "deg", "value": "142.7602280543358", "title": "longitude of the ascending node", "name": "om", "sigma": 3.20469961428537e-05, "label": "node"}, {"value": "191.6002898468401", "title": "argument of perihelion", "units": "deg", "sigma": 3.39240719609602e-05, "name": "w", "label": "peri"}, {"label": "i", "sigma": 5.5628571306647e-06, "name": "i", "units": "deg", "title": "inclination", "value": "13.86116707441717"}], "labels": ["e", "q", "tp", "node", "peri", "i"], "epoch": "2459105.5"}, "elements": [{"value": ".3660999787712909", "title": "eccentricity", "units": null, "name": "e", "sigma": "4.499E-8", "label": "e"}, {"sigma": "3.5359E-9", "name": "a", "units": "au", "title": "semi-major axis", "value": "1.644093818071436", "label": "a"}, {"units": "au", "value": "1.042191106177473", "title": "perihelion distance", "name": "q", "sigma": "7.5043E-8", "label": "q"}, {"title": "inclination; angle with respect to x-y ecliptic plane", "value": "13.86094476896899", "units": "deg", "sigma": "5.5624E-6", "name": "i", "label": "i"}, {"name": "om", "sigma": "3.2045E-5", "units": "deg", "value": "142.7309752976275", "title": "longitude of the ascending node", "label": "node"}, {"label": "peri", "value": "191.6414719431196", "title": "argument of perihelion", "units": "deg", "name": "w", "sigma": "3.3925E-5"}, {"label": "M", "units": "deg", "value": "106.2456264382819", "title": "mean anomaly", "sigma": "1.0558E-5", "name": "ma"}, {"name": "tp", "sigma": "2.2252E-5", "units": "TDB", "value": "2460973.253667899569", "title": "time of perihelion passage", "label": "tp"}, {"label": "period", "units": "d", "title": "sidereal orbital period", "value": "769.9957381650696", "name": "per", "sigma": "2.484E-6"}, {"sigma": "1.5083E-9", "name": "n", "title": "mean motion", "value": ".4675350552691295", "units": "deg/d", "label": "n"}, {"label": "Q", "title": "aphelion distance", "value": "2.245996529965399", "units": "au", "name": "ad", "sigma": "4.8304E-9"}], "epoch": "2461200.5"}