{"spkid": "20612337", "covariance": {"elements": [{"name": "e", "sigma": 6.05828955567476e-08, "title": "eccentricity", "value": ".4863989936305613", "units": null, "label": "e"}, {"name": "q", "sigma": 1.03033638707216e-07, "value": ".8861246892346345", "title": "perihelion distance", "units": "au", "label": "q"}, {"label": "tp", "units": "TDB", "value": "2456306.088315223234", "title": "time of perihelion passage", "sigma": 1.41900739548004e-05, "name": "tp"}, {"label": "node", "name": "om", "sigma": 1.96561262636289e-05, "units": "deg", "title": "longitude of the ascending node", "value": "343.5033888529085"}, {"label": "peri", "sigma": 1.96423415057164e-05, "name": "w", "units": "deg", "title": "argument of perihelion", "value": "50.97874028093371"}, {"label": "i", "sigma": 1.5830783228397e-05, "name": "i", "value": "21.74690399266", "title": "inclination", "units": "deg"}], "data": [["3.670287234039786E-15", "-6.240491512371499E-15", "-1.230796484884524E-13", "-5.011388736239072E-13", "1.297334267252604E-13", "1.085851551835924E-13"], ["-6.240491512371499E-15", "1.06159307052492E-14", "2.120481845070277E-13", "8.631331095092117E-13", "-2.217743889019052E-13", "-1.946749188469683E-13"], ["-1.230796484884524E-13", "2.120481845070277E-13", "2.013581988427035E-10", "-1.53676163555323E-11", "1.640605447771261E-10", "-4.943316871367631E-11"], ["-5.011388736239072E-13", "8.631331095092117E-13", "-1.53676163555323E-11", "3.863632996917207E-10", "-2.972757782916704E-10", "-1.636089989656231E-10"], ["1.297334267252604E-13", "-2.217743889019052E-13", "1.640605447771261E-10", "-2.972757782916704E-10", "3.858215798271875E-10", "8.700726705664456E-11"], ["1.085851551835924E-13", "-1.946749188469683E-13", "-4.943316871367631E-11", "-1.636089989656231E-10", "8.700726705664456E-11", "2.506136976244973E-10"]], "labels": ["e", "q", "tp", "node", "peri", "i"], "epoch": "2456182.5"}, "elements": [{"label": "e", "units": null, "value": ".4863239728250157", "title": "eccentricity", "name": "e", "sigma": "6.0633E-8"}, {"name": "a", "sigma": "5.5691E-9", "units": "au", "title": "semi-major axis", "value": "1.725502237877349", "label": "a"}, {"label": "q", "units": "au", "value": ".8863491344343812", "title": "perihelion distance", "name": "q", "sigma": "1.0318E-7"}, {"label": "i", "name": "i", "sigma": "1.5827E-5", "units": "deg", "title": "inclination; angle with respect to x-y ecliptic plane", "value": "21.727513939"}, {"label": "node", "units": "deg", "title": "longitude of the ascending node", "value": "343.3744538136521", "name": "om", "sigma": "1.9655E-5"}, {"sigma": "1.964E-5", "name": "w", "units": "deg", "value": "51.11154373201905", "title": "argument of perihelion", "label": "peri"}, {"value": "328.5702506147807", "title": "mean anomaly", "units": "deg", "name": "ma", "sigma": "1.1705E-5", "label": "M"}, {"label": "tp", "name": "tp", "sigma": "2.7218E-5", "title": "time of perihelion passage", "value": "2461272.778666999337", "units": "TDB"}, {"sigma": "4.0081E-6", "name": "per", "units": "d", "title": "sidereal orbital period", "value": "827.8882469230979", "label": "period"}, {"units": "deg/d", "title": "mean motion", "value": ".4348412981316791", "name": "n", "sigma": "2.1052E-9", "label": "n"}, {"sigma": "8.2775E-9", "name": "ad", "value": "2.564655341320317", "title": "aphelion distance", "units": "au", "label": "Q"}], "epoch": "2461200.5"}