{"spkid": "20620096", "covariance": {"epoch": "2458032.5", "labels": ["e", "q", "tp", "node", "peri", "i"], "data": [["5.192559681752011E-16", "-9.74003108473772E-16", "1.204877395701158E-13", "-2.545797551875531E-13", "3.065583827987111E-13", "8.593261861197574E-16"], ["-9.74003108473772E-16", "1.829775696090796E-15", "-2.208719412838332E-13", "4.768786575106491E-13", "-5.737185865870496E-13", "-1.09700857966801E-15"], ["1.204877395701158E-13", "-2.208719412838332E-13", "8.891900102676335E-11", "-1.361061918285194E-10", "1.857015098327418E-10", "2.166981287562595E-12"], ["-2.545797551875531E-13", "4.768786575106491E-13", "-1.361061918285194E-10", "1.449085086630029E-9", "-1.52174682444396E-9", "-2.026610911594872E-10"], ["3.065583827987111E-13", "-5.737185865870496E-13", "1.857015098327418E-10", "-1.52174682444396E-9", "1.627963111131081E-9", "2.028932611475253E-10"], ["8.593261861197574E-16", "-1.09700857966801E-15", "2.166981287562595E-12", "-2.026610911594872E-10", "2.028932611475253E-10", "4.893016922765059E-11"]], "elements": [{"units": null, "value": ".6155438087208708", "title": "eccentricity", "name": "e", "sigma": 2.27871886852065e-08, "label": "e"}, {"units": "au", "value": ".6969661319093343", "title": "perihelion distance", "sigma": 4.27758775022886e-08, "name": "q", "label": "q"}, {"title": "time of perihelion passage", "value": "2458334.151263172036", "units": "TDB", "name": "tp", "sigma": 9.42968721786483e-06, "label": "tp"}, {"label": "node", "sigma": 3.80668502325846e-05, "name": "om", "title": "longitude of the ascending node", "value": "232.8772101893782", "units": "deg"}, {"label": "peri", "value": "251.9076583679692", "title": "argument of perihelion", "units": "deg", "sigma": 4.0348024872738e-05, "name": "w"}, {"name": "i", "sigma": 6.99501030933126e-06, "value": "5.151615611445052", "title": "inclination", "units": "deg", "label": "i"}]}, "elements": [{"sigma": "2.2676E-8", "name": "e", "value": ".6158511266012361", "title": "eccentricity", "units": null, "label": "e"}, {"label": "a", "value": "1.812787320372297", "title": "semi-major axis", "units": "au", "sigma": "5.5518E-9", "name": "a"}, {"label": "q", "name": "q", "sigma": "4.2556E-8", "title": "perihelion distance", "value": ".6963802068325818", "units": "au"}, {"sigma": "6.9951E-6", "name": "i", "title": "inclination; angle with respect to x-y ecliptic plane", "value": "5.14883939447777", "units": "deg", "label": "i"}, {"sigma": "3.8108E-5", "name": "om", "value": "232.6778348323184", "title": "longitude of the ascending node", "units": "deg", "label": "node"}, {"title": "argument of perihelion", "value": "252.09442620026", "units": "deg", "sigma": "4.0386E-5", "name": "w", "label": "peri"}, {"value": "77.43862456137126", "title": "mean anomaly", "units": "deg", "name": "ma", "sigma": "6.2667E-6", "label": "M"}, {"label": "tp", "units": "TDB", "title": "time of perihelion passage", "value": "2461008.733015574023", "sigma": "1.4823E-5", "name": "tp"}, {"title": "sidereal orbital period", "value": "891.4945840578498", "units": "d", "name": "per", "sigma": "4.0954E-6", "label": "period"}, {"units": "deg/d", "value": ".403816250191195", "title": "mean motion", "sigma": "1.8551E-9", "name": "n", "label": "n"}, {"label": "Q", "sigma": "8.9709E-9", "name": "ad", "units": "au", "title": "aphelion distance", "value": "2.929194433912012"}], "epoch": "2461200.5"}