{"spkid": "20620094", "covariance": {"labels": ["e", "q", "tp", "node", "peri", "i"], "data": [["1.045454548307207E-16", "-3.478814744251271E-16", "4.469142542960306E-14", "1.351717737200792E-14", "1.894237841038059E-14", "-2.052689058570659E-14"], ["-3.478814744251271E-16", "1.15778414447886E-15", "-1.497665653376498E-13", "-4.461264922197255E-14", "-6.374817543732837E-14", "6.7973926866375E-14"], ["4.469142542960306E-14", "-1.497665653376498E-13", "2.784782383554737E-11", "4.675229475225675E-12", "1.374987441144144E-11", "-1.550511006130613E-11"], ["1.351717737200792E-14", "-4.461264922197255E-14", "4.675229475225675E-12", "5.836529843055017E-12", "-3.630789823474094E-12", "-1.011036278005429E-11"], ["1.894237841038059E-14", "-6.374817543732837E-14", "1.374987441144144E-11", "-3.630789823474094E-12", "1.610080923598124E-11", "-7.417354777179737E-13"], ["-2.052689058570659E-14", "6.7973926866375E-14", "-1.550511006130613E-11", "-1.011036278005429E-11", "-7.417354777179737E-13", "3.583119058271438E-11"]], "elements": [{"name": "e", "sigma": 1.02247471768607e-08, "units": null, "value": ".8166080392184263", "title": "eccentricity", "label": "e"}, {"label": "q", "name": "q", "sigma": 3.40262273030505e-08, "title": "perihelion distance", "value": ".5983210371779109", "units": "au"}, {"label": "tp", "value": "2457344.432619382331", "title": "time of perihelion passage", "units": "TDB", "sigma": 5.27710373553025e-06, "name": "tp"}, {"units": "deg", "title": "longitude of the ascending node", "value": "333.034913897061", "name": "om", "sigma": 2.4158911074498e-06, "label": "node"}, {"label": "peri", "name": "w", "sigma": 4.01258136814461e-06, "title": "argument of perihelion", "value": "80.66895840908501", "units": "deg"}, {"name": "i", "sigma": 5.98591601868205e-06, "value": "22.72052492840741", "title": "inclination", "units": "deg", "label": "i"}], "epoch": "2457748.5"}, "elements": [{"sigma": "1.0458E-8", "name": "e", "title": "eccentricity", "value": ".815950762976002", "units": null, "label": "e"}, {"label": "a", "value": "3.261642079999607", "title": "semi-major axis", "units": "au", "name": "a", "sigma": "7.0323E-9"}, {"label": "q", "units": "au", "value": ".6003027362692934", "title": "perihelion distance", "sigma": "3.4411E-8", "name": "q"}, {"label": "i", "name": "i", "sigma": "6.027E-6", "units": "deg", "title": "inclination; angle with respect to x-y ecliptic plane", "value": "22.56864392762998"}, {"units": "deg", "title": "longitude of the ascending node", "value": "331.0829615147503", "sigma": "1.8051E-6", "name": "om", "label": "node"}, {"label": "peri", "sigma": "4.2012E-6", "name": "w", "value": "82.21070318334415", "title": "argument of perihelion", "units": "deg"}, {"name": "ma", "sigma": "7.9155E-7", "title": "mean anomaly", "value": "285.8533853047224", "units": "deg", "label": "M"}, {"label": "tp", "title": "time of perihelion passage", "value": "2461643.640767623008", "units": "TDB", "sigma": "6.1609E-6", "name": "tp"}, {"label": "period", "value": "2151.557114237926", "title": "sidereal orbital period", "units": "d", "sigma": "6.9583E-6", "name": "per"}, {"name": "n", "sigma": "5.4113E-10", "value": ".1673206802727664", "title": "mean motion", "units": "deg/d", "label": "n"}, {"units": "au", "title": "aphelion distance", "value": "5.92298142372992", "sigma": "1.277E-8", "name": "ad", "label": "Q"}], "epoch": "2461200.5"}