{"spkid": "20620056", "covariance": {"labels": ["e", "q", "tp", "node", "peri", "i"], "data": [["1.539426542661173E-15", "-3.369217470079617E-15", "3.361470930482962E-13", "-5.730123198332003E-13", "7.13885707670731E-13", "-7.101911806087744E-14"], ["-3.369217470079617E-15", "7.374432228074689E-15", "-7.380755105812873E-13", "1.264187882025325E-12", "-1.576253179098209E-12", "1.55705846531107E-13"], ["3.361470930482962E-13", "-7.380755105812873E-13", "1.613658864829548E-10", "-2.211553844112088E-10", "3.29498918511038E-10", "-2.295334294814557E-11"], ["-5.730123198332003E-13", "1.264187882025325E-12", "-2.211553844112088E-10", "6.789568747309095E-9", "-6.911285178544002E-9", "-4.596231493785405E-10"], ["7.13885707670731E-13", "-1.576253179098209E-12", "3.29498918511038E-10", "-6.911285178544002E-9", "7.126932634505752E-9", "4.423980426511951E-10"], ["-7.101911806087744E-14", "1.55705846531107E-13", "-2.295334294814557E-11", "-4.596231493785405E-10", "4.423980426511951E-10", "5.871539880101194E-11"]], "elements": [{"value": ".6158174302312261", "title": "eccentricity", "units": null, "name": "e", "sigma": 3.92355265373255e-08, "label": "e"}, {"sigma": 8.58745144270097e-08, "name": "q", "value": ".8356398150022856", "title": "perihelion distance", "units": "au", "label": "q"}, {"label": "tp", "sigma": 1.27029873054709e-05, "name": "tp", "units": "TDB", "title": "time of perihelion passage", "value": "2457933.157987939792"}, {"label": "node", "title": "longitude of the ascending node", "value": "251.0074071371804", "units": "deg", "sigma": 8.23988394779265e-05, "name": "om"}, {"label": "peri", "value": "73.36158326416053", "title": "argument of perihelion", "units": "deg", "sigma": 8.44211622432773e-05, "name": "w"}, {"sigma": 7.66259739259554e-06, "name": "i", "value": "4.077082323360444", "title": "inclination", "units": "deg", "label": "i"}], "epoch": "2457911.5"}, "elements": [{"label": "e", "units": null, "value": ".6170237969099442", "title": "eccentricity", "sigma": "3.9091E-8", "name": "e"}, {"units": "au", "title": "semi-major axis", "value": "2.174546377340643", "name": "a", "sigma": "1.4107E-9", "label": "a"}, {"label": "q", "name": "q", "sigma": "8.5266E-8", "value": ".832799515037155", "title": "perihelion distance", "units": "au"}, {"name": "i", "sigma": "7.6634E-6", "units": "deg", "title": "inclination; angle with respect to x-y ecliptic plane", "value": "4.077593897637715", "label": "i"}, {"sigma": "8.2475E-5", "name": "om", "units": "deg", "title": "longitude of the ascending node", "value": "250.8931583997521", "label": "node"}, {"label": "peri", "value": "73.45428259233316", "title": "argument of perihelion", "units": "deg", "sigma": "8.4494E-5", "name": "w"}, {"sigma": "3.253E-6", "name": "ma", "units": "deg", "value": "283.6792767593928", "title": "mean anomaly", "label": "M"}, {"label": "tp", "sigma": "1.0549E-5", "name": "tp", "value": "2461448.808402009907", "title": "time of perihelion passage", "units": "TDB"}, {"name": "per", "sigma": "1.1397E-6", "value": "1171.254947909156", "title": "sidereal orbital period", "units": "d", "label": "period"}, {"label": "n", "name": "n", "sigma": "2.9909E-10", "title": "mean motion", "value": ".3073626289841056", "units": "deg/d"}, {"name": "ad", "sigma": "2.2811E-9", "value": "3.51629323964413", "title": "aphelion distance", "units": "au", "label": "Q"}], "epoch": "2461200.5"}