{"spkid": "20620085", "covariance": {"labels": ["e", "q", "tp", "node", "peri", "i"], "elements": [{"label": "e", "name": "e", "sigma": 2.72377139039604e-08, "units": null, "title": "eccentricity", "value": ".3333954065654507"}, {"label": "q", "units": "au", "value": ".8638892037228629", "title": "perihelion distance", "name": "q", "sigma": 3.66368148691851e-08}, {"label": "tp", "units": "TDB", "value": "2458213.218778125526", "title": "time of perihelion passage", "sigma": 8.58058192495148e-06, "name": "tp"}, {"units": "deg", "title": "longitude of the ascending node", "value": "71.35507409309736", "sigma": 6.10878745025688e-06, "name": "om", "label": "node"}, {"label": "peri", "value": "111.1034380137548", "title": "argument of perihelion", "units": "deg", "sigma": 9.58762041333075e-06, "name": "w"}, {"label": "i", "units": "deg", "value": "25.12477708601466", "title": "inclination", "sigma": 1.13650612881461e-05, "name": "i"}], "data": [["7.418930587139995E-16", "-9.954218936544965E-16", "1.089291351803459E-13", "-4.51881948083244E-15", "5.772967175776294E-14", "2.57177818371565E-14"], ["-9.954218936544965E-16", "1.342256203758943E-15", "-1.495331648344977E-13", "8.684434519821117E-15", "-8.095073060444121E-14", "-3.107427416319458E-14"], ["1.089291351803459E-13", "-1.495331648344977E-13", "7.362638617080401E-11", "-1.397672457597172E-11", "6.816315299469894E-11", "-3.680095150962871E-11"], ["-4.51881948083244E-15", "8.684434519821117E-15", "-1.397672457597172E-11", "3.731728411241593E-11", "-3.974810239398416E-11", "9.70131845612075E-12"], ["5.772967175776294E-14", "-8.095073060444121E-14", "6.816315299469894E-11", "-3.974810239398416E-11", "9.192246519011648E-11", "-2.528600096609582E-11"], ["2.57177818371565E-14", "-3.107427416319458E-14", "-3.680095150962871E-11", "9.70131845612075E-12", "-2.528600096609582E-11", "1.29164618083316E-10"]], "epoch": "2458278.5"}, "elements": [{"label": "e", "sigma": "2.7247E-8", "name": "e", "title": "eccentricity", "value": ".3332742967819662", "units": null}, {"units": "au", "title": "semi-major axis", "value": "1.295625383879196", "name": "a", "sigma": "4.2707E-9", "label": "a"}, {"sigma": "3.6614E-8", "name": "q", "units": "au", "title": "perihelion distance", "value": ".8638267451739917", "label": "q"}, {"label": "i", "name": "i", "sigma": "1.1367E-5", "value": "25.12348922892966", "title": "inclination; angle with respect to x-y ecliptic plane", "units": "deg"}, {"label": "node", "name": "om", "sigma": "6.1105E-6", "units": "deg", "value": "71.30544761753923", "title": "longitude of the ascending node"}, {"label": "peri", "sigma": "9.595E-6", "name": "w", "value": "111.1270405522996", "title": "argument of perihelion", "units": "deg"}, {"sigma": "9.5641E-6", "name": "ma", "units": "deg", "value": "196.0849160174344", "title": "mean anomaly", "label": "M"}, {"label": "tp", "sigma": "1.5326E-5", "name": "tp", "title": "time of perihelion passage", "value": "2461445.764119701038", "units": "TDB"}, {"units": "d", "title": "sidereal orbital period", "value": "538.663562541718", "name": "per", "sigma": "2.6633E-6", "label": "period"}, {"label": "n", "units": "deg/d", "value": ".6683206829534141", "title": "mean motion", "sigma": "3.3044E-9", "name": "n"}, {"label": "Q", "sigma": "5.694E-9", "name": "ad", "value": "1.7274240225844", "title": "aphelion distance", "units": "au"}], "epoch": "2461200.5"}