{"spkid": "20620063", "covariance": {"data": [["2.510092948073318E-15", "-4.574276636765418E-15", "4.291239201961708E-13", "-4.797043101903428E-14", "-1.692111224058883E-14", "-3.518988282707575E-13"], ["-4.574276636765418E-15", "8.3384233174223E-15", "-7.731412999513941E-13", "8.812782269563182E-14", "3.708605378289092E-14", "6.329350410459167E-13"], ["4.291239201961708E-13", "-7.731412999513941E-13", "3.201664729324269E-10", "-2.258769110092353E-11", "1.372852428046178E-10", "-2.647374506655806E-10"], ["-4.797043101903428E-14", "8.812782269563182E-14", "-2.258769110092353E-11", "3.111087836506067E-11", "-2.342802857759244E-11", "-5.870605203304216E-11"], ["-1.692111224058883E-14", "3.708605378289092E-14", "1.372852428046178E-10", "-2.342802857759244E-11", "1.023169064448721E-10", "-6.533189899389794E-11"], ["-3.518988282707575E-13", "6.329350410459167E-13", "-2.647374506655806E-10", "-5.870605203304216E-11", "-6.533189899389794E-11", "1.072334904652754E-9"]], "elements": [{"units": null, "title": "eccentricity", "value": ".5996224981547756", "sigma": 5.01008278182439e-08, "name": "e", "label": "e"}, {"label": "q", "title": "perihelion distance", "value": ".7402532844477003", "units": "au", "name": "q", "sigma": 9.13149676527474e-08}, {"units": "TDB", "value": "2458615.032918170669", "title": "time of perihelion passage", "sigma": 1.78931962749093e-05, "name": "tp", "label": "tp"}, {"label": "node", "value": "155.4392079936822", "title": "longitude of the ascending node", "units": "deg", "name": "om", "sigma": 5.57771264633278e-06}, {"sigma": 1.01151819778426e-05, "name": "w", "units": "deg", "value": "68.26234397274465", "title": "argument of perihelion", "label": "peri"}, {"units": "deg", "title": "inclination", "value": "53.70786494991348", "name": "i", "sigma": 3.27465250775216e-05, "label": "i"}], "labels": ["e", "q", "tp", "node", "peri", "i"], "epoch": "2459014.5"}, "elements": [{"units": null, "title": "eccentricity", "value": ".6001204004309026", "name": "e", "sigma": "5.0177E-8", "label": "e"}, {"label": "a", "value": "1.84898498290313", "title": "semi-major axis", "units": "au", "name": "a", "sigma": "5.0382E-9"}, {"name": "q", "sigma": "9.1513E-8", "value": ".7393713745725777", "title": "perihelion distance", "units": "au", "label": "q"}, {"title": "inclination; angle with respect to x-y ecliptic plane", "value": "53.69162507012429", "units": "deg", "sigma": "3.2755E-5", "name": "i", "label": "i"}, {"label": "node", "sigma": "5.5569E-6", "name": "om", "units": "deg", "title": "longitude of the ascending node", "value": "155.3914862444238"}, {"label": "peri", "units": "deg", "value": "68.22305493872997", "title": "argument of perihelion", "name": "w", "sigma": "1.0117E-5"}, {"sigma": "9.9212E-6", "name": "ma", "units": "deg", "title": "mean anomaly", "value": "293.6489416312805", "label": "M"}, {"label": "tp", "name": "tp", "sigma": "2.5866E-5", "title": "time of perihelion passage", "value": "2461369.755915678498", "units": "TDB"}, {"label": "period", "sigma": "3.7535E-6", "name": "per", "units": "d", "title": "sidereal orbital period", "value": "918.3294304915703"}, {"sigma": "1.6023E-9", "name": "n", "value": ".3920161850930733", "title": "mean motion", "units": "deg/d", "label": "n"}, {"name": "ad", "sigma": "8.0618E-9", "units": "au", "value": "2.958598591233681", "title": "aphelion distance", "label": "Q"}], "epoch": "2461200.5"}