{"spkid": "20620092", "covariance": {"labels": ["e", "q", "tp", "node", "peri", "i"], "elements": [{"label": "e", "name": "e", "sigma": 2.50550626872655e-08, "value": ".5721111183913219", "title": "eccentricity", "units": null}, {"value": ".7930216998062023", "title": "perihelion distance", "units": "au", "name": "q", "sigma": 4.77791943208297e-08, "label": "q"}, {"label": "tp", "units": "TDB", "title": "time of perihelion passage", "value": "2458790.093856091256", "name": "tp", "sigma": 1.59200162198937e-05}, {"label": "node", "value": "6.197880282687952", "title": "longitude of the ascending node", "units": "deg", "sigma": 2.07538070107684e-05, "name": "om"}, {"label": "peri", "name": "w", "sigma": 2.09490207800269e-05, "units": "deg", "title": "argument of perihelion", "value": "79.6241416060641"}, {"sigma": 5.09832830031838e-06, "name": "i", "title": "inclination", "value": "5.704331186190086", "units": "deg", "label": "i"}], "data": [["6.277561662628045E-16", "-1.193094832794297E-15", "3.01947621699811E-14", "-2.448306738577896E-14", "7.249275828363401E-15", "-6.000941237628518E-15"], ["-1.193094832794297E-15", "2.282851409947603E-15", "-1.172575826661998E-13", "4.479263087061668E-14", "-2.414959410353824E-14", "1.139311442711582E-14"], ["3.01947621699811E-14", "-1.172575826661998E-13", "2.5344691644168E-10", "1.029349019910765E-11", "4.813996338931624E-11", "1.607305175959095E-13"], ["-2.448306738577896E-14", "4.479263087061668E-14", "1.029349019910765E-11", "4.307205054402194E-10", "-4.227192104178435E-10", "3.844220271087657E-11"], ["7.249275828363401E-15", "-2.414959410353824E-14", "4.813996338931624E-11", "-4.227192104178435E-10", "4.38861471642001E-10", "-3.741878662866482E-11"], ["-6.000941237628518E-15", "1.139311442711582E-14", "1.607305175959095E-13", "3.844220271087657E-11", "-3.741878662866482E-11", "2.599295145782729E-11"]], "epoch": "2459067.5"}, "elements": [{"label": "e", "sigma": "2.5068E-8", "name": "e", "units": null, "value": ".5713813405477431", "title": "eccentricity"}, {"label": "a", "title": "semi-major axis", "value": "1.853461747462785", "units": "au", "sigma": "9.4688E-9", "name": "a"}, {"label": "q", "name": "q", "sigma": "4.7874E-8", "title": "perihelion distance", "value": ".7944282895435363", "units": "au"}, {"label": "i", "units": "deg", "value": "5.703030854083145", "title": "inclination; angle with respect to x-y ecliptic plane", "name": "i", "sigma": "5.0973E-6"}, {"name": "om", "sigma": "2.0745E-5", "units": "deg", "value": "6.101226271403336", "title": "longitude of the ascending node", "label": "node"}, {"label": "peri", "name": "w", "sigma": "2.0943E-5", "units": "deg", "title": "argument of perihelion", "value": "79.7339071716529"}, {"sigma": "2.525E-6", "name": "ma", "value": "221.2684783728324", "title": "mean anomaly", "units": "deg", "label": "M"}, {"sigma": "8.2825E-6", "name": "tp", "value": "2461555.678375677634", "title": "time of perihelion passage", "units": "TDB", "label": "tp"}, {"sigma": "7.0628E-6", "name": "per", "units": "d", "value": "921.6666388737183", "title": "sidereal orbital period", "label": "period"}, {"name": "n", "sigma": "2.9932E-9", "units": "deg/d", "value": ".3905967568056081", "title": "mean motion", "label": "n"}, {"value": "2.912495205382033", "title": "aphelion distance", "units": "au", "name": "ad", "sigma": "1.4879E-8", "label": "Q"}], "epoch": "2461200.5"}