{"spkid": "20666241", "covariance": {"labels": ["e", "q", "tp", "node", "peri", "i"], "data": [["6.620744802452073E-14", "-6.000098150701749E-14", "4.971202771286523E-12", "9.511088766177614E-12", "-1.052959806145252E-11", "1.203138808802876E-12"], ["-6.000098150701749E-14", "5.43794257130377E-14", "-4.489798950059346E-12", "-8.604640809065289E-12", "9.530484163965689E-12", "-1.089133700805613E-12"], ["4.971202771286523E-12", "-4.489798950059346E-12", "4.996894843897376E-10", "1.119944769328874E-9", "-1.110345322705377E-9", "1.113947574728852E-10"], ["9.511088766177614E-12", "-8.604640809065289E-12", "1.119944769328874E-9", "1.162388167239347E-8", "-1.095197693052561E-8", "1.583109712554082E-9"], ["-1.052959806145252E-11", "9.530484163965689E-12", "-1.110345322705377E-9", "-1.095197693052561E-8", "1.043257954823288E-8", "-1.555277847573331E-9"], ["1.203138808802876E-12", "-1.089133700805613E-12", "1.113947574728852E-10", "1.583109712554082E-9", "-1.555277847573331E-9", "3.372889158193592E-10"]], "elements": [{"label": "e", "name": "e", "sigma": 2.57308079982967e-07, "value": ".4478167347471143", "title": "eccentricity", "units": null}, {"value": ".4988709129626931", "title": "perihelion distance", "units": "au", "sigma": 2.33193965858977e-07, "name": "q", "label": "q"}, {"units": "TDB", "value": "2456717.883400574357", "title": "time of perihelion passage", "sigma": 2.23537353565291e-05, "name": "tp", "label": "tp"}, {"label": "node", "value": "278.1219252410896", "title": "longitude of the ascending node", "units": "deg", "sigma": 0.000107814107019413, "name": "om"}, {"name": "w", "sigma": 0.000102139999746587, "title": "argument of perihelion", "value": "72.56717760534188", "units": "deg", "label": "peri"}, {"sigma": 1.83654271885889e-05, "name": "i", "value": "6.04865157928439", "title": "inclination", "units": "deg", "label": "i"}], "epoch": "2456666.5"}, "elements": [{"name": "e", "sigma": "2.5689E-7", "title": "eccentricity", "value": ".447929436060435", "units": null, "label": "e"}, {"name": "a", "sigma": "5.2041E-9", "value": ".9045534699921588", "title": "semi-major axis", "units": "au", "label": "a"}, {"label": "q", "units": "au", "title": "perihelion distance", "value": ".4993773442920615", "sigma": "2.3492E-7", "name": "q"}, {"label": "i", "sigma": "1.8373E-5", "name": "i", "title": "inclination; angle with respect to x-y ecliptic plane", "value": "6.047513706439981", "units": "deg"}, {"label": "node", "title": "longitude of the ascending node", "value": "277.9997996068559", "units": "deg", "name": "om", "sigma": ".00010793"}, {"label": "peri", "units": "deg", "title": "argument of perihelion", "value": "72.68943052743302", "name": "w", "sigma": ".00010178"}, {"label": "M", "value": "101.2384438069254", "title": "mean anomaly", "units": "deg", "sigma": "2.6507E-5", "name": "ma"}, {"label": "tp", "units": "TDB", "title": "time of perihelion passage", "value": "2461112.132462506942", "name": "tp", "sigma": "2.3394E-5"}, {"sigma": "2.7117E-6", "name": "per", "units": "d", "title": "sidereal orbital period", "value": "314.2315537580875", "label": "period"}, {"label": "n", "name": "n", "sigma": "9.8867E-9", "units": "deg/d", "title": "mean motion", "value": "1.145651974458133"}, {"label": "Q", "title": "aphelion distance", "value": "1.309729595692256", "units": "au", "name": "ad", "sigma": "7.5351E-9"}], "epoch": "2461200.5"}