{"spkid": "20671970", "covariance": {"epoch": "2458548.5", "labels": ["e", "q", "tp", "node", "peri", "i"], "elements": [{"label": "e", "sigma": 3.16498479884165e-08, "name": "e", "title": "eccentricity", "value": ".4689709029833716", "units": null}, {"sigma": 5.84438343969962e-08, "name": "q", "units": "au", "value": ".9746135676641777", "title": "perihelion distance", "label": "q"}, {"label": "tp", "name": "tp", "sigma": 1.24054590950248e-05, "value": "2458634.394059909591", "title": "time of perihelion passage", "units": "TDB"}, {"value": "193.5470383529549", "title": "longitude of the ascending node", "units": "deg", "sigma": 4.66842681030583e-05, "name": "om", "label": "node"}, {"label": "peri", "title": "argument of perihelion", "value": "30.63956991450957", "units": "deg", "sigma": 4.78667803475072e-05, "name": "w"}, {"label": "i", "units": "deg", "value": "10.93257978595089", "title": "inclination", "sigma": 4.32063472579135e-06, "name": "i"}], "data": [["1.001712877689874E-15", "-1.848685332022887E-15", "1.187351222670326E-13", "7.177553353121596E-14", "-2.992918311370834E-14", "-4.41330491411951E-14"], ["-1.848685332022887E-15", "3.415681779023516E-15", "-2.283908347870081E-13", "-1.496739073861412E-13", "6.942643675571864E-14", "8.289819857688612E-14"], ["1.187351222670326E-13", "-2.283908347870081E-13", "1.538954153583324E-10", "-8.657132674976172E-11", "1.951394835060532E-10", "-7.272492371806721E-12"], ["7.177553353121596E-14", "-1.496739073861412E-13", "-8.657132674976172E-11", "2.179420888318227E-9", "-2.184579754585696E-9", "-5.265881572866509E-11"], ["-2.992918311370834E-14", "6.942643675571864E-14", "1.951394835060532E-10", "-2.184579754585696E-9", "2.291228660836506E-9", "4.302644485638865E-11"], ["-4.41330491411951E-14", "8.289819857688612E-14", "-7.272492371806721E-12", "-5.265881572866509E-11", "4.302644485638865E-11", "1.866788443371406E-11"]]}, "elements": [{"name": "e", "sigma": "3.1651E-8", "value": ".4696158160134483", "title": "eccentricity", "units": null, "label": "e"}, {"value": "1.835864159874114", "title": "semi-major axis", "units": "au", "sigma": "3.6927E-9", "name": "a", "label": "a"}, {"label": "q", "sigma": "5.8476E-8", "name": "q", "units": "au", "title": "perihelion distance", "value": ".9737133143449885"}, {"units": "deg", "title": "inclination; angle with respect to x-y ecliptic plane", "value": "10.93154148337412", "sigma": "4.3172E-6", "name": "i", "label": "i"}, {"title": "longitude of the ascending node", "value": "193.4769140884596", "units": "deg", "sigma": "4.671E-5", "name": "om", "label": "node"}, {"label": "peri", "units": "deg", "value": "30.71338468971382", "title": "argument of perihelion", "name": "w", "sigma": "4.7881E-5"}, {"sigma": "4.5116E-6", "name": "ma", "value": "296.983034947626", "title": "mean anomaly", "units": "deg", "label": "M"}, {"label": "tp", "units": "TDB", "title": "time of perihelion passage", "value": "2461359.542877547474", "name": "tp", "sigma": "1.152E-5"}, {"label": "period", "name": "per", "sigma": "2.7413E-6", "units": "d", "value": "908.5717769731523", "title": "sidereal orbital period"}, {"units": "deg/d", "title": "mean motion", "value": ".3962262631570139", "name": "n", "sigma": "1.1955E-9", "label": "n"}, {"sigma": "5.4268E-9", "name": "ad", "units": "au", "title": "aphelion distance", "value": "2.69801500540324", "label": "Q"}], "epoch": "2461200.5"}