{"spkid": "20679814", "covariance": {"epoch": "2459023.5", "labels": ["e", "q", "tp", "node", "peri", "i"], "elements": [{"label": "e", "name": "e", "sigma": 2.31707217403538e-08, "units": null, "value": ".3988586247296511", "title": "eccentricity"}, {"label": "q", "sigma": 3.13182574205818e-08, "name": "q", "units": "au", "value": ".8566778445512541", "title": "perihelion distance"}, {"sigma": 1.88002419053934e-05, "name": "tp", "value": "2459264.122745044966", "title": "time of perihelion passage", "units": "TDB", "label": "tp"}, {"name": "om", "sigma": 5.64717214958367e-05, "title": "longitude of the ascending node", "value": "175.8356801598839", "units": "deg", "label": "node"}, {"value": "326.4030879888801", "title": "argument of perihelion", "units": "deg", "name": "w", "sigma": 5.64699672263066e-05, "label": "peri"}, {"label": "i", "title": "inclination", "value": "4.59543202516001", "units": "deg", "name": "i", "sigma": 3.66322121980092e-06}], "data": [["5.368823459689026E-16", "-7.014137835059202E-16", "1.612142526517229E-13", "2.14889485707149E-14", "4.195056653878596E-14", "-1.2701310656261E-15"], ["-7.014137835059202E-16", "9.808332478618268E-16", "-2.688159489305591E-13", "-3.563484347137981E-14", "-8.081335141370555E-14", "4.443215920601989E-15"], ["1.612142526517229E-13", "-2.688159489305591E-13", "3.534490957013112E-10", "9.165123817366959E-11", "9.873698653220836E-11", "-1.319191719654662E-11"], ["2.14889485707149E-14", "-3.563484347137981E-14", "9.165123817366959E-11", "3.189055328703347E-9", "-3.134681897848889E-9", "1.395152808109805E-10"], ["4.195056653878596E-14", "-8.081335141370555E-14", "9.873698653220836E-11", "-3.134681897848889E-9", "3.188857198540144E-9", "-1.465439751450806E-10"], ["-1.2701310656261E-15", "4.443215920601989E-15", "-1.319191719654662E-11", "1.395152808109805E-10", "-1.465439751450806E-10", "1.341918970519977E-11"]]}, "elements": [{"units": null, "title": "eccentricity", "value": ".3986428641277097", "name": "e", "sigma": "2.3356E-8", "label": "e"}, {"name": "a", "sigma": "1.4743E-8", "title": "semi-major axis", "value": "1.424808965722824", "units": "au", "label": "a"}, {"label": "q", "sigma": "3.1308E-8", "name": "q", "value": ".8568190387922374", "title": "perihelion distance", "units": "au"}, {"label": "i", "sigma": "3.6682E-6", "name": "i", "units": "deg", "value": "4.595917744810715", "title": "inclination; angle with respect to x-y ecliptic plane"}, {"label": "node", "name": "om", "sigma": "5.6463E-5", "units": "deg", "title": "longitude of the ascending node", "value": "175.7638938307047"}, {"name": "w", "sigma": "5.6467E-5", "value": "326.4663986890543", "title": "argument of perihelion", "units": "deg", "label": "peri"}, {"sigma": "1.7795E-5", "name": "ma", "units": "deg", "value": "42.15949656825397", "title": "mean anomaly", "label": "M"}, {"label": "tp", "sigma": "2.9791E-5", "name": "tp", "title": "time of perihelion passage", "value": "2461127.751121715564", "units": "TDB"}, {"sigma": "9.6419E-6", "name": "per", "value": "621.2027731402636", "title": "sidereal orbital period", "units": "d", "label": "period"}, {"label": "n", "units": "deg/d", "title": "mean motion", "value": ".5795209158197275", "name": "n", "sigma": "8.995E-9"}, {"label": "Q", "sigma": "2.0621E-8", "name": "ad", "units": "au", "title": "aphelion distance", "value": "1.992798892653409"}], "epoch": "2461200.5"}