{"spkid": "20679648", "covariance": {"epoch": "2459527.5", "labels": ["e", "q", "tp", "node", "peri", "i", "A2"], "elements": [{"units": null, "title": "eccentricity", "value": ".3289780458750785", "name": "e", "sigma": 1.714377425216e-08, "label": "e"}, {"label": "q", "name": "q", "sigma": 1.73818770617381e-08, "units": "au", "title": "perihelion distance", "value": ".6744210510734988"}, {"name": "tp", "sigma": 1.05301637777155e-06, "title": "time of perihelion passage", "value": "2459457.332122699447", "units": "TDB", "label": "tp"}, {"label": "node", "units": "deg", "value": "49.57013103594053", "title": "longitude of the ascending node", "name": "om", "sigma": 1.4462383431708e-06}, {"units": "deg", "title": "argument of perihelion", "value": "250.1348587660847", "name": "w", "sigma": 2.17827297215186e-06, "label": "peri"}, {"label": "i", "value": "4.313824998379166", "title": "inclination", "units": "deg", "sigma": 4.06790115453578e-06, "name": "i"}], "data": [["2.939089956090243E-16", "-2.94259430713347E-16", "1.736629043557288E-14", "9.761376090799185E-15", "-2.719652073831056E-14", "-1.650982187147506E-14", "-3.647124296747791E-23"], ["-2.94259430713347E-16", "3.021296501893778E-16", "-1.661043717738548E-14", "-9.909314672726639E-15", "2.917371270056556E-14", "1.48018909025629E-14", "6.298590246927539E-23"], ["1.736629043557288E-14", "-1.661043717738548E-14", "1.108843491855123E-12", "5.754043259057529E-13", "-1.418129519556075E-12", "-1.089206223029511E-12", "5.421905231975389E-22"], ["9.761376090799185E-15", "-9.909314672726639E-15", "5.754043259057529E-13", "2.091605345257435E-12", "-2.682672025318863E-12", "-2.520496492764617E-12", "-8.024773905840833E-22"], ["-2.719652073831056E-14", "2.917371270056556E-14", "-1.418129519556075E-12", "-2.682672025318863E-12", "4.744873141207284E-12", "3.133751459090194E-12", "9.413589760717017E-21"], ["-1.650982187147506E-14", "1.48018909025629E-14", "-1.089206223029511E-12", "-2.520496492764617E-12", "3.133751459090194E-12", "1.654781980307352E-11", "-4.374576123220721E-22"], ["-3.647124296747791E-23", "6.298590246927539E-23", "5.421905231975389E-22", "-8.024773905840833E-22", "9.413589760717017E-21", "-4.374576123220721E-22", "2.668448983828671E-28"]]}, "elements": [{"label": "e", "units": null, "value": ".3264332858126502", "title": "eccentricity", "sigma": "1.7297E-8", "name": "e"}, {"label": "a", "sigma": "5.4203E-9", "name": "a", "title": "semi-major axis", "value": "1.006017891190944", "units": "au"}, {"label": "q", "value": ".6776201653831709", "title": "perihelion distance", "units": "au", "sigma": "1.8164E-8", "name": "q"}, {"label": "i", "title": "inclination; angle with respect to x-y ecliptic plane", "value": "4.446461001402995", "units": "deg", "name": "i", "sigma": "3.9551E-6"}, {"value": "49.44965636927756", "title": "longitude of the ascending node", "units": "deg", "name": "om", "sigma": "1.3789E-6", "label": "node"}, {"label": "peri", "sigma": "2.1289E-6", "name": "w", "units": "deg", "title": "argument of perihelion", "value": "250.5468308184272"}, {"label": "M", "sigma": "1.1869E-5", "name": "ma", "units": "deg", "value": "264.1671850651289", "title": "mean anomaly"}, {"name": "tp", "sigma": "1.2919E-5", "title": "time of perihelion passage", "value": "2461298.611231641646", "units": "TDB", "label": "tp"}, {"label": "period", "value": "368.5589681884679", "title": "sidereal orbital period", "units": "d", "name": "per", "sigma": "2.9786E-6"}, {"label": "n", "name": "n", "sigma": "7.8941E-9", "title": "mean motion", "value": ".9767772081885927", "units": "deg/d"}, {"value": "1.334415616998717", "title": "aphelion distance", "units": "au", "sigma": "7.1897E-9", "name": "ad", "label": "Q"}], "epoch": "2461200.5"}