{"spkid": "20673713", "covariance": {"epoch": "2457779.5", "labels": ["e", "q", "tp", "node", "peri", "i"], "data": [["6.203813788454253E-13", "-5.347440302026553E-13", "4.614281761692897E-12", "-2.046147227237158E-11", "2.091664564006069E-11", "3.54206474099157E-12"], ["-5.347440302026553E-13", "4.609323710424792E-13", "-3.973283284803195E-12", "1.765409889496532E-11", "-1.804561076270321E-11", "-3.052411575454387E-12"], ["4.614281761692897E-12", "-3.973283284803195E-12", "3.455907748600898E-9", "7.235366758004723E-10", "4.803245059835162E-10", "7.542561445176448E-11"], ["-2.046147227237158E-11", "1.765409889496532E-11", "7.235366758004723E-10", "1.625329939768671E-7", "-1.616950901454203E-7", "5.671440001755136E-9"], ["2.091664564006069E-11", "-1.804561076270321E-11", "4.803245059835162E-10", "-1.616950901454203E-7", "1.612952179164653E-7", "-5.632681743323471E-9"], ["3.54206474099157E-12", "-3.052411575454387E-12", "7.542561445176448E-11", "5.671440001755136E-9", "-5.632681743323471E-9", "2.431029363154375E-10"]], "elements": [{"units": null, "value": ".6205511054143867", "title": "eccentricity", "name": "e", "sigma": 7.87642925979422e-07, "label": "e"}, {"label": "q", "units": "au", "value": ".3266031918546191", "title": "perihelion distance", "name": "q", "sigma": 6.78920003419018e-07}, {"sigma": 5.87869692074774e-05, "name": "tp", "units": "TDB", "title": "time of perihelion passage", "value": "2457831.318869100949", "label": "tp"}, {"label": "node", "sigma": 0.000403153809329476, "name": "om", "value": "293.9263134572878", "title": "longitude of the ascending node", "units": "deg"}, {"label": "peri", "units": "deg", "value": "63.06648064028396", "title": "argument of perihelion", "sigma": 0.000401615759048951, "name": "w"}, {"label": "i", "value": "4.560201159496275", "title": "inclination", "units": "deg", "sigma": 1.55917586023975e-05, "name": "i"}]}, "elements": [{"label": "e", "sigma": "7.8573E-7", "name": "e", "units": null, "title": "eccentricity", "value": ".6204921513652017"}, {"value": ".8605788441316061", "title": "semi-major axis", "units": "au", "name": "a", "sigma": "1.7482E-8", "label": "a"}, {"label": "q", "units": "au", "title": "perihelion distance", "value": ".3265964257170072", "name": "q", "sigma": "6.8114E-7"}, {"label": "i", "sigma": "1.572E-5", "name": "i", "units": "deg", "value": "4.547981978902355", "title": "inclination; angle with respect to x-y ecliptic plane"}, {"name": "om", "sigma": ".00040439", "value": "293.8460629503343", "title": "longitude of the ascending node", "units": "deg", "label": "node"}, {"label": "peri", "sigma": ".00040331", "name": "w", "title": "argument of perihelion", "value": "63.12389345751156", "units": "deg"}, {"label": "M", "units": "deg", "value": "198.8399381758162", "title": "mean anomaly", "sigma": "9.6478E-5", "name": "ma"}, {"name": "tp", "sigma": "8.1211E-5", "units": "TDB", "value": "2461331.038719926440", "title": "time of perihelion passage", "label": "tp"}, {"label": "period", "units": "d", "title": "sidereal orbital period", "value": "291.5979222245897", "name": "per", "sigma": "8.8852E-6"}, {"label": "n", "title": "mean motion", "value": "1.234576698124505", "units": "deg/d", "sigma": "3.7618E-8", "name": "n"}, {"value": "1.394561262546205", "title": "aphelion distance", "units": "au", "sigma": "2.8329E-8", "name": "ad", "label": "Q"}], "epoch": "2461200.5"}