{"spkid": "20673675", "covariance": {"epoch": "2458069.5", "elements": [{"label": "e", "sigma": 3.07840542516641e-08, "name": "e", "value": ".5769800753997811", "title": "eccentricity", "units": null}, {"units": "au", "title": "perihelion distance", "value": ".8811314983399369", "sigma": 6.37548168292602e-08, "name": "q", "label": "q"}, {"label": "tp", "name": "tp", "sigma": 1.56923413565327e-05, "value": "2458158.268309970784", "title": "time of perihelion passage", "units": "TDB"}, {"label": "node", "sigma": 0.000124044727252393, "name": "om", "units": "deg", "title": "longitude of the ascending node", "value": "140.3705738035976"}, {"label": "peri", "value": "350.3982949296053", "title": "argument of perihelion", "units": "deg", "sigma": 0.00011788310318848, "name": "w"}, {"units": "deg", "value": "4.701648699497362", "title": "inclination", "name": "i", "sigma": 5.55197359442737e-06, "label": "i"}], "data": [["9.476579961694002E-16", "-1.962308166319774E-15", "-2.203820134401993E-13", "-5.659740808773585E-13", "2.43292579781491E-13", "1.051253564486684E-15"], ["-1.962308166319774E-15", "4.064676668932518E-15", "4.527066309845311E-13", "1.210454151797585E-12", "-5.441256450152315E-13", "3.492239724461134E-16"], ["-2.203820134401993E-13", "4.527066309845311E-13", "2.462495772499464E-10", "1.33004367440956E-9", "-1.142205697951308E-9", "1.909614550083227E-11"], ["-5.659740808773585E-13", "1.210454151797585E-12", "1.33004367440956E-9", "1.538709435912049E-8", "-1.4551542252158E-8", "5.520889527462951E-10"], ["2.43292579781491E-13", "-5.441256450152315E-13", "-1.142205697951308E-9", "-1.4551542252158E-8", "1.389642601734592E-8", "-5.424872265388159E-10"], ["1.051253564486684E-15", "3.492239724461134E-16", "1.909614550083227E-11", "5.520889527462951E-10", "-5.424872265388159E-10", "3.08244107932188E-11"]], "labels": ["e", "q", "tp", "node", "peri", "i"]}, "elements": [{"sigma": "3.1748E-8", "name": "e", "units": null, "value": ".5771212226632046", "title": "eccentricity", "label": "e"}, {"label": "a", "sigma": "5.9533E-9", "name": "a", "units": "au", "title": "semi-major axis", "value": "2.081778576545945"}, {"label": "q", "sigma": "6.5997E-8", "name": "q", "value": ".8803399791356833", "title": "perihelion distance", "units": "au"}, {"name": "i", "sigma": "5.528E-6", "value": "4.681548002713592", "title": "inclination; angle with respect to x-y ecliptic plane", "units": "deg", "label": "i"}, {"label": "node", "title": "longitude of the ascending node", "value": "140.080097603923", "units": "deg", "sigma": ".00012439", "name": "om"}, {"label": "peri", "value": "350.52552710651", "title": "argument of perihelion", "units": "deg", "sigma": ".00011847", "name": "w"}, {"units": "deg", "title": "mean anomaly", "value": "278.4061628714699", "name": "ma", "sigma": "3.5728E-6", "label": "M"}, {"label": "tp", "name": "tp", "sigma": "1.0858E-5", "units": "TDB", "title": "time of perihelion passage", "value": "2461449.159517008707"}, {"label": "period", "sigma": "4.7061E-6", "name": "per", "title": "sidereal orbital period", "value": "1097.110140587245", "units": "d"}, {"name": "n", "sigma": "1.4076E-9", "title": "mean motion", "value": ".3281347849061942", "units": "deg/d", "label": "n"}, {"label": "Q", "sigma": "9.389E-9", "name": "ad", "units": "au", "value": "3.283217173956206", "title": "aphelion distance"}], "epoch": "2461200.5"}