{"spkid": "20745227", "covariance": {"epoch": "2458171.5", "elements": [{"value": ".531618014608809", "title": "eccentricity", "units": null, "sigma": 3.94712783446126e-08, "name": "e", "label": "e"}, {"name": "q", "sigma": 6.62037983276408e-08, "units": "au", "value": ".7953703874439084", "title": "perihelion distance", "label": "q"}, {"name": "tp", "sigma": 9.16324303097644e-06, "units": "TDB", "value": "2457981.695739977114", "title": "time of perihelion passage", "label": "tp"}, {"name": "om", "sigma": 1.03556680016625e-05, "value": "353.9718703715697", "title": "longitude of the ascending node", "units": "deg", "label": "node"}, {"label": "peri", "name": "w", "sigma": 1.31546807130552e-05, "units": "deg", "value": "100.3675255305447", "title": "argument of perihelion"}, {"value": "12.36006451722508", "title": "inclination", "units": "deg", "name": "i", "sigma": 1.2112918863417e-05, "label": "i"}], "data": [["1.557981814157883E-15", "-2.611354233199437E-15", "-4.566596729676623E-14", "-7.140000049956976E-14", "-5.524004072736641E-14", "-2.946634237372662E-14"], ["-2.611354233199437E-15", "4.382942913006936E-15", "5.922773194509774E-14", "1.289916932276923E-13", "8.49159993211403E-14", "3.488673837032077E-14"], ["-4.566596729676623E-14", "5.922773194509774E-14", "8.396502284473837E-11", "-2.882201162115178E-11", "7.006798914946788E-11", "3.114413026103631E-11"], ["-7.140000049956976E-14", "1.289916932276923E-13", "-2.882201162115178E-11", "1.072398597606571E-10", "-1.044220910585621E-10", "-6.483275363450652E-11"], ["-5.524004072736641E-14", "8.49159993211403E-14", "7.006798914946788E-11", "-1.044220910585621E-10", "1.730456246624252E-10", "4.20211474793733E-11"], ["-2.946634237372662E-14", "3.488673837032077E-14", "3.114413026103631E-11", "-6.483275363450652E-11", "4.20211474793733E-11", "1.467228033917225E-10"]], "labels": ["e", "q", "tp", "node", "peri", "i"]}, "elements": [{"label": "e", "units": null, "value": ".5317619993325438", "title": "eccentricity", "sigma": "3.9514E-8", "name": "e"}, {"name": "a", "sigma": "5.8887E-9", "value": "1.698782796622591", "title": "semi-major axis", "units": "au", "label": "a"}, {"label": "q", "name": "q", "sigma": "6.6157E-8", "units": "au", "title": "perihelion distance", "value": ".795434660258832"}, {"label": "i", "sigma": "1.2118E-5", "name": "i", "title": "inclination; angle with respect to x-y ecliptic plane", "value": "12.36838990902422", "units": "deg"}, {"label": "node", "sigma": "1.0333E-5", "name": "om", "value": "353.8109401747595", "title": "longitude of the ascending node", "units": "deg"}, {"value": "100.5909863457007", "title": "argument of perihelion", "units": "deg", "sigma": "1.315E-5", "name": "w", "label": "peri"}, {"value": "353.205264753535", "title": "mean anomaly", "units": "deg", "name": "ma", "sigma": "5.1235E-6", "label": "M"}, {"label": "tp", "value": "2461215.764242145038", "title": "time of perihelion passage", "units": "TDB", "sigma": "1.1578E-5", "name": "tp"}, {"label": "period", "value": "808.7330812591413", "title": "sidereal orbital period", "units": "d", "sigma": "4.2051E-6", "name": "per"}, {"label": "n", "sigma": "2.3146E-9", "name": "n", "title": "mean motion", "value": ".4451406877526328", "units": "deg/d"}, {"label": "Q", "name": "ad", "sigma": "9.02E-9", "value": "2.60213093298635", "title": "aphelion distance", "units": "au"}], "epoch": "2461200.5"}