{"spkid": "20748147", "covariance": {"labels": ["e", "q", "tp", "node", "peri", "i"], "elements": [{"units": null, "value": ".6694499266467493", "title": "eccentricity", "name": "e", "sigma": 1.77901315874989e-08, "label": "e"}, {"name": "q", "sigma": 4.8353537946535e-08, "title": "perihelion distance", "value": ".8880802764579723", "units": "au", "label": "q"}, {"sigma": 1.54908166328044e-05, "name": "tp", "value": "2458189.040394654190", "title": "time of perihelion passage", "units": "TDB", "label": "tp"}, {"label": "node", "name": "om", "sigma": 4.98296065068386e-05, "units": "deg", "title": "longitude of the ascending node", "value": "183.2152749545776"}, {"units": "deg", "value": "144.6485729224661", "title": "argument of perihelion", "sigma": 4.93176189685072e-05, "name": "w", "label": "peri"}, {"label": "i", "name": "i", "sigma": 4.7155200462806e-06, "value": "9.248119637718258", "title": "inclination", "units": "deg"}], "data": [["3.164887819005263E-16", "-8.559757579182284E-16", "-4.848388621642241E-15", "-7.413765474023407E-14", "1.116817901820404E-13", "-1.937890541036394E-14"], ["-8.559757579182284E-16", "2.338064631947E-15", "-5.536175867111765E-14", "2.019855959898362E-13", "-3.118446337198445E-13", "5.114110803943284E-14"], ["-4.848388621642241E-15", "-5.536175867111765E-14", "2.399653999511685E-10", "2.882953619336656E-11", "2.438061411758375E-11", "1.578625218504352E-11"], ["-7.413765474023407E-14", "2.019855959898362E-13", "2.882953619336656E-11", "2.48298968462637E-9", "-2.439851834287422E-9", "1.419242978120416E-10"], ["1.116817901820404E-13", "-3.118446337198445E-13", "2.438061411758375E-11", "-2.439851834287422E-9", "2.432227540722859E-9", "-1.332515340727453E-10"], ["-1.937890541036394E-14", "5.114110803943284E-14", "1.578625218504352E-11", "1.419242978120416E-10", "-1.332515340727453E-10", "2.223612930687418E-11"]], "epoch": "2458795.5"}, "elements": [{"label": "e", "name": "e", "sigma": "1.7761E-8", "units": null, "title": "eccentricity", "value": ".6693607198617835"}, {"label": "a", "sigma": "1.4317E-8", "name": "a", "title": "semi-major axis", "value": "2.684935729368572", "units": "au"}, {"label": "q", "value": ".8877452167758021", "title": "perihelion distance", "units": "au", "name": "q", "sigma": "4.8125E-8"}, {"sigma": "4.7196E-6", "name": "i", "units": "deg", "value": "9.25554024967261", "title": "inclination; angle with respect to x-y ecliptic plane", "label": "i"}, {"title": "longitude of the ascending node", "value": "183.1787571872573", "units": "deg", "name": "om", "sigma": "4.9789E-5", "label": "node"}, {"label": "peri", "value": "144.6963280956133", "title": "argument of perihelion", "units": "deg", "sigma": "4.9277E-5", "name": "w"}, {"name": "ma", "sigma": "2.6707E-6", "units": "deg", "title": "mean anomaly", "value": "314.5930228496163", "label": "M"}, {"name": "tp", "sigma": "1.3344E-5", "units": "TDB", "value": "2461403.183949477591", "title": "time of perihelion passage", "label": "tp"}, {"units": "d", "value": "1606.938545375423", "title": "sidereal orbital period", "name": "per", "sigma": "1.2853E-5", "label": "period"}, {"name": "n", "sigma": "1.7918E-9", "units": "deg/d", "title": "mean motion", "value": ".2240284801407229", "label": "n"}, {"label": "Q", "units": "au", "value": "4.482126241961343", "title": "aphelion distance", "sigma": "2.39E-8", "name": "ad"}], "epoch": "2461200.5"}