{"spkid": "20745311", "covariance": {"epoch": "2458119.5", "data": [["1.657698073197098E-15", "-1.237467677937731E-15", "7.741352851221912E-14", "3.178448066747255E-15", "-1.252892804613942E-13", "-3.458748033347462E-14", "-3.541032297196063E-22"], ["-1.237467677937731E-15", "9.259420090601995E-16", "-1.125407535577023E-13", "-2.479452470625321E-15", "8.718972342600888E-14", "2.217186241381156E-14", "3.198991289633543E-22"], ["7.741352851221912E-14", "-1.125407535577023E-13", "1.413394278404225E-9", "-5.326265798342113E-12", "1.691414397033803E-10", "9.183814909317528E-11", "-1.451775743647675E-18"], ["3.178448066747255E-15", "-2.479452470625321E-15", "-5.326265798342113E-12", "1.163623292036392E-11", "-1.724082344708605E-11", "-1.990321107960635E-12", "-3.396458579887034E-21"], ["-1.252892804613942E-13", "8.718972342600888E-14", "1.691414397033803E-10", "-1.724082344708605E-11", "5.453353613287779E-11", "1.980680162451544E-11", "-1.389497920616588E-19"], ["-3.458748033347462E-14", "2.217186241381156E-14", "9.183814909317528E-11", "-1.990321107960635E-12", "1.980680162451544E-11", "3.742802930202209E-11", "-7.846778300690978E-20"], ["-3.541032297196063E-22", "3.198991289633543E-22", "-1.451775743647675E-18", "-3.396458579887034E-21", "-1.389497920616588E-19", "-7.846778300690978E-20", "1.548769185634048E-27"]], "elements": [{"label": "e", "units": null, "title": "eccentricity", "value": ".4166790890321141", "name": "e", "sigma": 4.07148384891442e-08}, {"label": "q", "sigma": 3.04292952442248e-08, "name": "q", "units": "au", "value": ".4287542153125725", "title": "perihelion distance"}, {"label": "tp", "name": "tp", "sigma": 3.7595136366347e-05, "value": "2458182.896029004231", "title": "time of perihelion passage", "units": "TDB"}, {"label": "node", "name": "om", "sigma": 3.41119230187392e-06, "units": "deg", "value": "94.47988134299331", "title": "longitude of the ascending node"}, {"label": "peri", "sigma": 7.38468253433266e-06, "name": "w", "title": "argument of perihelion", "value": "157.638429660355", "units": "deg"}, {"name": "i", "sigma": 6.11784515185062e-06, "units": "deg", "value": "8.384408189242707", "title": "inclination", "label": "i"}], "labels": ["e", "q", "tp", "node", "peri", "i", "A2"]}, "elements": [{"label": "e", "sigma": "3.9538E-8", "name": "e", "units": null, "value": ".4198619979451758", "title": "eccentricity"}, {"sigma": "2.3121E-8", "name": "a", "title": "semi-major axis", "value": ".7324247591547713", "units": "au", "label": "a"}, {"label": "q", "title": "perihelion distance", "value": ".4249074364315348", "units": "au", "sigma": "3.3815E-8", "name": "q"}, {"label": "i", "sigma": "5.9868E-6", "name": "i", "units": "deg", "title": "inclination; angle with respect to x-y ecliptic plane", "value": "8.240083167048816"}, {"value": "94.39929645552108", "title": "longitude of the ascending node", "units": "deg", "name": "om", "sigma": "3.5386E-6", "label": "node"}, {"units": "deg", "value": "158.1212464687955", "title": "argument of perihelion", "name": "w", "sigma": "6.8696E-6", "label": "peri"}, {"label": "M", "units": "deg", "value": "50.03208030230643", "title": "mean anomaly", "sigma": "7.1429E-5", "name": "ma"}, {"label": "tp", "units": "TDB", "title": "time of perihelion passage", "value": "2461168.680817873264", "sigma": "4.3945E-5", "name": "tp"}, {"name": "per", "sigma": "1.0841E-5", "units": "d", "title": "sidereal orbital period", "value": "228.9512148287978", "label": "period"}, {"label": "n", "sigma": "7.4455E-8", "name": "n", "units": "deg/d", "title": "mean motion", "value": "1.572387376363983"}, {"value": "1.039942081878008", "title": "aphelion distance", "units": "au", "name": "ad", "sigma": "3.2829E-8", "label": "Q"}], "epoch": "2461200.5"}