{"spkid": "20756880", "covariance": {"epoch": "2459675.5", "elements": [{"name": "e", "sigma": 2.54979498967088e-08, "value": ".5432621600511264", "title": "eccentricity", "units": null, "label": "e"}, {"label": "q", "name": "q", "sigma": 4.0659000187328e-08, "units": "au", "title": "perihelion distance", "value": ".736695185043908"}, {"value": "2460039.106828577069", "title": "time of perihelion passage", "units": "TDB", "name": "tp", "sigma": 1.17193120451537e-05, "label": "tp"}, {"label": "node", "name": "om", "sigma": 2.56061157302906e-05, "title": "longitude of the ascending node", "value": "98.7266495320419", "units": "deg"}, {"label": "peri", "sigma": 2.71387183828163e-05, "name": "w", "title": "argument of perihelion", "value": "115.0788355213428", "units": "deg"}, {"value": "8.595288399530109", "title": "inclination", "units": "deg", "sigma": 5.01841134237898e-06, "name": "i", "label": "i"}], "data": [["6.501454489350707E-16", "-1.030784166650185E-15", "-1.385205175885273E-13", "4.962290911836696E-14", "-8.634551964093414E-14", "1.171401195130442E-14"], ["-1.030784166650185E-15", "1.653154296233135E-15", "2.451877956344607E-13", "-9.505753563513203E-14", "1.641143500330274E-13", "-1.977965339381319E-14"], ["-1.385205175885273E-13", "2.451877956344607E-13", "1.373422748116845E-10", "-7.409676039848543E-11", "1.34309742882126E-10", "-7.778857230003029E-12"], ["4.962290911836696E-14", "-9.505753563513203E-14", "-7.409676039848543E-11", "6.556731627930376E-10", "-6.790338418949408E-10", "8.314257492667988E-11"], ["-8.634551964093414E-14", "1.641143500330274E-13", "1.34309742882126E-10", "-6.790338418949408E-10", "7.365100354618139E-10", "-8.51730469767401E-11"], ["1.171401195130442E-14", "-1.977965339381319E-14", "-7.778857230003029E-12", "8.314257492667988E-11", "-8.51730469767401E-11", "2.518445240131795E-11"]], "labels": ["e", "q", "tp", "node", "peri", "i"]}, "elements": [{"title": "eccentricity", "value": ".5429666991938191", "units": null, "name": "e", "sigma": "2.5529E-8", "label": "e"}, {"units": "au", "value": "1.613708512585809", "title": "semi-major axis", "name": "a", "sigma": "9.0671E-9", "label": "a"}, {"label": "q", "units": "au", "title": "perihelion distance", "value": ".7375185280461246", "sigma": "4.0573E-8", "name": "q"}, {"units": "deg", "value": "8.599280247609313", "title": "inclination; angle with respect to x-y ecliptic plane", "sigma": "5.0209E-6", "name": "i", "label": "i"}, {"name": "om", "sigma": "2.5562E-5", "title": "longitude of the ascending node", "value": "98.63426840550788", "units": "deg", "label": "node"}, {"label": "peri", "sigma": "2.7099E-5", "name": "w", "units": "deg", "value": "115.191831377449", "title": "argument of perihelion"}, {"sigma": "8.8457E-6", "name": "ma", "title": "mean anomaly", "value": "198.3931225662663", "units": "deg", "label": "M"}, {"sigma": "2.0704E-5", "name": "tp", "units": "TDB", "title": "time of perihelion passage", "value": "2461536.619260978535", "label": "tp"}, {"units": "d", "title": "sidereal orbital period", "value": "748.7486663548066", "name": "per", "sigma": "6.3106E-6", "label": "period"}, {"units": "deg/d", "title": "mean motion", "value": ".480802191945953", "sigma": "4.0523E-9", "name": "n", "label": "n"}, {"title": "aphelion distance", "value": "2.489898497125492", "units": "au", "sigma": "1.399E-8", "name": "ad", "label": "Q"}], "epoch": "2461200.5"}