{"spkid": "20755140", "covariance": {"epoch": "2457968.5", "elements": [{"sigma": 2.7984134822762e-08, "name": "e", "title": "eccentricity", "value": ".3385103082232633", "units": null, "label": "e"}, {"name": "q", "sigma": 3.79363599016228e-08, "units": "au", "title": "perihelion distance", "value": ".8700098707005401", "label": "q"}, {"label": "tp", "sigma": 6.49729129559909e-06, "name": "tp", "title": "time of perihelion passage", "value": "2457823.904449107344", "units": "TDB"}, {"label": "node", "name": "om", "sigma": 0.0001445393461976, "units": "deg", "value": "2.586795949030703", "title": "longitude of the ascending node"}, {"label": "peri", "units": "deg", "value": "187.9206568105086", "title": "argument of perihelion", "sigma": 0.000143784132739539, "name": "w"}, {"label": "i", "title": "inclination", "value": "2.259014346439012", "units": "deg", "name": "i", "sigma": 3.4610728885976e-06}], "data": [["7.831118017785217E-16", "-1.060362947517656E-15", "-4.075162289455655E-15", "-4.321564751125326E-13", "4.54734460810351E-13", "-1.691084136489052E-14"], ["-1.060362947517656E-15", "1.439167402585451E-15", "-1.659228579720125E-15", "5.421037578528295E-13", "-5.735780112941641E-13", "2.370170141402493E-14"], ["-4.075162289455655E-15", "-1.659228579720125E-15", "4.221479417986767E-11", "1.690581441177518E-10", "-1.399685147963699E-10", "1.158163825711529E-12"], ["-4.321564751125326E-13", "5.421037578528295E-13", "1.690581441177518E-10", "2.089162259922971E-8", "-2.076772957330759E-8", "-4.034780748155378E-10"], ["4.54734460810351E-13", "-5.735780112941641E-13", "-1.399685147963699E-10", "-2.076772957330759E-8", "2.067387682766143E-8", "4.050802229338974E-10"], ["-1.691084136489052E-14", "2.370170141402493E-14", "1.158163825711529E-12", "-4.034780748155378E-10", "4.050802229338974E-10", "1.197902554018533E-11"]], "labels": ["e", "q", "tp", "node", "peri", "i"]}, "elements": [{"name": "e", "sigma": "2.8089E-8", "title": "eccentricity", "value": ".3382235297731359", "units": null, "label": "e"}, {"label": "a", "sigma": "2.4205E-9", "name": "a", "title": "semi-major axis", "value": "1.314661248029993", "units": "au"}, {"value": ".8700118802653324", "title": "perihelion distance", "units": "au", "name": "q", "sigma": "3.7803E-8", "label": "q"}, {"name": "i", "sigma": "3.5077E-6", "title": "inclination; angle with respect to x-y ecliptic plane", "value": "2.280037828056691", "units": "deg", "label": "i"}, {"label": "node", "sigma": ".00014267", "name": "om", "title": "longitude of the ascending node", "value": "1.838947863996492", "units": "deg"}, {"label": "peri", "units": "deg", "value": "188.6005188166124", "title": "argument of perihelion", "name": "w", "sigma": ".0001419"}, {"label": "M", "sigma": "7.3574E-6", "name": "ma", "value": "48.39276621056971", "title": "mean anomaly", "units": "deg"}, {"sigma": "1.1079E-5", "name": "tp", "value": "2461126.488847651558", "title": "time of perihelion passage", "units": "TDB", "label": "tp"}, {"label": "period", "name": "per", "sigma": "1.5206E-6", "value": "550.578463101366", "title": "sidereal orbital period", "units": "d"}, {"label": "n", "title": "mean motion", "value": ".6538577589325739", "units": "deg/d", "sigma": "1.8058E-9", "name": "n"}, {"label": "Q", "units": "au", "title": "aphelion distance", "value": "1.759310615794653", "name": "ad", "sigma": "3.2392E-9"}], "epoch": "2461200.5"}