{"spkid": "20756327", "covariance": {"epoch": "2458688.5", "data": [["1.498958695338122E-16", "-2.243649290988906E-16", "-5.121116296752426E-14", "9.372482322217513E-14", "-1.192712251433244E-13", "-3.990430127921424E-15"], ["-2.243649290988906E-16", "3.39215016724833E-16", "7.127088649657775E-14", "-1.621088306500038E-13", "1.989551765487588E-13", "4.850611492324252E-15"], ["-5.121116296752426E-14", "7.127088649657775E-14", "3.673630495794311E-11", "-1.342108304843446E-11", "3.498374801909286E-11", "2.989478755502704E-12"], ["9.372482322217513E-14", "-1.621088306500038E-13", "-1.342108304843446E-11", "1.526467496317719E-9", "-1.549011293581834E-9", "3.022336081823132E-11"], ["-1.192712251433244E-13", "1.989551765487588E-13", "3.498374801909286E-11", "-1.549011293581834E-9", "1.588373496421153E-9", "-2.867147364070626E-11"], ["-3.990430127921424E-15", "4.850611492324252E-15", "2.989478755502704E-12", "3.022336081823132E-11", "-2.867147364070626E-11", "2.538767497468987E-12"]], "elements": [{"label": "e", "name": "e", "sigma": 1.22431968673959e-08, "value": ".4146341636969307", "title": "eccentricity", "units": null}, {"label": "q", "name": "q", "sigma": 1.841779076667e-08, "value": ".9425157070016082", "title": "perihelion distance", "units": "au"}, {"label": "tp", "sigma": 6.06104817320759e-06, "name": "tp", "units": "TDB", "value": "2458372.813570688555", "title": "time of perihelion passage"}, {"label": "node", "units": "deg", "value": "277.0208458261524", "title": "longitude of the ascending node", "sigma": 3.90700332264732e-05, "name": "om"}, {"label": "peri", "units": "deg", "value": "98.0245177531842", "title": "argument of perihelion", "name": "w", "sigma": 3.98544037268299e-05}, {"units": "deg", "title": "inclination", "value": "2.01933835040991", "sigma": 1.59335102769885e-06, "name": "i", "label": "i"}], "labels": ["e", "q", "tp", "node", "peri", "i"]}, "elements": [{"units": null, "value": ".4139621369499704", "title": "eccentricity", "sigma": "1.2147E-8", "name": "e", "label": "e"}, {"sigma": "2.9214E-9", "name": "a", "title": "semi-major axis", "value": "1.608403484497898", "units": "au", "label": "a"}, {"name": "q", "sigma": "1.8566E-8", "value": ".9425853409773692", "title": "perihelion distance", "units": "au", "label": "q"}, {"title": "inclination; angle with respect to x-y ecliptic plane", "value": "2.021408997477982", "units": "deg", "sigma": "1.588E-6", "name": "i", "label": "i"}, {"sigma": "3.9259E-5", "name": "om", "units": "deg", "value": "276.4360073698978", "title": "longitude of the ascending node", "label": "node"}, {"label": "peri", "units": "deg", "value": "98.56436169471834", "title": "argument of perihelion", "name": "w", "sigma": "3.997E-5"}, {"title": "mean anomaly", "value": "285.8940884866171", "units": "deg", "name": "ma", "sigma": "2.7364E-6", "label": "M"}, {"label": "tp", "name": "tp", "sigma": "5.9768E-6", "units": "TDB", "value": "2461353.870307242262", "title": "time of perihelion passage"}, {"label": "period", "sigma": "2.0299E-6", "name": "per", "units": "d", "title": "sidereal orbital period", "value": "745.0594625941994"}, {"label": "n", "sigma": "1.3164E-9", "name": "n", "units": "deg/d", "value": ".4831829109941469", "title": "mean motion"}, {"sigma": "4.1307E-9", "name": "ad", "units": "au", "title": "aphelion distance", "value": "2.274221628018426", "label": "Q"}], "epoch": "2461200.5"}