{"spkid": "20779817", "covariance": {"epoch": "2459844.5", "labels": ["e", "q", "tp", "node", "peri", "i"], "elements": [{"label": "e", "name": "e", "sigma": 1.82645313134979e-08, "units": null, "title": "eccentricity", "value": ".6061935019056419"}, {"units": "au", "value": ".8649289043540964", "title": "perihelion distance", "name": "q", "sigma": 4.07730104048832e-08, "label": "q"}, {"title": "time of perihelion passage", "value": "2459386.253870761531", "units": "TDB", "sigma": 2.78899143321004e-05, "name": "tp", "label": "tp"}, {"units": "deg", "title": "longitude of the ascending node", "value": "149.7834037295598", "name": "om", "sigma": 0.00010297866297788, "label": "node"}, {"label": "peri", "sigma": 9.86616835318905e-05, "name": "w", "units": "deg", "value": "216.1364363329855", "title": "argument of perihelion"}, {"title": "inclination", "value": "5.219198298284388", "units": "deg", "name": "i", "sigma": 1.02140587870746e-05, "label": "i"}], "data": [["3.335931041017447E-16", "-7.411107999513599E-16", "1.527614090891495E-14", "3.444026033951559E-14", "-3.862820217533368E-14", "3.155192285362303E-15"], ["-7.411107999513599E-16", "1.662438377476716E-15", "-8.010822069612392E-14", "-9.074724310102533E-14", "8.991309095979923E-14", "-5.641261612416974E-15"], ["1.527614090891495E-14", "-8.010822069612392E-14", "7.778473214518977E-10", "1.195456351342989E-9", "-8.932079821363411E-10", "-9.865788006884285E-11"], ["3.444026033951559E-14", "-9.074724310102533E-14", "1.195456351342989E-9", "1.060460502871179E-8", "-1.010218331562102E-8", "-9.567568865614095E-10"], ["-3.862820217533368E-14", "8.991309095979923E-14", "-8.932079821363411E-10", "-1.010218331562102E-8", "9.734127797346917E-9", "9.149889742651481E-10"], ["3.155192285362303E-15", "-5.641261612416974E-15", "-9.865788006884285E-11", "-9.567568865614095E-10", "9.149889742651481E-10", "1.043269969058156E-10"]]}, "elements": [{"label": "e", "title": "eccentricity", "value": ".6062406536018411", "units": null, "sigma": "1.8196E-8", "name": "e"}, {"value": "2.195709872365471", "title": "semi-major axis", "units": "au", "sigma": "1.0371E-8", "name": "a", "label": "a"}, {"label": "q", "name": "q", "sigma": "4.0718E-8", "units": "au", "title": "perihelion distance", "value": ".8645812842226127"}, {"label": "i", "units": "deg", "title": "inclination; angle with respect to x-y ecliptic plane", "value": "5.219565798084207", "sigma": "1.0209E-5", "name": "i"}, {"sigma": ".00010301", "name": "om", "title": "longitude of the ascending node", "value": "149.7448175194035", "units": "deg", "label": "node"}, {"label": "peri", "sigma": "9.8684E-5", "name": "w", "units": "deg", "value": "216.1375873724515", "title": "argument of perihelion"}, {"label": "M", "name": "ma", "sigma": "7.5354E-6", "units": "deg", "title": "mean anomaly", "value": "189.397276659849"}, {"units": "TDB", "title": "time of perihelion passage", "value": "2461763.676231631786", "sigma": "2.4938E-5", "name": "tp", "label": "tp"}, {"label": "period", "sigma": "8.4201E-6", "name": "per", "value": "1188.395117135434", "title": "sidereal orbital period", "units": "d"}, {"sigma": "2.1463E-9", "name": "n", "units": "deg/d", "title": "mean motion", "value": ".3029295516357907", "label": "n"}, {"sigma": "1.6659E-8", "name": "ad", "title": "aphelion distance", "value": "3.526838460508329", "units": "au", "label": "Q"}], "epoch": "2461200.5"}