{"spkid": "20789058", "covariance": {"data": [["2.198537316104268E-15", "-5.1491087750787E-15", "1.929103941058473E-13", "-6.005462078592939E-14", "5.850425914653344E-13", "3.258069668185399E-14"], ["-5.1491087750787E-15", "1.206150741368443E-14", "-4.45398297214431E-13", "1.408947499775839E-13", "-1.37064821384309E-12", "-7.624727979504347E-14"], ["1.929103941058473E-13", "-4.45398297214431E-13", "4.717076349642745E-11", "6.930972967918065E-12", "5.097819213264706E-11", "5.585671860917662E-12"], ["-6.005462078592939E-14", "1.408947499775839E-13", "6.930972967918065E-12", "2.977167954895893E-10", "-2.794175495256234E-10", "-1.678771517398533E-10"], ["5.850425914653344E-13", "-1.37064821384309E-12", "5.097819213264706E-11", "-2.794175495256234E-10", "4.093410971691423E-10", "1.734558760926208E-10"], ["3.258069668185399E-14", "-7.624727979504347E-14", "5.585671860917662E-12", "-1.678771517398533E-10", "1.734558760926208E-10", "1.767906469090224E-10"]], "elements": [{"name": "e", "sigma": 4.68885627430002e-08, "value": ".7522262921102959", "title": "eccentricity", "units": null, "label": "e"}, {"name": "q", "sigma": 1.09824894325851e-07, "units": "au", "title": "perihelion distance", "value": ".5878339904067341", "label": "q"}, {"value": "2459337.315005646527", "title": "time of perihelion passage", "units": "TDB", "name": "tp", "sigma": 6.86809751651995e-06, "label": "tp"}, {"label": "node", "units": "deg", "value": "126.9041066320384", "title": "longitude of the ascending node", "name": "om", "sigma": 1.72544717534206e-05}, {"sigma": 2.02321797433975e-05, "name": "w", "value": "264.7065560123373", "title": "argument of perihelion", "units": "deg", "label": "peri"}, {"units": "deg", "title": "inclination", "value": "8.504148206579538", "sigma": 1.32962643967779e-05, "name": "i", "label": "i"}], "labels": ["e", "q", "tp", "node", "peri", "i"], "epoch": "2458755.5"}, "elements": [{"label": "e", "name": "e", "sigma": "4.6721E-8", "value": ".7521081567927406", "title": "eccentricity", "units": null}, {"title": "semi-major axis", "value": "2.373171761095796", "units": "au", "name": "a", "sigma": "7.9251E-9", "label": "a"}, {"label": "q", "title": "perihelion distance", "value": ".5882899221054547", "units": "au", "sigma": "1.0971E-7", "name": "q"}, {"name": "i", "sigma": "1.3301E-5", "title": "inclination; angle with respect to x-y ecliptic plane", "value": "8.505254908364726", "units": "deg", "label": "i"}, {"title": "longitude of the ascending node", "value": "126.7851507416879", "units": "deg", "sigma": "1.7222E-5", "name": "om", "label": "node"}, {"label": "peri", "name": "w", "sigma": "2.0208E-5", "title": "argument of perihelion", "value": "264.8040856327353", "units": "deg"}, {"name": "ma", "sigma": "4.3219E-6", "units": "deg", "title": "mean anomaly", "value": "141.9484929792749", "label": "M"}, {"sigma": "1.3477E-5", "name": "tp", "title": "time of perihelion passage", "value": "2460673.973213792307", "units": "TDB", "label": "tp"}, {"label": "period", "units": "d", "title": "sidereal orbital period", "value": "1335.341003320442", "sigma": "6.6889E-6", "name": "per"}, {"label": "n", "title": "mean motion", "value": ".269594058075674", "units": "deg/d", "name": "n", "sigma": "1.3504E-9"}, {"sigma": "1.3886E-8", "name": "ad", "value": "4.158053600086137", "title": "aphelion distance", "units": "au", "label": "Q"}], "epoch": "2461200.5"}