{"spkid": "20786479", "covariance": {"labels": ["e", "q", "tp", "node", "peri", "i"], "elements": [{"units": null, "value": ".4126420076165101", "title": "eccentricity", "name": "e", "sigma": 2.38544229503642e-07, "label": "e"}, {"name": "q", "sigma": 1.988032464578e-07, "value": ".4811796060399536", "title": "perihelion distance", "units": "au", "label": "q"}, {"label": "tp", "title": "time of perihelion passage", "value": "2458650.121107768816", "units": "TDB", "name": "tp", "sigma": 1.87570620111549e-05}, {"label": "node", "name": "om", "sigma": 2.01543549995896e-05, "value": "254.0818817613101", "title": "longitude of the ascending node", "units": "deg"}, {"label": "peri", "name": "w", "sigma": 1.98745298901814e-05, "value": "44.21300461622769", "title": "argument of perihelion", "units": "deg"}, {"label": "i", "sigma": 7.94749543970123e-06, "name": "i", "value": "7.191313216983793", "title": "inclination", "units": "deg"}], "data": [["5.690334942948632E-14", "-4.742263399992943E-14", "3.718576697689679E-12", "2.969516959187986E-13", "6.943578038279087E-13", "1.245344173814087E-12"], ["-4.742263399992943E-14", "3.95227308021606E-14", "-3.090803805314599E-12", "-2.431691057279722E-13", "-5.782462547207078E-13", "-1.03769377049836E-12"], ["3.718576697689679E-12", "-3.090803805314599E-12", "3.518273752903085E-10", "6.013888395110405E-11", "7.507715471914025E-11", "8.149144788082288E-11"], ["2.969516959187986E-13", "-2.431691057279722E-13", "6.013888395110405E-11", "4.061980254494836E-10", "-3.667642493877763E-10", "1.025778313159854E-10"], ["6.943578038279087E-13", "-5.782462547207078E-13", "7.507715471914025E-11", "-3.667642493877763E-10", "3.949969383557146E-10", "-7.951586053109098E-11"], ["1.245344173814087E-12", "-1.03769377049836E-12", "8.149144788082288E-11", "1.025778313159854E-10", "-7.951586053109098E-11", "6.316268376407181E-11"]], "epoch": "2458541.5"}, "elements": [{"label": "e", "name": "e", "sigma": "2.3855E-7", "units": null, "value": ".4126778748202406", "title": "eccentricity"}, {"sigma": "5.7423E-9", "name": "a", "value": ".8194724673987706", "title": "semi-major axis", "units": "au", "label": "a"}, {"name": "q", "sigma": "1.9869E-7", "title": "perihelion distance", "value": ".481294311078947", "units": "au", "label": "q"}, {"name": "i", "sigma": "7.949E-6", "value": "7.191404615352369", "title": "inclination; angle with respect to x-y ecliptic plane", "units": "deg", "label": "i"}, {"sigma": "2.0265E-5", "name": "om", "units": "deg", "title": "longitude of the ascending node", "value": "253.9634498593835", "label": "node"}, {"sigma": "1.9915E-5", "name": "w", "units": "deg", "value": "44.30058272886021", "title": "argument of perihelion", "label": "peri"}, {"label": "M", "units": "deg", "title": "mean anomaly", "value": "149.4762028478868", "name": "ma", "sigma": "2.7815E-5"}, {"value": "2461087.995593452186", "title": "time of perihelion passage", "units": "TDB", "sigma": "2.008E-5", "name": "tp", "label": "tp"}, {"label": "period", "value": "270.9567515467938", "title": "sidereal orbital period", "units": "d", "name": "per", "sigma": "2.848E-6"}, {"label": "n", "units": "deg/d", "title": "mean motion", "value": "1.328625317305771", "name": "n", "sigma": "1.3965E-8"}, {"label": "Q", "value": "1.157650623718594", "title": "aphelion distance", "units": "au", "name": "ad", "sigma": "8.1121E-9"}], "epoch": "2461200.5"}