{"spkid": "20808862", "covariance": {"labels": ["e", "q", "tp", "node", "peri", "i", "A2"], "elements": [{"value": ".531412491106963", "title": "eccentricity", "units": null, "name": "e", "sigma": 2.00300788419659e-08, "label": "e"}, {"units": "au", "value": ".5850964580706914", "title": "perihelion distance", "name": "q", "sigma": 2.50090704648789e-08, "label": "q"}, {"label": "tp", "name": "tp", "sigma": 3.11041417925831e-06, "units": "TDB", "title": "time of perihelion passage", "value": "2459570.399446094452"}, {"units": "deg", "title": "longitude of the ascending node", "value": "73.12053714311861", "sigma": 6.64476428787219e-05, "name": "om", "label": "node"}, {"sigma": 6.62487474697518e-05, "name": "w", "title": "argument of perihelion", "value": "113.930074815733", "units": "deg", "label": "peri"}, {"label": "i", "name": "i", "sigma": 2.79142804379549e-06, "units": "deg", "title": "inclination", "value": "1.774155774103322"}], "data": [["4.01204058415368E-16", "-4.992525235766928E-16", "1.054860584535956E-14", "8.439505391601187E-14", "-1.130764427323031E-13", "-2.611036147345165E-15", "-1.636046636477645E-22"], ["-4.992525235766928E-16", "6.254536055172763E-16", "-1.902919299686716E-14", "-1.028866052261562E-13", "1.399506369068583E-13", "3.110459193464018E-15", "2.176246273253078E-22"], ["1.054860584535956E-14", "-1.902919299686716E-14", "9.674676366531152E-12", "8.483959899094004E-12", "-1.184468126661922E-11", "6.90474445102213E-13", "-4.928080877911831E-20"], ["8.439505391601187E-14", "-1.028866052261562E-13", "8.483959899094004E-12", "4.415289244138165E-9", "-4.399521506476297E-9", "1.790044428826434E-10", "2.669018431346908E-20"], ["-1.130764427323031E-13", "1.399506369068583E-13", "-1.184468126661922E-11", "-4.399521506476297E-9", "4.388896541310948E-9", "-1.790030656293149E-10", "7.225168275465688E-21"], ["-2.611036147345165E-15", "3.110459193464018E-15", "6.90474445102213E-13", "1.790044428826434E-10", "-1.790030656293149E-10", "7.792070523687904E-12", "-2.108279112737305E-21"], ["-1.636046636477645E-22", "2.176246273253078E-22", "-4.928080877911831E-20", "2.669018431346908E-20", "7.225168275465688E-21", "-2.108279112737305E-21", "7.227180252016881E-28"]], "epoch": "2459386.5"}, "elements": [{"label": "e", "value": ".5313587412774383", "title": "eccentricity", "units": null, "name": "e", "sigma": "1.9597E-8"}, {"label": "a", "name": "a", "sigma": "9.9933E-9", "units": "au", "title": "semi-major axis", "value": "1.248971862491387"}, {"label": "q", "sigma": "2.6766E-8", "name": "q", "title": "perihelion distance", "value": ".5853197457470257", "units": "au"}, {"name": "i", "sigma": "2.7704E-6", "units": "deg", "value": "1.746258344018557", "title": "inclination; angle with respect to x-y ecliptic plane", "label": "i"}, {"label": "node", "sigma": "6.8418E-5", "name": "om", "units": "deg", "title": "longitude of the ascending node", "value": "72.43649681481048"}, {"units": "deg", "value": "114.5981392330589", "title": "argument of perihelion", "name": "w", "sigma": "6.8252E-5", "label": "peri"}, {"label": "M", "value": "71.19086807864937", "title": "mean anomaly", "units": "deg", "name": "ma", "sigma": "7.5058E-6"}, {"sigma": "9.4388E-6", "name": "tp", "units": "TDB", "value": "2461099.679418861870", "title": "time of perihelion passage", "label": "tp"}, {"label": "period", "units": "d", "title": "sidereal orbital period", "value": "509.832373017685", "name": "per", "sigma": "6.119E-6"}, {"label": "n", "sigma": "8.4747E-9", "name": "n", "title": "mean motion", "value": ".706114438887372", "units": "deg/d"}, {"name": "ad", "sigma": "1.5303E-8", "value": "1.912623979235748", "title": "aphelion distance", "units": "au", "label": "Q"}], "epoch": "2461200.5"}