{"spkid": "20813899", "covariance": {"labels": ["e", "q", "tp", "node", "peri", "i"], "elements": [{"name": "e", "sigma": 4.80082043827423e-08, "title": "eccentricity", "value": ".3647985217033591", "units": null, "label": "e"}, {"label": "q", "name": "q", "sigma": 5.42129016931836e-08, "title": "perihelion distance", "value": ".7278577498774741", "units": "au"}, {"sigma": 5.34825576482922e-06, "name": "tp", "units": "TDB", "value": "2457180.278339455651", "title": "time of perihelion passage", "label": "tp"}, {"label": "node", "sigma": 3.27358670594635e-06, "name": "om", "units": "deg", "value": "62.72672168535146", "title": "longitude of the ascending node"}, {"label": "peri", "name": "w", "sigma": 6.67898556614411e-06, "units": "deg", "title": "argument of perihelion", "value": "91.27821885450777"}, {"label": "i", "value": "22.85828253491828", "title": "inclination", "units": "deg", "name": "i", "sigma": 1.46992973939474e-05}], "data": [["2.304787688055159E-15", "-2.602579384507587E-15", "1.288314529398768E-13", "2.393284347537695E-14", "2.255210963063841E-13", "-4.901772677782822E-14"], ["-2.602579384507587E-15", "2.939038709994787E-15", "-1.444017274748349E-13", "-2.714528490486701E-14", "-2.545567019345024E-13", "5.668835953429665E-14"], ["1.288314529398768E-13", "-1.444017274748349E-13", "2.860383972602903E-11", "-2.365496251667619E-13", "2.821892964170334E-11", "3.121471276780706E-11"], ["2.393284347537695E-14", "-2.714528490486701E-14", "-2.365496251667619E-13", "1.071636992134867E-11", "-6.915733048055469E-12", "6.400544164832289E-14"], ["2.255210963063841E-13", "-2.545567019345024E-13", "2.821892964170334E-11", "-6.915733048055469E-12", "4.460884819276142E-11", "2.093308720455586E-11"], ["-4.901772677782822E-14", "5.668835953429665E-14", "3.121471276780706E-11", "6.400544164832289E-14", "2.093308720455586E-11", "2.160693438757085E-10"]], "epoch": "2457237.5"}, "elements": [{"name": "e", "sigma": "4.7965E-8", "units": null, "value": ".3649605467019027", "title": "eccentricity", "label": "e"}, {"units": "au", "value": "1.146454418024554", "title": "semi-major axis", "name": "a", "sigma": "1.2202E-9", "label": "a"}, {"units": "au", "value": ".7280437868535012", "title": "perihelion distance", "name": "q", "sigma": "5.4237E-8", "label": "q"}, {"label": "i", "sigma": "1.47E-5", "name": "i", "title": "inclination; angle with respect to x-y ecliptic plane", "value": "22.8549730831652", "units": "deg"}, {"label": "node", "units": "deg", "title": "longitude of the ascending node", "value": "62.67250410496695", "name": "om", "sigma": "3.2722E-6"}, {"label": "peri", "units": "deg", "title": "argument of perihelion", "value": "91.33088413375245", "name": "w", "sigma": "6.681E-6"}, {"title": "mean anomaly", "value": "349.6091269520795", "units": "deg", "name": "ma", "sigma": "9.0207E-6", "label": "M"}, {"label": "tp", "name": "tp", "sigma": "1.1252E-5", "units": "TDB", "value": "2461213.441456392882", "title": "time of perihelion passage"}, {"name": "per", "sigma": "7.1582E-7", "value": "448.3669735884059", "title": "sidereal orbital period", "units": "d", "label": "period"}, {"units": "deg/d", "title": "mean motion", "value": ".8029137318451884", "name": "n", "sigma": "1.2818E-9", "label": "n"}, {"units": "au", "value": "1.564865049195607", "title": "aphelion distance", "name": "ad", "sigma": "1.6655E-9", "label": "Q"}], "epoch": "2461200.5"}