{"spkid": "20826387", "covariance": {"elements": [{"label": "e", "value": ".5044273671381596", "title": "eccentricity", "units": null, "name": "e", "sigma": 2.43254477797182e-08}, {"sigma": 4.38198516154171e-08, "name": "q", "units": "au", "value": ".924536541230247", "title": "perihelion distance", "label": "q"}, {"name": "tp", "sigma": 1.41242913205415e-05, "title": "time of perihelion passage", "value": "2459990.495536008986", "units": "TDB", "label": "tp"}, {"label": "node", "name": "om", "sigma": 4.21321219299104e-05, "units": "deg", "title": "longitude of the ascending node", "value": "122.3982452139409"}, {"name": "w", "sigma": 4.19416499155346e-05, "title": "argument of perihelion", "value": "213.436344830689", "units": "deg", "label": "peri"}, {"label": "i", "sigma": 6.73688487584166e-06, "name": "i", "units": "deg", "value": "11.79307509047709", "title": "inclination"}], "data": [["5.917274096837975E-16", "-1.062306337424607E-15", "6.299492174482455E-14", "-2.226180222657572E-14", "7.816454402504523E-14", "2.963054569960128E-15"], ["-1.062306337424607E-15", "1.920179395597174E-15", "-1.05773903196157E-13", "5.740123450869399E-14", "-1.468825846689975E-13", "-6.631118551084273E-15"], ["6.299492174482455E-14", "-1.05773903196157E-13", "1.994956053075249E-10", "1.073257967435128E-11", "1.11598946030587E-10", "-9.928903389398135E-13"], ["-2.226180222657572E-14", "5.740123450869399E-14", "1.073257967435128E-11", "1.775115698316839E-9", "-1.722199910837021E-9", "-2.312912354071988E-10"], ["7.816454402504523E-14", "-1.468825846689975E-13", "1.11598946030587E-10", "-1.722199910837021E-9", "1.759101997637263E-9", "2.252456016103988E-10"], ["2.963054569960128E-15", "-6.631118551084273E-15", "-9.928903389398135E-13", "-2.312912354071988E-10", "2.252456016103988E-10", "4.538561783034406E-11"]], "labels": ["e", "q", "tp", "node", "peri", "i"], "epoch": "2460083.5"}, "elements": [{"label": "e", "units": null, "title": "eccentricity", "value": ".5042791832644907", "sigma": "2.4265E-8", "name": "e"}, {"label": "a", "units": "au", "value": "1.866677691741219", "title": "semi-major axis", "name": "a", "sigma": "8.0075E-9"}, {"sigma": "4.3838E-8", "name": "q", "units": "au", "title": "perihelion distance", "value": ".9253509899319121", "label": "q"}, {"units": "deg", "title": "inclination; angle with respect to x-y ecliptic plane", "value": "11.79062226279874", "sigma": "6.7373E-6", "name": "i", "label": "i"}, {"value": "122.36725716819", "title": "longitude of the ascending node", "units": "deg", "sigma": "4.2106E-5", "name": "om", "label": "node"}, {"name": "w", "sigma": "4.1932E-5", "units": "deg", "title": "argument of perihelion", "value": "213.4537937283801", "label": "peri"}, {"label": "M", "units": "deg", "value": "107.949432403084", "title": "mean anomaly", "name": "ma", "sigma": "6.8016E-6"}, {"label": "tp", "value": "2460921.168254453444", "title": "time of perihelion passage", "units": "TDB", "name": "tp", "sigma": "1.6572E-5"}, {"units": "d", "title": "sidereal orbital period", "value": "931.5419836694513", "sigma": "5.9941E-6", "name": "per", "label": "period"}, {"sigma": "2.4867E-9", "name": "n", "title": "mean motion", "value": ".3864560119791043", "units": "deg/d", "label": "n"}, {"sigma": "1.2046E-8", "name": "ad", "value": "2.808004393550525", "title": "aphelion distance", "units": "au", "label": "Q"}], "epoch": "2461200.5"}