{"spkid": "20827146", "covariance": {"epoch": "2457559.5", "elements": [{"title": "eccentricity", "value": ".5521397741346046", "units": null, "name": "e", "sigma": 3.31117619632909e-08, "label": "e"}, {"value": "1.04280753939707", "title": "perihelion distance", "units": "au", "name": "q", "sigma": 7.58778421646367e-08, "label": "q"}, {"label": "tp", "sigma": 3.69124122967073e-05, "name": "tp", "units": "TDB", "value": "2456960.653121709156", "title": "time of perihelion passage"}, {"label": "node", "name": "om", "sigma": 4.96064594518642e-05, "units": "deg", "value": "171.7218317578547", "title": "longitude of the ascending node"}, {"label": "peri", "sigma": 5.40317098813169e-05, "name": "w", "units": "deg", "title": "argument of perihelion", "value": "159.5568396395927"}, {"label": "i", "sigma": 7.24780576030196e-06, "name": "i", "title": "inclination", "value": "5.594814693673133", "units": "deg"}], "data": [["1.096388780313637E-15", "-2.509439068337519E-15", "5.121585805822568E-13", "-9.430185057628139E-13", "1.096308264244612E-12", "-1.134253980319647E-13"], ["-2.509439068337519E-15", "5.757446931561522E-15", "-1.04924866202745E-12", "2.165332533608773E-12", "-2.473919568309782E-12", "2.607186306483689E-13"], ["5.121585805822568E-13", "-1.04924866202745E-12", "1.362526181562108E-9", "-4.519131773419405E-10", "9.275869406294876E-10", "-4.752973394301987E-11"], ["-9.430185057628139E-13", "2.165332533608773E-12", "-4.519131773419405E-10", "2.460800819349451E-9", "-2.581395424498478E-9", "1.051133752253948E-11"], ["1.096308264244612E-12", "-2.473919568309782E-12", "9.275869406294876E-10", "-2.581395424498478E-9", "2.919425672698803E-9", "-2.441698612576284E-11"], ["-1.134253980319647E-13", "2.607186306483689E-13", "-4.752973394301987E-11", "1.051133752253948E-11", "-2.441698612576284E-11", "5.253068833906626E-11"]], "labels": ["e", "q", "tp", "node", "peri", "i"]}, "elements": [{"label": "e", "sigma": "3.3034E-8", "name": "e", "title": "eccentricity", "value": ".5504253155694792", "units": null}, {"sigma": "8.4416E-9", "name": "a", "units": "au", "value": "2.331593084748719", "title": "semi-major axis", "label": "a"}, {"label": "q", "units": "au", "title": "perihelion distance", "value": "1.04822522529629", "name": "q", "sigma": "7.5732E-8"}, {"label": "i", "value": "5.596098191012429", "title": "inclination; angle with respect to x-y ecliptic plane", "units": "deg", "sigma": "7.2407E-6", "name": "i"}, {"label": "node", "name": "om", "sigma": "4.9547E-5", "units": "deg", "value": "171.61418415432", "title": "longitude of the ascending node"}, {"units": "deg", "title": "argument of perihelion", "value": "159.7317129813556", "sigma": "5.398E-5", "name": "w", "label": "peri"}, {"label": "M", "sigma": "1.6921E-5", "name": "ma", "units": "deg", "title": "mean anomaly", "value": "95.20538903549661"}, {"name": "tp", "sigma": "5.9265E-5", "units": "TDB", "value": "2460856.596499830096", "title": "time of perihelion passage", "label": "tp"}, {"name": "per", "sigma": "7.0622E-6", "units": "d", "title": "sidereal orbital period", "value": "1300.401808294755", "label": "period"}, {"label": "n", "name": "n", "sigma": "1.5034E-9", "title": "mean motion", "value": ".2768375110705789", "units": "deg/d"}, {"name": "ad", "sigma": "1.3088E-8", "units": "au", "value": "3.614960944201148", "title": "aphelion distance", "label": "Q"}], "epoch": "2461200.5"}