{"spkid": "20835579", "covariance": {"data": [["6.436782846681246E-15", "-8.908683123095465E-15", "1.516541808971719E-13", "-4.825202348186287E-14", "7.978888270415962E-13", "2.182446793032595E-13"], ["-8.908683123095465E-15", "1.233732545211508E-14", "-1.894212252145576E-13", "6.529882639892295E-14", "-1.104927681792983E-12", "-3.023366913207448E-13"], ["1.516541808971719E-13", "-1.894212252145576E-13", "2.009372761856473E-10", "2.32671773210314E-11", "4.884316555059937E-11", "2.335572311420752E-11"], ["-4.825202348186287E-14", "6.529882639892295E-14", "2.32671773210314E-11", "1.83305227830247E-10", "-1.658958901756305E-10", "-1.5192388128763E-10"], ["7.978888270415962E-13", "-1.104927681792983E-12", "4.884316555059937E-11", "-1.658958901756305E-10", "2.747123264587401E-10", "1.763675717382141E-10"], ["2.182446793032595E-13", "-3.023366913207448E-13", "2.335572311420752E-11", "-1.5192388128763E-10", "1.763675717382141E-10", "2.933282755421201E-10"]], "elements": [{"label": "e", "sigma": 8.02295634207319e-08, "name": "e", "value": ".6642888340293256", "title": "eccentricity", "units": null}, {"units": "au", "value": ".4686081809562779", "title": "perihelion distance", "sigma": 1.11073513729039e-07, "name": "q", "label": "q"}, {"name": "tp", "sigma": 1.41752346077815e-05, "title": "time of perihelion passage", "value": "2457113.234623894917", "units": "TDB", "label": "tp"}, {"label": "node", "sigma": 1.35390261034628e-05, "name": "om", "title": "longitude of the ascending node", "value": "24.16082031575418", "units": "deg"}, {"units": "deg", "title": "argument of perihelion", "value": "109.0781309783672", "name": "w", "sigma": 1.65744479986134e-05, "label": "peri"}, {"name": "i", "sigma": 1.7126829115225e-05, "value": "19.22860926937458", "title": "inclination", "units": "deg", "label": "i"}], "labels": ["e", "q", "tp", "node", "peri", "i"], "epoch": "2457349.5"}, "elements": [{"label": "e", "sigma": "8.0173E-8", "name": "e", "units": null, "title": "eccentricity", "value": ".6642561807292342"}, {"label": "a", "units": "au", "value": "1.395649954830498", "title": "semi-major axis", "sigma": "8.0225E-9", "name": "a"}, {"label": "q", "name": "q", "sigma": "1.1102E-7", "units": "au", "value": ".4685808461998632", "title": "perihelion distance"}, {"label": "i", "value": "19.24229650499279", "title": "inclination; angle with respect to x-y ecliptic plane", "units": "deg", "sigma": "1.7144E-5", "name": "i"}, {"label": "node", "name": "om", "sigma": "1.3498E-5", "units": "deg", "title": "longitude of the ascending node", "value": "24.00358410546678"}, {"sigma": "1.6535E-5", "name": "w", "value": "109.2288313282069", "title": "argument of perihelion", "units": "deg", "label": "peri"}, {"label": "M", "sigma": "2.7386E-5", "name": "ma", "title": "mean anomaly", "value": "282.897721946137", "units": "deg"}, {"sigma": "4.6884E-5", "name": "tp", "value": "2461329.481640016832", "title": "time of perihelion passage", "units": "TDB", "label": "tp"}, {"label": "period", "value": "602.2311088347046", "title": "sidereal orbital period", "units": "d", "sigma": "5.1926E-6", "name": "per"}, {"label": "n", "name": "n", "sigma": "5.1542E-9", "units": "deg/d", "value": ".597777156840315", "title": "mean motion"}, {"units": "au", "title": "aphelion distance", "value": "2.322719063461133", "name": "ad", "sigma": "1.3351E-8", "label": "Q"}], "epoch": "2461200.5"}