{"spkid": "20853424", "covariance": {"labels": ["e", "q", "tp", "node", "peri", "i"], "data": [["2.033465870322367E-15", "-4.802362952039547E-15", "7.143556160451321E-14", "-1.103128564308484E-16", "-8.897667148239814E-14", "-1.488547677993566E-14"], ["-4.802362952039547E-15", "1.137996642061033E-14", "7.305416925298549E-14", "-2.015968877235705E-14", "2.773575142414784E-13", "3.47551610203424E-14"], ["7.143556160451321E-14", "7.305416925298549E-14", "2.614225461573431E-9", "-2.297136717791358E-10", "7.795513948392636E-10", "5.485194692809061E-11"], ["-1.103128564308484E-16", "-2.015968877235705E-14", "-2.297136717791358E-10", "7.650277539418316E-10", "-7.910020006531464E-10", "-1.109318584065703E-10"], ["-8.897667148239814E-14", "2.773575142414784E-13", "7.795513948392636E-10", "-7.910020006531464E-10", "9.705623315754598E-10", "1.207482375847058E-10"], ["-1.488547677993566E-14", "3.47551610203424E-14", "5.485194692809061E-11", "-1.109318584065703E-10", "1.207482375847058E-10", "1.369782739470503E-10"]], "elements": [{"label": "e", "name": "e", "sigma": 4.50939671167038e-08, "units": null, "value": ".616613769108124", "title": "eccentricity"}, {"label": "q", "title": "perihelion distance", "value": ".9123598065604973", "units": "au", "name": "q", "sigma": 1.06676925436621e-07}, {"name": "tp", "sigma": 5.11294969814239e-05, "title": "time of perihelion passage", "value": "2459062.563486642757", "units": "TDB", "label": "tp"}, {"label": "node", "name": "om", "sigma": 2.76591350902705e-05, "units": "deg", "title": "longitude of the ascending node", "value": "42.12868226369415"}, {"units": "deg", "value": "233.1129115703126", "title": "argument of perihelion", "sigma": 3.11538493861587e-05, "name": "w", "label": "peri"}, {"label": "i", "value": "12.91401995460615", "title": "inclination", "units": "deg", "name": "i", "sigma": 1.17037717829361e-05}], "epoch": "2459033.5"}, "elements": [{"label": "e", "title": "eccentricity", "value": ".6134803938984998", "units": null, "name": "e", "sigma": "4.5017E-8"}, {"units": "au", "title": "semi-major axis", "value": "2.387580189894896", "name": "a", "sigma": "1.6197E-8", "label": "a"}, {"label": "q", "name": "q", "sigma": "1.0668E-7", "units": "au", "title": "perihelion distance", "value": ".9228465545339199"}, {"title": "inclination; angle with respect to x-y ecliptic plane", "value": "12.81195351824008", "units": "deg", "sigma": "1.1658E-5", "name": "i", "label": "i"}, {"name": "om", "sigma": "2.7843E-5", "value": "41.67678235480034", "title": "longitude of the ascending node", "units": "deg", "label": "node"}, {"title": "argument of perihelion", "value": "233.7228712654825", "units": "deg", "name": "w", "sigma": "3.1376E-5", "label": "peri"}, {"label": "M", "name": "ma", "sigma": "1.8563E-5", "title": "mean anomaly", "value": "213.0017742582783", "units": "deg"}, {"label": "tp", "value": "2461750.730891473713", "title": "time of perihelion passage", "units": "TDB", "name": "tp", "sigma": "7.4317E-5"}, {"label": "period", "title": "sidereal orbital period", "value": "1347.520488298763", "units": "d", "name": "per", "sigma": "1.3712E-5"}, {"label": "n", "name": "n", "sigma": "2.7185E-9", "title": "mean motion", "value": ".2671573479780616", "units": "deg/d"}, {"title": "aphelion distance", "value": "3.852313825255871", "units": "au", "sigma": "2.6134E-8", "name": "ad", "label": "Q"}], "epoch": "2461200.5"}