{"spkid": "20853531", "covariance": {"epoch": "2457190.5", "labels": ["e", "q", "tp", "node", "peri", "i"], "elements": [{"name": "e", "sigma": 4.29740773519559e-08, "units": null, "value": ".7109834944496402", "title": "eccentricity", "label": "e"}, {"title": "perihelion distance", "value": ".7686733720699456", "units": "au", "sigma": 1.14984835167206e-07, "name": "q", "label": "q"}, {"sigma": 1.38936730267695e-05, "name": "tp", "units": "TDB", "title": "time of perihelion passage", "value": "2456608.705948737976", "label": "tp"}, {"label": "node", "value": "14.80273506112033", "title": "longitude of the ascending node", "units": "deg", "name": "om", "sigma": 0.000221367882161935}, {"label": "peri", "sigma": 0.000219282386007271, "name": "w", "title": "argument of perihelion", "value": "318.6817939381456", "units": "deg"}, {"label": "i", "sigma": 1.43013039206858e-05, "name": "i", "title": "inclination", "value": "5.765938976780796", "units": "deg"}], "data": [["1.846771324251889E-15", "-4.939852498397098E-15", "9.327502167322691E-15", "2.719778434582443E-12", "-2.42655965977294E-12", "1.729577911596633E-13"], ["-4.939852498397098E-15", "1.322151231842951E-14", "-2.815405888814169E-14", "-6.937730752504967E-12", "6.133912825011445E-12", "-4.391539630488652E-13"], ["9.327502167322691E-15", "-2.815405888814169E-14", "1.930341501747825E-10", "1.805393454396745E-9", "-1.705440319382748E-9", "1.168729895550314E-10"], ["2.719778434582443E-12", "-6.937730752504967E-12", "1.805393454396745E-9", "4.900373925286013E-8", "-4.844998204772323E-8", "2.510635807156628E-9"], ["-2.42655965977294E-12", "6.133912825011445E-12", "-1.705440319382748E-9", "-4.844998204772323E-8", "4.808476481304197E-8", "-2.470359688695885E-9"], ["1.729577911596633E-13", "-4.391539630488652E-13", "1.168729895550314E-10", "2.510635807156628E-9", "-2.470359688695885E-9", "2.045272938318232E-10"]]}, "elements": [{"label": "e", "value": ".7024474435077038", "title": "eccentricity", "units": null, "sigma": "4.2096E-8", "name": "e"}, {"sigma": "7.2919E-9", "name": "a", "units": "au", "value": "2.670840314438245", "title": "semi-major axis", "label": "a"}, {"sigma": "1.1288E-7", "name": "q", "units": "au", "value": ".794715363543788", "title": "perihelion distance", "label": "q"}, {"label": "i", "name": "i", "sigma": "1.5293E-5", "value": "5.853965360299914", "title": "inclination; angle with respect to x-y ecliptic plane", "units": "deg"}, {"value": "13.78270581033722", "title": "longitude of the ascending node", "units": "deg", "name": "om", "sigma": ".00020879", "label": "node"}, {"label": "peri", "units": "deg", "value": "319.896803480567", "title": "argument of perihelion", "name": "w", "sigma": ".00020718"}, {"name": "ma", "sigma": "3.2113E-6", "units": "deg", "value": "316.8242184000393", "title": "mean anomaly", "label": "M"}, {"label": "tp", "units": "TDB", "value": "2461391.708862902982", "title": "time of perihelion passage", "name": "tp", "sigma": "1.4476E-5"}, {"label": "period", "sigma": "6.5292E-6", "name": "per", "title": "sidereal orbital period", "value": "1594.300973699949", "units": "d"}, {"value": ".2258042903684213", "title": "mean motion", "units": "deg/d", "sigma": "9.2474E-10", "name": "n", "label": "n"}, {"name": "ad", "sigma": "1.2414E-8", "value": "4.546965265332703", "title": "aphelion distance", "units": "au", "label": "Q"}], "epoch": "2461200.5"}