{"spkid": "20856955", "covariance": {"epoch": "2459184.5", "elements": [{"name": "e", "sigma": 1.28769355692384e-08, "value": ".6001797916271769", "title": "eccentricity", "units": null, "label": "e"}, {"label": "q", "name": "q", "sigma": 2.45322537916184e-08, "units": "au", "value": ".7897879226253288", "title": "perihelion distance"}, {"units": "TDB", "value": "2459081.122613801428", "title": "time of perihelion passage", "name": "tp", "sigma": 6.72767865854461e-06, "label": "tp"}, {"value": "182.2994044867085", "title": "longitude of the ascending node", "units": "deg", "sigma": 4.20414132225967e-05, "name": "om", "label": "node"}, {"label": "peri", "name": "w", "sigma": 4.09486268460599e-05, "value": "43.30883731941173", "title": "argument of perihelion", "units": "deg"}, {"label": "i", "title": "inclination", "value": "9.103145988941877", "units": "deg", "sigma": 9.01726306684002e-06, "name": "i"}], "data": [["1.658154696543173E-16", "-3.158263007541168E-16", "2.037635502994615E-14", "7.405424025897163E-14", "-5.779425736158465E-14", "-2.827611294034713E-14"], ["-3.158263007541168E-16", "6.018314760963749E-16", "-3.946736646990326E-14", "-1.46594844922265E-13", "1.142787431180743E-13", "5.464322817873752E-14"], ["2.037635502994615E-14", "-3.946736646990326E-14", "4.52616601326366E-11", "7.008997623661633E-11", "-3.74684286414686E-11", "-1.847814146740354E-11"], ["7.405424025897163E-14", "-1.46594844922265E-13", "7.008997623661633E-11", "1.76748042575313E-9", "-1.708457190526151E-9", "-3.342821373768987E-10"], ["-5.779425736158465E-14", "1.142787431180743E-13", "-3.74684286414686E-11", "-1.708457190526151E-9", "1.676790040577855E-9", "3.20087225796084E-10"], ["-2.827611294034713E-14", "5.464322817873752E-14", "-1.847814146740354E-11", "-3.342821373768987E-10", "3.20087225796084E-10", "8.131103321659712E-11"]], "labels": ["e", "q", "tp", "node", "peri", "i"]}, "elements": [{"label": "e", "name": "e", "sigma": "1.2702E-8", "value": ".59861146327338", "title": "eccentricity", "units": null}, {"label": "a", "sigma": "2.6409E-9", "name": "a", "units": "au", "value": "1.976726371315813", "title": "semi-major axis"}, {"name": "q", "sigma": "2.418E-8", "units": "au", "value": ".7934353056913753", "title": "perihelion distance", "label": "q"}, {"label": "i", "name": "i", "sigma": "9.0099E-6", "value": "9.083050853017337", "title": "inclination; angle with respect to x-y ecliptic plane", "units": "deg"}, {"name": "om", "sigma": "4.2099E-5", "units": "deg", "value": "182.0802317140668", "title": "longitude of the ascending node", "label": "node"}, {"label": "peri", "name": "w", "sigma": "4.0992E-5", "value": "43.52876704477606", "title": "argument of perihelion", "units": "deg"}, {"value": "32.21015788792421", "title": "mean anomaly", "units": "deg", "name": "ma", "sigma": "3.1146E-6", "label": "M"}, {"sigma": "8.6644E-6", "name": "tp", "title": "time of perihelion passage", "value": "2461109.674329205530", "units": "TDB", "label": "tp"}, {"label": "period", "value": "1015.122049378955", "title": "sidereal orbital period", "units": "d", "sigma": "2.0343E-6", "name": "per"}, {"value": ".3546371593644781", "title": "mean motion", "units": "deg/d", "name": "n", "sigma": "7.1068E-10", "label": "n"}, {"label": "Q", "name": "ad", "sigma": "4.2217E-9", "title": "aphelion distance", "value": "3.16001743694025", "units": "au"}], "epoch": "2461200.5"}