{"spkid": "20869984", "covariance": {"epoch": "2458939.5", "labels": ["e", "q", "tp", "node", "peri", "i"], "elements": [{"label": "e", "value": ".3288365463312546", "title": "eccentricity", "units": null, "sigma": 4.22471977282878e-08, "name": "e"}, {"label": "q", "sigma": 6.27023539760278e-08, "name": "q", "units": "au", "value": ".993082548679844", "title": "perihelion distance"}, {"units": "TDB", "value": "2458971.003703061210", "title": "time of perihelion passage", "name": "tp", "sigma": 1.1181945022577e-05, "label": "tp"}, {"label": "node", "name": "om", "sigma": 1.57114305187924e-05, "title": "longitude of the ascending node", "value": "348.6086253710683", "units": "deg"}, {"name": "w", "sigma": 1.79162282770066e-05, "title": "argument of perihelion", "value": "5.111625156337374", "units": "deg", "label": "peri"}, {"units": "deg", "value": "30.28186464353898", "title": "inclination", "sigma": 2.27029306846321e-05, "name": "i", "label": "i"}], "data": [["1.784825715893045E-15", "-2.648280436332647E-15", "-3.496056163949539E-14", "6.489093216287671E-14", "-1.418215101561012E-13", "-1.268135212539196E-13"], ["-2.648280436332647E-15", "3.931585194135086E-15", "4.963067313188549E-14", "-1.003672625162258E-13", "2.129765589240611E-13", "1.885181560144477E-13"], ["-3.496056163949539E-14", "4.963067313188549E-14", "1.250358944879356E-10", "-2.036106986309303E-11", "1.354453409855187E-10", "8.254195529689998E-12"], ["6.489093216287671E-14", "-1.003672625162258E-13", "-2.036106986309303E-11", "2.46849048946841E-10", "-2.175424258902091E-10", "1.294000074048043E-10"], ["-1.418215101561012E-13", "2.129765589240611E-13", "1.354453409855187E-10", "-2.175424258902091E-10", "3.209912356738114E-10", "-1.179146938031765E-10"], ["-1.268135212539196E-13", "1.885181560144477E-13", "8.254195529689998E-12", "1.294000074048043E-10", "-1.179146938031765E-10", "5.154230616712106E-10"]]}, "elements": [{"name": "e", "sigma": "4.2229E-8", "units": null, "value": ".3289952332992879", "title": "eccentricity", "label": "e"}, {"name": "a", "sigma": "2.0875E-9", "units": "au", "title": "semi-major axis", "value": "1.480004363408132", "label": "a"}, {"units": "au", "title": "perihelion distance", "value": ".9930899825847099", "sigma": "6.2707E-8", "name": "q", "label": "q"}, {"units": "deg", "title": "inclination; angle with respect to x-y ecliptic plane", "value": "30.28156910607396", "sigma": "2.2704E-5", "name": "i", "label": "i"}, {"label": "node", "units": "deg", "title": "longitude of the ascending node", "value": "348.5850721522274", "name": "om", "sigma": "1.5713E-5"}, {"label": "peri", "value": "5.163815779370904", "title": "argument of perihelion", "units": "deg", "sigma": "1.7914E-5", "name": "w"}, {"label": "M", "sigma": "6.3465E-6", "name": "ma", "units": "deg", "title": "mean anomaly", "value": "140.7719315847964"}, {"value": "2460943.338180673619", "title": "time of perihelion passage", "units": "TDB", "sigma": "1.1471E-5", "name": "tp", "label": "tp"}, {"units": "d", "title": "sidereal orbital period", "value": "657.6471169732524", "sigma": "1.3914E-6", "name": "per", "label": "period"}, {"name": "n", "sigma": "1.1581E-9", "value": ".5474060338876872", "title": "mean motion", "units": "deg/d", "label": "n"}, {"units": "au", "title": "aphelion distance", "value": "1.966918744231555", "sigma": "2.7742E-9", "name": "ad", "label": "Q"}], "epoch": "2461200.5"}