{"spkid": "20866876", "covariance": {"labels": ["e", "q", "tp", "node", "peri", "i"], "elements": [{"label": "e", "name": "e", "sigma": 1.35205669626573e-08, "units": null, "value": ".5986316998122544", "title": "eccentricity"}, {"label": "q", "name": "q", "sigma": 2.95692718217521e-08, "units": "au", "title": "perihelion distance", "value": ".8838897369770327"}, {"value": "2459908.064765805083", "title": "time of perihelion passage", "units": "TDB", "sigma": 1.09968157412879e-05, "name": "tp", "label": "tp"}, {"name": "om", "sigma": 2.6455217586514e-05, "units": "deg", "title": "longitude of the ascending node", "value": "194.2698153122079", "label": "node"}, {"units": "deg", "value": "323.7677314549929", "title": "argument of perihelion", "name": "w", "sigma": 2.58090311992637e-05, "label": "peri"}, {"sigma": 4.13890301394213e-06, "name": "i", "title": "inclination", "value": "9.584829933737844", "units": "deg", "label": "i"}], "data": [["1.828057309917012E-16", "-3.983267979887087E-16", "-1.211718052820536E-14", "1.671795350986355E-14", "-1.310947997519335E-14", "5.069071409414263E-15"], ["-3.983267979887087E-16", "8.743418360686639E-16", "1.133385121258707E-14", "-3.07455718546023E-14", "1.978058451115666E-14", "-1.022550439426612E-14"], ["-1.211718052820536E-14", "1.133385121258707E-14", "1.209299564478368E-10", "4.102249859051936E-11", "8.181912891236309E-12", "1.027857712162929E-11"], ["1.671795350986355E-14", "-3.07455718546023E-14", "4.102249859051936E-11", "6.998785375498003E-10", "-6.689550165059081E-10", "7.759084787406245E-11"], ["-1.310947997519335E-14", "1.978058451115666E-14", "8.181912891236309E-12", "-6.689550165059081E-10", "6.661060914445694E-10", "-7.157286010209964E-11"], ["5.069071409414263E-15", "-1.022550439426612E-14", "1.027857712162929E-11", "7.759084787406245E-11", "-7.157286010209964E-11", "1.713051815881928E-11"]], "epoch": "2459629.5"}, "elements": [{"label": "e", "name": "e", "sigma": "1.3556E-8", "value": ".5990059814146361", "title": "eccentricity", "units": null}, {"label": "a", "title": "semi-major axis", "value": "2.200873853710893", "units": "au", "sigma": "6.3228E-9", "name": "a"}, {"label": "q", "units": "au", "title": "perihelion distance", "value": ".8825372509989873", "sigma": "2.9554E-8", "name": "q"}, {"label": "i", "value": "9.591036778620358", "title": "inclination; angle with respect to x-y ecliptic plane", "units": "deg", "sigma": "4.1411E-6", "name": "i"}, {"name": "om", "sigma": "2.6449E-5", "units": "deg", "title": "longitude of the ascending node", "value": "194.2420455960491", "label": "node"}, {"name": "w", "sigma": "2.5796E-5", "title": "argument of perihelion", "value": "323.7655268452938", "units": "deg", "label": "peri"}, {"sigma": "2.7967E-6", "name": "ma", "units": "deg", "value": "30.18112536914343", "title": "mean anomaly", "label": "M"}, {"label": "tp", "units": "TDB", "title": "time of perihelion passage", "value": "2461100.517479230286", "sigma": "9.2992E-6", "name": "tp"}, {"units": "d", "title": "sidereal orbital period", "value": "1192.589972602419", "name": "per", "sigma": "5.1392E-6", "label": "period"}, {"name": "n", "sigma": "1.3008E-9", "title": "mean motion", "value": ".3018640171981519", "units": "deg/d", "label": "n"}, {"label": "Q", "name": "ad", "sigma": "1.011E-8", "units": "au", "title": "aphelion distance", "value": "3.519210456422799"}], "epoch": "2461200.5"}