{"spkid": "20872894", "covariance": {"labels": ["e", "q", "tp", "node", "peri", "i"], "data": [["3.441093517852766E-16", "-5.107061172682124E-16", "-3.788608911793491E-14", "-3.671227276078135E-14", "2.521025213648579E-14", "-1.568014502821166E-15"], ["-5.107061172682124E-16", "7.638978086593683E-16", "6.855908024664009E-14", "5.490082216119778E-14", "-2.916832947552144E-14", "2.740134443975061E-15"], ["-3.788608911793491E-14", "6.855908024664009E-14", "6.927478219871426E-11", "2.099474721792101E-11", "3.393075742480815E-11", "9.222816561858007E-13"], ["-3.671227276078135E-14", "5.490082216119778E-14", "2.099474721792101E-11", "3.369409635721832E-9", "-3.353921200348255E-9", "5.150286115154761E-12"], ["2.521025213648579E-14", "-2.916832947552144E-14", "3.393075742480815E-11", "-3.353921200348255E-9", "3.386974090639356E-9", "-4.439921885277161E-12"], ["-1.568014502821166E-15", "2.740134443975061E-15", "9.222816561858007E-13", "5.150286115154761E-12", "-4.439921885277161E-12", "5.049618759417333E-12"]], "elements": [{"label": "e", "title": "eccentricity", "value": ".2996219949426341", "units": null, "name": "e", "sigma": 1.85501846833199e-08}, {"title": "perihelion distance", "value": ".9917503099136694", "units": "au", "sigma": 2.76387012838767e-08, "name": "q", "label": "q"}, {"sigma": 8.32314737336269e-06, "name": "tp", "units": "TDB", "title": "time of perihelion passage", "value": "2459129.862877534721", "label": "tp"}, {"value": "281.7612575024705", "title": "longitude of the ascending node", "units": "deg", "name": "om", "sigma": 5.80466160574571e-05, "label": "node"}, {"label": "peri", "name": "w", "sigma": 5.81977155104851e-05, "units": "deg", "value": "216.3645973643324", "title": "argument of perihelion"}, {"units": "deg", "title": "inclination", "value": "1.232486582443021", "sigma": 2.24713567890711e-06, "name": "i", "label": "i"}], "epoch": "2458837.5"}, "elements": [{"label": "e", "units": null, "title": "eccentricity", "value": ".2998032596998568", "sigma": "1.8714E-8", "name": "e"}, {"label": "a", "name": "a", "sigma": "3.2415E-9", "units": "au", "title": "semi-major axis", "value": "1.416782239166021"}, {"label": "q", "name": "q", "sigma": "2.7561E-8", "units": "au", "value": ".9920263055791861", "title": "perihelion distance"}, {"label": "i", "sigma": "2.2463E-6", "name": "i", "value": "1.231610027514777", "title": "inclination; angle with respect to x-y ecliptic plane", "units": "deg"}, {"units": "deg", "title": "longitude of the ascending node", "value": "281.6514638360198", "name": "om", "sigma": "5.8102E-5", "label": "node"}, {"label": "peri", "value": "216.5284934336178", "title": "argument of perihelion", "units": "deg", "sigma": "5.825E-5", "name": "w"}, {"name": "ma", "sigma": "8.6608E-6", "units": "deg", "value": "130.7340273315672", "title": "mean anomaly", "label": "M"}, {"label": "tp", "value": "2460976.813784422904", "title": "time of perihelion passage", "units": "TDB", "name": "tp", "sigma": "1.4132E-5"}, {"label": "period", "sigma": "2.1139E-6", "name": "per", "title": "sidereal orbital period", "value": "615.9608118207991", "units": "d"}, {"units": "deg/d", "title": "mean motion", "value": ".5844527656488876", "name": "n", "sigma": "2.0058E-9", "label": "n"}, {"label": "Q", "sigma": "4.2133E-9", "name": "ad", "value": "1.841538172752857", "title": "aphelion distance", "units": "au"}], "epoch": "2461200.5"}