{"spkid": "20873204", "covariance": {"elements": [{"title": "eccentricity", "value": ".3875757983986745", "units": null, "name": "e", "sigma": 3.26195265547613e-08, "label": "e"}, {"sigma": 4.71732064481169e-08, "name": "q", "units": "au", "value": ".9384343083890733", "title": "perihelion distance", "label": "q"}, {"name": "tp", "sigma": 2.10467569126555e-05, "units": "TDB", "title": "time of perihelion passage", "value": "2459524.910954259037", "label": "tp"}, {"label": "node", "sigma": 3.82727822668729e-06, "name": "om", "value": "211.4759531098257", "title": "longitude of the ascending node", "units": "deg"}, {"label": "peri", "units": "deg", "value": "150.7163649678315", "title": "argument of perihelion", "sigma": 1.32263478529394e-05, "name": "w"}, {"units": "deg", "value": "33.8546488777357", "title": "inclination", "name": "i", "sigma": 3.81876538047887e-06, "label": "i"}], "data": [["1.064033512656778E-15", "-1.500719956970156E-15", "-3.334127373425401E-14", "-1.006919956696974E-13", "8.639053221858848E-14", "-7.597717738038892E-14"], ["-1.500719956970156E-15", "2.225311406596661E-15", "-1.603000519461193E-13", "1.624369251171149E-13", "-2.253538592706851E-13", "1.170185935739885E-13"], ["-3.334127373425401E-14", "-1.603000519461193E-13", "4.429659765404132E-10", "-4.318246433842233E-11", "2.514073069144394E-10", "-2.006652789309114E-11"], ["-1.006919956696974E-13", "1.624369251171149E-13", "-4.318246433842233E-11", "1.464805862447458E-11", "-3.677909358192337E-11", "8.700014548408706E-12"], ["8.639053221858848E-14", "-2.253538592706851E-13", "2.514073069144394E-10", "-3.677909358192337E-11", "1.749362775269546E-10", "-1.877517142844729E-11"], ["-7.597717738038892E-14", "1.170185935739885E-13", "-2.006652789309114E-11", "8.700014548408706E-12", "-1.877517142844729E-11", "1.458296903114392E-11"]], "labels": ["e", "q", "tp", "node", "peri", "i"], "epoch": "2459338.5"}, "elements": [{"label": "e", "name": "e", "sigma": "3.3268E-8", "value": ".3871576246339315", "title": "eccentricity", "units": null}, {"label": "a", "value": "1.531512500961794", "title": "semi-major axis", "units": "au", "sigma": "1.7883E-8", "name": "a"}, {"label": "q", "sigma": "4.7278E-8", "name": "q", "units": "au", "title": "perihelion distance", "value": ".9385757589922544"}, {"units": "deg", "value": "33.85860341042886", "title": "inclination; angle with respect to x-y ecliptic plane", "sigma": "3.828E-6", "name": "i", "label": "i"}, {"title": "longitude of the ascending node", "value": "211.4515643016414", "units": "deg", "sigma": "3.827E-6", "name": "om", "label": "node"}, {"name": "w", "sigma": "1.3211E-5", "value": "150.6941642375749", "title": "argument of perihelion", "units": "deg", "label": "peri"}, {"label": "M", "units": "deg", "value": "150.9630970146492", "title": "mean anomaly", "name": "ma", "sigma": "7.8205E-6"}, {"title": "time of perihelion passage", "value": "2460910.199661624736", "units": "TDB", "name": "tp", "sigma": "1.1646E-5", "label": "tp"}, {"label": "period", "name": "per", "sigma": "1.2125E-5", "value": "692.2759527446229", "title": "sidereal orbital period", "units": "d"}, {"label": "n", "units": "deg/d", "value": ".5200238410315", "title": "mean motion", "sigma": "9.1081E-9", "name": "n"}, {"label": "Q", "units": "au", "title": "aphelion distance", "value": "2.124449242931334", "sigma": "2.4806E-8", "name": "ad"}], "epoch": "2461200.5"}