{"spkid": "20875163", "covariance": {"elements": [{"name": "e", "sigma": 3.02393817879641e-08, "units": null, "title": "eccentricity", "value": ".7138088321328221", "label": "e"}, {"title": "perihelion distance", "value": ".7849578765698112", "units": "au", "sigma": 7.57560854686938e-08, "name": "q", "label": "q"}, {"label": "tp", "sigma": 3.06977079850785e-06, "name": "tp", "value": "2460877.906922985584", "title": "time of perihelion passage", "units": "TDB"}, {"label": "node", "units": "deg", "value": "6.36994145784253", "title": "longitude of the ascending node", "sigma": 3.98526329109167e-05, "name": "om"}, {"sigma": 4.1580365937181e-05, "name": "w", "units": "deg", "value": "268.4290066113259", "title": "argument of perihelion", "label": "peri"}, {"name": "i", "sigma": 5.62270812599958e-06, "units": "deg", "value": "2.404211334169961", "title": "inclination", "label": "i"}], "data": [["9.144202109182538E-16", "-2.289459734249081E-15", "-8.312226164849658E-14", "-6.042191863898177E-15", "-2.692176088711689E-13", "8.067430238079456E-15", "1.427395579685706E-21"], ["-2.289459734249081E-15", "5.738984485540041E-15", "2.082211190117486E-13", "1.645082465946628E-14", "6.73303502100936E-13", "-2.067258806111131E-14", "-3.54258738107932E-21"], ["-8.312226164849658E-14", "2.082211190117486E-13", "9.423492755371515E-12", "-3.581089373806102E-11", "6.253033037243172E-11", "5.856772698381753E-12", "-1.249961383553543E-19"], ["-6.042191863898177E-15", "1.645082465946628E-14", "-3.581089373806102E-11", "1.588232349932279E-9", "-1.616208956833387E-9", "-2.103157903609758E-10", "-1.736646498728613E-19"], ["-2.692176088711689E-13", "6.73303502100936E-13", "6.253033037243172E-11", "-1.616208956833387E-9", "1.728926831469883E-9", "2.133163993624257E-10", "-2.502676081813177E-19"], ["8.067430238079456E-15", "-2.067258806111131E-14", "5.856772698381753E-12", "-2.103157903609758E-10", "2.133163993624257E-10", "3.161484667018166E-11", "3.434082384323457E-20"], ["1.427395579685706E-21", "-3.54258738107932E-21", "-1.249961383553543E-19", "-1.736646498728613E-19", "-2.502676081813177E-19", "3.434082384323457E-20", "2.442968123489241E-27"]], "labels": ["e", "q", "tp", "node", "peri", "i", "A2"], "epoch": "2460606.5"}, "elements": [{"label": "e", "name": "e", "sigma": "3.066E-8", "units": null, "title": "eccentricity", "value": ".7137851297089378"}, {"label": "a", "sigma": "3.3488E-8", "name": "a", "title": "semi-major axis", "value": "2.742801678315661", "units": "au"}, {"label": "q", "sigma": "7.5306E-8", "name": "q", "units": "au", "value": ".7850306265932246", "title": "perihelion distance"}, {"units": "deg", "value": "2.425778054261984", "title": "inclination; angle with respect to x-y ecliptic plane", "sigma": "5.6055E-6", "name": "i", "label": "i"}, {"name": "om", "sigma": "3.8596E-5", "units": "deg", "title": "longitude of the ascending node", "value": "6.073651307077176", "label": "node"}, {"name": "w", "sigma": "4.0393E-5", "value": "268.7210731206215", "title": "argument of perihelion", "units": "deg", "label": "peri"}, {"label": "M", "units": "deg", "value": "70.00552013695905", "title": "mean anomaly", "sigma": "8.4637E-7", "name": "ma"}, {"label": "tp", "units": "TDB", "title": "time of perihelion passage", "value": "2460877.858801210388", "sigma": "3.0971E-6", "name": "tp"}, {"label": "period", "name": "per", "sigma": "3.0386E-5", "units": "d", "title": "sidereal orbital period", "value": "1659.166753379196"}, {"sigma": "3.9737E-9", "name": "n", "units": "deg/d", "title": "mean motion", "value": ".2169763824322024", "label": "n"}, {"label": "Q", "sigma": "5.739E-8", "name": "ad", "title": "aphelion distance", "value": "4.700572730038098", "units": "au"}], "epoch": "2461200.5"}