{"spkid": "20875759", "covariance": {"epoch": "2456836.5", "labels": ["e", "q", "tp", "node", "peri", "i", "A2"], "elements": [{"value": ".2662788679578322", "title": "eccentricity", "units": null, "sigma": 1.89781395866733e-07, "name": "e", "label": "e"}, {"units": "au", "value": ".6169184855467362", "title": "perihelion distance", "sigma": 1.60068655660205e-07, "name": "q", "label": "q"}, {"label": "tp", "units": "TDB", "value": "2456925.608855613169", "title": "time of perihelion passage", "sigma": 4.70014202310781e-05, "name": "tp"}, {"label": "node", "units": "deg", "value": "84.85170289291398", "title": "longitude of the ascending node", "sigma": 1.09076274427566e-05, "name": "om"}, {"label": "peri", "units": "deg", "value": "149.9324783844531", "title": "argument of perihelion", "sigma": 3.79717153982953e-05, "name": "w"}, {"units": "deg", "title": "inclination", "value": "17.22063733786009", "sigma": 2.38278140126969e-05, "name": "i", "label": "i"}], "data": [["3.601697821712551E-14", "-3.037722849135085E-14", "-7.074474528518673E-12", "-5.747627722987725E-13", "-5.744504871702136E-12", "2.545766681843037E-12", "-1.119820834838007E-21"], ["-3.037722849135085E-14", "2.562197452486518E-14", "5.970704627231577E-12", "4.826566695071933E-13", "4.848807553192926E-12", "-2.143664913552962E-12", "9.510251419364712E-22"], ["-7.074474528518673E-12", "5.970704627231577E-12", "2.2091335037384E-9", "3.520912811212947E-11", "1.698697885431461E-9", "-2.432553875695349E-10", "4.49622366016941E-20"], ["-5.747627722987725E-13", "4.826566695071933E-13", "3.520912811212947E-11", "1.189763364299772E-10", "-5.179698064572278E-11", "-1.723410920200073E-10", "2.817726536620034E-20"], ["-5.744504871702136E-12", "4.848807553192926E-12", "1.698697885431461E-9", "-5.179698064572278E-11", "1.441851170289138E-9", "-1.58098159921322E-10", "1.165287793609784E-19"], ["2.545766681843037E-12", "-2.143664913552962E-12", "-2.432553875695349E-10", "-1.723410920200073E-10", "-1.58098159921322E-10", "5.677647206236732E-10", "-1.443155814663106E-19"], ["-1.119820834838007E-21", "9.510251419364712E-22", "4.49622366016941E-20", "2.817726536620034E-20", "1.165287793609784E-19", "-1.443155814663106E-19", "1.932271908496305E-28"]]}, "elements": [{"units": null, "title": "eccentricity", "value": ".2664148345032103", "sigma": "1.9012E-7", "name": "e", "label": "e"}, {"label": "a", "title": "semi-major axis", "value": ".8411529267436415", "units": "au", "name": "a", "sigma": "9.1073E-9"}, {"units": "au", "value": ".6170573089733433", "title": "perihelion distance", "sigma": "1.6287E-7", "name": "q", "label": "q"}, {"label": "i", "units": "deg", "title": "inclination; angle with respect to x-y ecliptic plane", "value": "17.21877853837978", "name": "i", "sigma": "2.3818E-5"}, {"title": "longitude of the ascending node", "value": "84.77615851786722", "units": "deg", "name": "om", "sigma": "1.0835E-5", "label": "node"}, {"title": "argument of perihelion", "value": "150.026624120302", "units": "deg", "name": "w", "sigma": "3.794E-5", "label": "peri"}, {"label": "M", "units": "deg", "value": "62.26489991131889", "title": "mean anomaly", "name": "ma", "sigma": "8.4868E-5"}, {"label": "tp", "units": "TDB", "title": "time of perihelion passage", "value": "2461151.763800326388", "name": "tp", "sigma": "6.5909E-5"}, {"label": "period", "name": "per", "sigma": "4.5763E-6", "units": "d", "value": "281.7804558826709", "title": "sidereal orbital period"}, {"label": "n", "sigma": "2.0749E-8", "name": "n", "units": "deg/d", "title": "mean motion", "value": "1.27759038103728"}, {"label": "Q", "sigma": "1.1534E-8", "name": "ad", "title": "aphelion distance", "value": "1.06524854451394", "units": "au"}], "epoch": "2461200.5"}