{"spkid": "20889795", "covariance": {"epoch": "2458153.5", "data": [["3.18253364434821E-14", "-4.363915322167925E-14", "-2.430913477253487E-12", "-2.783362298175009E-14", "4.581715984700236E-13", "-5.344234139304987E-13"], ["-4.363915322167925E-14", "5.984195439144999E-14", "3.342226265951227E-12", "6.247863226406273E-14", "-6.476017960104584E-13", "7.342978345500949E-13"], ["-2.430913477253487E-12", "3.342226265951227E-12", "3.280550590958221E-10", "1.744539884922974E-10", "-1.414170369316677E-10", "5.108192448331945E-11"], ["-2.783362298175009E-14", "6.247863226406273E-14", "1.744539884922974E-10", "8.509930199255826E-9", "-8.382412399997028E-9", "-1.357014017200784E-10"], ["4.581715984700236E-13", "-6.476017960104584E-13", "-1.414170369316677E-10", "-8.382412399997028E-9", "8.310080743420433E-9", "1.320797593621177E-10"], ["-5.344234139304987E-13", "7.342978345500949E-13", "5.108192448331945E-11", "-1.357014017200784E-10", "1.320797593621177E-10", "3.948656408748489E-11"]], "elements": [{"label": "e", "value": ".697682458692567", "title": "eccentricity", "units": null, "sigma": 1.7839657071671e-07, "name": "e"}, {"title": "perihelion distance", "value": ".401475132693663", "units": "au", "name": "q", "sigma": 2.44626152304798e-07, "label": "q"}, {"sigma": 1.81122902774835e-05, "name": "tp", "value": "2458425.684054892799", "title": "time of perihelion passage", "units": "TDB", "label": "tp"}, {"label": "node", "sigma": 9.22492829200088e-05, "name": "om", "units": "deg", "title": "longitude of the ascending node", "value": "225.725171249046"}, {"label": "peri", "name": "w", "sigma": 9.11596442699314e-05, "title": "argument of perihelion", "value": "77.82110356442718", "units": "deg"}, {"value": "4.05142960342127", "title": "inclination", "units": "deg", "sigma": 6.28383355026889e-06, "name": "i", "label": "i"}], "labels": ["e", "q", "tp", "node", "peri", "i"]}, "elements": [{"label": "e", "sigma": "1.785E-7", "name": "e", "units": null, "title": "eccentricity", "value": ".6980225681093332"}, {"units": "au", "title": "semi-major axis", "value": "1.327898304858298", "sigma": "2.5701E-8", "name": "a", "label": "a"}, {"label": "q", "units": "au", "value": ".4009953199130785", "title": "perihelion distance", "sigma": "2.4446E-7", "name": "q"}, {"label": "i", "sigma": "6.2811E-6", "name": "i", "units": "deg", "value": "4.059191040138376", "title": "inclination; angle with respect to x-y ecliptic plane"}, {"units": "deg", "value": "225.4912389648628", "title": "longitude of the ascending node", "sigma": "9.2278E-5", "name": "om", "label": "node"}, {"units": "deg", "value": "78.07485224687454", "title": "argument of perihelion", "name": "w", "sigma": "9.1201E-5", "label": "peri"}, {"label": "M", "name": "ma", "sigma": "6.2769E-5", "title": "mean anomaly", "value": "347.0931263723875", "units": "deg"}, {"sigma": "9.8031E-5", "name": "tp", "units": "TDB", "value": "2461220.538453850760", "title": "time of perihelion passage", "label": "tp"}, {"sigma": "1.6226E-5", "name": "per", "title": "sidereal orbital period", "value": "558.9148537753282", "units": "d", "label": "period"}, {"label": "n", "title": "mean motion", "value": ".6441052649939275", "units": "deg/d", "sigma": "1.8699E-8", "name": "n"}, {"name": "ad", "sigma": "4.364E-8", "value": "2.254801289803517", "title": "aphelion distance", "units": "au", "label": "Q"}], "epoch": "2461200.5"}