{"spkid": "20886933", "covariance": {"labels": ["e", "q", "tp", "node", "peri", "i"], "elements": [{"units": null, "value": ".223011444963654", "title": "eccentricity", "name": "e", "sigma": 2.94814258434119e-08, "label": "e"}, {"label": "q", "units": "au", "value": "1.027423064159323", "title": "perihelion distance", "sigma": 4.12431457737713e-08, "name": "q"}, {"units": "TDB", "title": "time of perihelion passage", "value": "2459045.723363641669", "sigma": 5.16319784459981e-05, "name": "tp", "label": "tp"}, {"label": "node", "value": "127.4489987251354", "title": "longitude of the ascending node", "units": "deg", "name": "om", "sigma": 3.58245231192389e-06}, {"value": "6.77233359844644", "title": "argument of perihelion", "units": "deg", "sigma": 3.84306412987452e-05, "name": "w", "label": "peri"}, {"sigma": 1.43074758733493e-05, "name": "i", "units": "deg", "value": "27.67070869705564", "title": "inclination", "label": "i"}], "data": [["8.691544697605969E-16", "-1.202926734833743E-15", "3.647469132218482E-13", "4.508605441045013E-14", "2.529193757026056E-13", "-1.861649766732447E-13"], ["-1.202926734833743E-15", "1.70099707331655E-15", "-7.924913848973996E-13", "-6.37983880904121E-14", "-5.550933177212072E-13", "2.751999065623456E-13"], ["3.647469132218482E-13", "-7.924913848973996E-13", "2.665861198248011E-9", "2.854068299846603E-11", "1.964625890532223E-9", "-2.089849932415856E-10"], ["4.508605441045013E-14", "-6.37983880904121E-14", "2.854068299846603E-11", "1.283396456720881E-11", "1.036136782871065E-11", "-1.842732362806022E-11"], ["2.529193757026056E-13", "-5.550933177212072E-13", "1.964625890532223E-9", "1.036136782871065E-11", "1.476914190632819E-9", "-1.394001621791745E-10"], ["-1.861649766732447E-13", "2.751999065623456E-13", "-2.089849932415856E-10", "-1.842732362806022E-11", "-1.394001621791745E-10", "2.047038658664713E-10"]], "epoch": "2458820.5"}, "elements": [{"title": "eccentricity", "value": ".2231728548581419", "units": null, "name": "e", "sigma": "2.9762E-8", "label": "e"}, {"label": "a", "sigma": "8.0896E-9", "name": "a", "value": "1.322571518574917", "title": "semi-major axis", "units": "au"}, {"units": "au", "title": "perihelion distance", "value": "1.027409457020485", "sigma": "4.1304E-8", "name": "q", "label": "q"}, {"value": "27.66792295163476", "title": "inclination; angle with respect to x-y ecliptic plane", "units": "deg", "name": "i", "sigma": "1.4309E-5", "label": "i"}, {"label": "node", "sigma": "3.575E-6", "name": "om", "units": "deg", "value": "127.4191627006673", "title": "longitude of the ascending node"}, {"name": "w", "sigma": "3.8417E-5", "units": "deg", "title": "argument of perihelion", "value": "6.893828523244864", "label": "peri"}, {"label": "M", "value": "316.6447098042589", "title": "mean anomaly", "units": "deg", "name": "ma", "sigma": "2.1436E-5"}, {"label": "tp", "sigma": "3.2531E-5", "name": "tp", "title": "time of perihelion passage", "value": "2461267.406262879204", "units": "TDB"}, {"label": "period", "name": "per", "sigma": "5.0971E-6", "units": "d", "title": "sidereal orbital period", "value": "555.5551474288045"}, {"title": "mean motion", "value": ".6480004760393921", "units": "deg/d", "name": "n", "sigma": "5.9453E-9", "label": "n"}, {"label": "Q", "value": "1.617733580129349", "title": "aphelion distance", "units": "au", "sigma": "9.895E-9", "name": "ad"}], "epoch": "2461200.5"}