{"spkid": "20883088", "covariance": {"elements": [{"label": "e", "units": null, "value": ".534177444039592", "title": "eccentricity", "sigma": 2.54807011076139e-08, "name": "e"}, {"name": "q", "sigma": 4.78333397739133e-08, "units": "au", "value": ".851210938690706", "title": "perihelion distance", "label": "q"}, {"sigma": 9.98346071519425e-06, "name": "tp", "units": "TDB", "value": "2458366.958799944441", "title": "time of perihelion passage", "label": "tp"}, {"units": "deg", "title": "longitude of the ascending node", "value": "293.3839519984094", "name": "om", "sigma": 6.06590965466415e-05, "label": "node"}, {"value": "223.560034797781", "title": "argument of perihelion", "units": "deg", "name": "w", "sigma": 6.02152897631226e-05, "label": "peri"}, {"label": "i", "sigma": 4.05757818605438e-06, "name": "i", "title": "inclination", "value": "3.893089247886292", "units": "deg"}], "data": [["6.492661289355563E-16", "-1.218571943476844E-15", "2.02169536543851E-13", "1.336909481501215E-13", "1.784193904452531E-14", "-2.494160149712989E-14"], ["-1.218571943476844E-15", "2.288028393926633E-15", "-3.80592229935895E-13", "-2.533026173075495E-13", "-3.210216989936588E-14", "4.692542185229247E-14"], ["2.02169536543851E-13", "-3.80592229935895E-13", "9.966948785182679E-11", "5.45422622289544E-11", "2.029626566273912E-11", "-9.595257225481648E-12"], ["1.336909481501215E-13", "-2.533026173075495E-13", "5.45422622289544E-11", "3.679525993854781E-9", "-3.622492185909946E-9", "-1.937359136466625E-10"], ["1.784193904452531E-14", "-3.210216989936588E-14", "2.029626566273912E-11", "-3.622492185909946E-9", "3.625881121256814E-9", "1.853035847241746E-10"], ["-2.494160149712989E-14", "4.692542185229247E-14", "-9.595257225481648E-12", "-1.937359136466625E-10", "1.853035847241746E-10", "1.646394073594435E-11"]], "labels": ["e", "q", "tp", "node", "peri", "i"], "epoch": "2458298.5"}, "elements": [{"label": "e", "units": null, "title": "eccentricity", "value": ".5335391864714987", "sigma": "2.5487E-8", "name": "e"}, {"label": "a", "sigma": "3.2433E-9", "name": "a", "value": "1.827195678939038", "title": "semi-major axis", "units": "au"}, {"label": "q", "title": "perihelion distance", "value": ".8523151828736658", "units": "au", "name": "q", "sigma": "4.7872E-8"}, {"label": "i", "value": "3.881402555963642", "title": "inclination; angle with respect to x-y ecliptic plane", "units": "deg", "sigma": "4.0557E-6", "name": "i"}, {"label": "node", "units": "deg", "title": "longitude of the ascending node", "value": "293.1012222540817", "name": "om", "sigma": "6.0861E-5"}, {"label": "peri", "name": "w", "sigma": "6.0425E-5", "value": "223.9033021066925", "title": "argument of perihelion", "units": "deg"}, {"label": "M", "units": "deg", "title": "mean anomaly", "value": "50.13290207580522", "name": "ma", "sigma": "2.8409E-6"}, {"name": "tp", "sigma": "7.1306E-6", "value": "2461074.869131817030", "title": "time of perihelion passage", "units": "TDB", "label": "tp"}, {"label": "period", "value": "902.1443138775795", "title": "sidereal orbital period", "units": "d", "name": "per", "sigma": "2.4019E-6"}, {"units": "deg/d", "title": "mean motion", "value": ".399049236870601", "sigma": "1.0625E-9", "name": "n", "label": "n"}, {"value": "2.802076175004409", "title": "aphelion distance", "units": "au", "sigma": "4.9737E-9", "name": "ad", "label": "Q"}], "epoch": "2461200.5"}