{"spkid": "20885552", "covariance": {"elements": [{"name": "e", "sigma": 5.53640965910772e-08, "value": ".4518622329808163", "title": "eccentricity", "units": null, "label": "e"}, {"name": "q", "sigma": 1.03744786627548e-07, "units": "au", "value": "1.035907341983902", "title": "perihelion distance", "label": "q"}, {"sigma": 1.99362971401509e-05, "name": "tp", "units": "TDB", "title": "time of perihelion passage", "value": "2457741.175228950989", "label": "tp"}, {"label": "node", "units": "deg", "title": "longitude of the ascending node", "value": "134.7833382195673", "name": "om", "sigma": 3.14663475651966e-05}, {"label": "peri", "value": "192.0278195071366", "title": "argument of perihelion", "units": "deg", "sigma": 3.23823519213476e-05, "name": "w"}, {"label": "i", "name": "i", "sigma": 6.1797716436595e-06, "units": "deg", "title": "inclination", "value": "17.5175716842514"}], "data": [["3.065183191346126E-15", "-5.726308487837517E-15", "-1.946774859325378E-14", "-6.172494210913715E-13", "7.485628046035866E-13", "-1.693322894673291E-14"], ["-5.726308487837517E-15", "1.076298075239538E-14", "-7.59589120572979E-14", "1.154228749342467E-12", "-1.423274374296614E-12", "3.165947206007004E-14"], ["-1.946774859325378E-14", "-7.59589120572979E-14", "3.974559436603883E-10", "-5.942782586235674E-11", "2.0968092232139E-10", "-4.1313666520643E-12"], ["-6.172494210913715E-13", "1.154228749342467E-12", "-5.942782586235674E-11", "9.901310290937509E-10", "-9.63941916659015E-10", "-1.178636736451235E-11"], ["7.485628046035866E-13", "-1.423274374296614E-12", "2.0968092232139E-10", "-9.63941916659015E-10", "1.048616715958002E-9", "1.341228419577652E-11"], ["-1.693322894673291E-14", "3.165947206007004E-14", "-4.1313666520643E-12", "-1.178636736451235E-11", "1.341228419577652E-11", "3.818957756777801E-11"]], "labels": ["e", "q", "tp", "node", "peri", "i"], "epoch": "2458175.5"}, "elements": [{"label": "e", "sigma": "5.5449E-8", "name": "e", "units": null, "title": "eccentricity", "value": ".4524280771661786"}, {"label": "a", "units": "au", "title": "semi-major axis", "value": "1.88955508317739", "name": "a", "sigma": "1.4836E-8"}, {"label": "q", "name": "q", "sigma": "1.0395E-7", "units": "au", "title": "perihelion distance", "value": "1.034667310195865"}, {"label": "i", "sigma": "6.1822E-6", "name": "i", "value": "17.5288254502823", "title": "inclination; angle with respect to x-y ecliptic plane", "units": "deg"}, {"label": "node", "sigma": "3.1442E-5", "name": "om", "units": "deg", "value": "134.7396613964971", "title": "longitude of the ascending node"}, {"label": "peri", "units": "deg", "value": "192.0891890517665", "title": "argument of perihelion", "name": "w", "sigma": "3.2351E-5"}, {"label": "M", "name": "ma", "sigma": "1.1601E-5", "units": "deg", "title": "mean anomaly", "value": "232.1943653026235"}, {"label": "tp", "sigma": "3.4123E-5", "name": "tp", "title": "time of perihelion passage", "value": "2461537.310221230023", "units": "TDB"}, {"label": "period", "sigma": "1.1174E-5", "name": "per", "units": "d", "value": "948.719357561293", "title": "sidereal orbital period"}, {"units": "deg/d", "value": ".3794588959641227", "title": "mean motion", "sigma": "4.4691E-9", "name": "n", "label": "n"}, {"label": "Q", "units": "au", "value": "2.744442856158915", "title": "aphelion distance", "sigma": "2.1549E-8", "name": "ad"}], "epoch": "2461200.5"}