{"spkid": "20885120", "covariance": {"labels": ["e", "q", "tp", "node", "peri", "i"], "elements": [{"label": "e", "value": ".2965261127737822", "title": "eccentricity", "units": null, "name": "e", "sigma": 2.61487240684861e-08}, {"sigma": 4.61247732437493e-08, "name": "q", "units": "au", "title": "perihelion distance", "value": ".99886255182124", "label": "q"}, {"name": "tp", "sigma": 3.3888184391687e-05, "units": "TDB", "value": "2457664.565941048593", "title": "time of perihelion passage", "label": "tp"}, {"units": "deg", "value": "63.5357268341152", "title": "longitude of the ascending node", "sigma": 5.37167064195784e-06, "name": "om", "label": "node"}, {"sigma": 2.49180066279541e-05, "name": "w", "title": "argument of perihelion", "value": "197.8294554382713", "units": "deg", "label": "peri"}, {"value": "28.1534684056525", "title": "inclination", "units": "deg", "name": "i", "sigma": 1.76585247054745e-05, "label": "i"}], "data": [["6.837557704098255E-16", "-1.163902599257781E-15", "5.915310832185842E-13", "3.169470652921826E-15", "4.666604235471472E-13", "-1.643805920291649E-14"], ["-1.163902599257781E-15", "2.127494706787288E-15", "-1.267394781702491E-12", "-1.167402403413427E-14", "-9.412682598480934E-13", "7.199849746962343E-14"], ["5.915310832185842E-13", "-1.267394781702491E-12", "1.148409041364977E-9", "1.600931101030818E-11", "8.047519660228637E-10", "-4.197915965213542E-11"], ["3.169470652921826E-15", "-1.167402403413427E-14", "1.600931101030818E-11", "2.885484548567177E-11", "-1.28393769509672E-11", "-5.511358241844043E-11"], ["4.666604235471472E-13", "-9.412682598480934E-13", "8.047519660228637E-10", "-1.28393769509672E-11", "6.209070543107657E-10", "-3.957352992486855E-12"], ["-1.643805920291649E-14", "7.199849746962343E-14", "-4.197915965213542E-11", "-5.511358241844043E-11", "-3.957352992486855E-12", "3.118234947738523E-10"]], "epoch": "2457807.5"}, "elements": [{"label": "e", "name": "e", "sigma": "2.6098E-8", "units": null, "value": ".2970480747940678", "title": "eccentricity"}, {"units": "au", "title": "semi-major axis", "value": "1.420907600393037", "name": "a", "sigma": "2.0074E-8", "label": "a"}, {"title": "perihelion distance", "value": ".9988297332360266", "units": "au", "sigma": "4.6245E-8", "name": "q", "label": "q"}, {"value": "28.14405509048562", "title": "inclination; angle with respect to x-y ecliptic plane", "units": "deg", "name": "i", "sigma": "1.7666E-5", "label": "i"}, {"label": "node", "units": "deg", "value": "63.50021233693401", "title": "longitude of the ascending node", "name": "om", "sigma": "5.3609E-6"}, {"label": "peri", "title": "argument of perihelion", "value": "197.8811330026668", "units": "deg", "sigma": "2.4893E-5", "name": "w"}, {"units": "deg", "title": "mean anomaly", "value": "258.1732290915402", "name": "ma", "sigma": "2.7059E-5", "label": "M"}, {"value": "2461375.487349831363", "title": "time of perihelion passage", "units": "TDB", "sigma": "5.0035E-5", "name": "tp", "label": "tp"}, {"units": "d", "title": "sidereal orbital period", "value": "618.6530848152134", "name": "per", "sigma": "1.311E-5", "label": "period"}, {"label": "n", "name": "n", "sigma": "1.2332E-8", "units": "deg/d", "value": ".5819093266261317", "title": "mean motion"}, {"sigma": "2.6037E-8", "name": "ad", "units": "au", "title": "aphelion distance", "value": "1.842985467550047", "label": "Q"}], "epoch": "2461200.5"}