{"spkid": "20887773", "covariance": {"data": [["1.490773707988247E-14", "-1.201145761121515E-14", "2.251672408802089E-12", "-3.499382951934049E-13", "1.630614323025055E-12", "3.144648180537995E-13", "2.57070910862996E-22"], ["-1.201145761121515E-14", "9.678113117126255E-15", "-1.815623627812266E-12", "2.816717255772105E-13", "-1.313180336806927E-12", "-2.53952946084503E-13", "-2.054622840562193E-22"], ["2.251672408802089E-12", "-1.815623627812266E-12", "4.538522413814984E-10", "-8.783923538295555E-11", "3.549590233132375E-10", "4.236774743761177E-11", "1.840663843305099E-20"], ["-3.499382951934049E-13", "2.816717255772105E-13", "-8.783923538295555E-11", "7.753585380285368E-11", "-1.328229270880935E-10", "-1.925534132567982E-11", "-4.007130301272649E-21"], ["1.630614323025055E-12", "-1.313180336806927E-12", "3.549590233132375E-10", "-1.328229270880935E-10", "3.538852647379105E-10", "3.98788599776696E-11", "2.1224815232615E-20"], ["3.144648180537995E-13", "-2.53952946084503E-13", "4.236774743761177E-11", "-1.925534132567982E-11", "3.98788599776696E-11", "5.191699224280947E-11", "2.715594588424744E-21"], ["2.57070910862996E-22", "-2.054622840562193E-22", "1.840663843305099E-20", "-4.007130301272649E-21", "2.1224815232615E-20", "2.715594588424744E-21", "1.74700006924546E-29"]], "elements": [{"label": "e", "title": "eccentricity", "value": ".3646590050838404", "units": null, "name": "e", "sigma": 1.22097244358267e-07}, {"name": "q", "sigma": 9.83774014554474e-08, "units": "au", "value": ".5154475978132371", "title": "perihelion distance", "label": "q"}, {"sigma": 2.13038081427124e-05, "name": "tp", "value": "2459406.833408512777", "title": "time of perihelion passage", "units": "TDB", "label": "tp"}, {"name": "om", "sigma": 8.80544455452726e-06, "units": "deg", "value": "159.0565920840122", "title": "longitude of the ascending node", "label": "node"}, {"label": "peri", "sigma": 1.88118384199395e-05, "name": "w", "value": "209.3695125828507", "title": "argument of perihelion", "units": "deg"}, {"label": "i", "title": "inclination", "value": "5.38115478581428", "units": "deg", "sigma": 7.20534469979122e-06, "name": "i"}], "labels": ["e", "q", "tp", "node", "peri", "i", "A2"], "epoch": "2459284.5"}, "elements": [{"label": "e", "name": "e", "sigma": "1.2218E-7", "value": ".3649434576846992", "title": "eccentricity", "units": null}, {"sigma": "2.6378E-9", "name": "a", "units": "au", "value": ".8106111895138178", "title": "semi-major axis", "label": "a"}, {"label": "q", "sigma": "9.8184E-8", "name": "q", "units": "au", "title": "perihelion distance", "value": ".5147839391747382"}, {"units": "deg", "title": "inclination; angle with respect to x-y ecliptic plane", "value": "5.406825144935082", "sigma": "7.2065E-6", "name": "i", "label": "i"}, {"label": "node", "sigma": "8.773E-6", "name": "om", "units": "deg", "value": "158.979084945643", "title": "longitude of the ascending node"}, {"label": "peri", "value": "209.28315411059", "title": "argument of perihelion", "units": "deg", "sigma": "1.8708E-5", "name": "w"}, {"name": "ma", "sigma": "3.3139E-5", "units": "deg", "value": "259.8502633918092", "title": "mean anomaly", "label": "M"}, {"label": "tp", "units": "TDB", "value": "2461274.659130488731", "title": "time of perihelion passage", "name": "tp", "sigma": "2.4653E-5"}, {"units": "d", "title": "sidereal orbital period", "value": "266.5737113257659", "sigma": "1.3012E-6", "name": "per", "label": "period"}, {"sigma": "6.5919E-9", "name": "n", "title": "mean motion", "value": "1.350470750508713", "units": "deg/d", "label": "n"}, {"label": "Q", "sigma": "3.6005E-9", "name": "ad", "units": "au", "value": "1.106438439852897", "title": "aphelion distance"}], "epoch": "2461200.5"}