{"spkid": "20885992", "covariance": {"labels": ["e", "q", "tp", "node", "peri", "i"], "elements": [{"label": "e", "units": null, "title": "eccentricity", "value": ".2693757225117689", "sigma": 1.11136310150239e-07, "name": "e"}, {"label": "q", "units": "au", "value": ".9465528746661703", "title": "perihelion distance", "sigma": 1.48871762478387e-07, "name": "q"}, {"title": "time of perihelion passage", "value": "2459460.630148869575", "units": "TDB", "sigma": 4.12662106439087e-05, "name": "tp", "label": "tp"}, {"label": "node", "sigma": 6.71819351785481e-06, "name": "om", "units": "deg", "value": "12.05391357542405", "title": "longitude of the ascending node"}, {"label": "peri", "sigma": 3.01456398369929e-05, "name": "w", "value": "126.2776312303878", "title": "argument of perihelion", "units": "deg"}, {"label": "i", "units": "deg", "title": "inclination", "value": "25.21902685575149", "sigma": 1.48331168339402e-05, "name": "i"}], "data": [["1.235127943381009E-14", "-1.653559547791325E-14", "2.508177571557335E-12", "1.098105998106241E-14", "2.417236935903252E-12", "5.729687557381514E-13"], ["-1.653559547791325E-14", "2.216280166342123E-14", "-3.485533207313037E-12", "-1.015010794996942E-14", "-3.308374637962593E-12", "-7.826540032869863E-13"], ["2.508177571557335E-12", "-3.485533207313037E-12", "1.702900140907444E-9", "-4.395242966337211E-11", "1.177186895989679E-9", "2.680280485741297E-10"], ["1.098105998106241E-14", "-1.015010794996942E-14", "-4.395242966337211E-11", "4.513412414334641E-11", "-6.238908017664449E-11", "9.519160279225797E-12"], ["2.417236935903252E-12", "-3.308374637962593E-12", "1.177186895989679E-9", "-6.238908017664449E-11", "9.087596011816925E-10", "1.840874573429935E-10"], ["5.729687557381514E-13", "-7.826540032869863E-13", "2.680280485741297E-10", "9.519160279225797E-12", "1.840874573429935E-10", "2.200213550093197E-10"]], "epoch": "2459259.5"}, "elements": [{"sigma": "1.1153E-7", "name": "e", "title": "eccentricity", "value": ".2693145400676825", "units": null, "label": "e"}, {"label": "a", "sigma": "9.0758E-9", "name": "a", "units": "au", "title": "semi-major axis", "value": "1.295581560320314"}, {"title": "perihelion distance", "value": ".9466626082824787", "units": "au", "sigma": "1.487E-7", "name": "q", "label": "q"}, {"label": "i", "sigma": "1.4832E-5", "name": "i", "title": "inclination; angle with respect to x-y ecliptic plane", "value": "25.21884546802108", "units": "deg"}, {"value": "12.02864503682706", "title": "longitude of the ascending node", "units": "deg", "sigma": "6.7188E-6", "name": "om", "label": "node"}, {"label": "peri", "value": "126.2992901744339", "title": "argument of perihelion", "units": "deg", "name": "w", "sigma": "3.0143E-5"}, {"name": "ma", "sigma": "1.8354E-5", "value": "82.67464023874467", "title": "mean anomaly", "units": "deg", "label": "M"}, {"label": "tp", "sigma": "2.8256E-5", "name": "tp", "units": "TDB", "value": "2461076.801231173723", "title": "time of perihelion passage"}, {"label": "period", "units": "d", "value": "538.6362329350728", "title": "sidereal orbital period", "sigma": "5.6599E-6", "name": "per"}, {"units": "deg/d", "title": "mean motion", "value": ".6683545925574493", "sigma": "7.0229E-9", "name": "n", "label": "n"}, {"title": "aphelion distance", "value": "1.64450051235815", "units": "au", "name": "ad", "sigma": "1.152E-8", "label": "Q"}], "epoch": "2461200.5"}