{"spkid": "20894048", "covariance": {"epoch": "2458766.5", "labels": ["e", "q", "tp", "node", "peri", "i", "A2"], "data": [["4.100127200083102E-15", "-5.384640498956812E-15", "8.746487333227041E-13", "7.444682838411184E-14", "1.282397284299597E-12", "3.408256886212226E-14", "-8.167725165743256E-23"], ["-5.384640498956812E-15", "7.071884121684143E-15", "-1.149027994317901E-12", "-9.77068579514194E-14", "-1.684526251621535E-12", "-4.478517867165652E-14", "1.05279398702543E-22"], ["8.746487333227041E-13", "-1.149027994317901E-12", "1.929525632790214E-10", "1.931075989353269E-11", "2.768672830670998E-10", "1.026903471136217E-11", "-2.051288514092738E-20"], ["7.444682838411184E-14", "-9.77068579514194E-14", "1.931075989353269E-11", "2.039307567544849E-11", "7.770783180038827E-12", "1.085745172297823E-11", "-6.189809440479764E-21"], ["1.282397284299597E-12", "-1.684526251621535E-12", "2.768672830670998E-10", "7.770783180038827E-12", "4.206676570381675E-10", "3.70690529724948E-12", "-1.315288088190764E-20"], ["3.408256886212226E-14", "-4.478517867165652E-14", "1.026903471136217E-11", "1.085745172297823E-11", "3.70690529724948E-12", "6.12024091593515E-12", "1.123385440969664E-22"], ["-8.167725165743256E-23", "1.05279398702543E-22", "-2.051288514092738E-20", "-6.189809440479764E-21", "-1.315288088190764E-20", "1.123385440969664E-22", "3.165518222477981E-28"]], "elements": [{"units": null, "title": "eccentricity", "value": ".2964026553750962", "sigma": 6.40322356323993e-08, "name": "e", "label": "e"}, {"label": "q", "name": "q", "sigma": 8.40944951925163e-08, "units": "au", "title": "perihelion distance", "value": ".9226562726800291"}, {"name": "tp", "sigma": 1.3890736599584e-05, "title": "time of perihelion passage", "value": "2458951.986561177763", "units": "TDB", "label": "tp"}, {"value": "151.5415178075513", "title": "longitude of the ascending node", "units": "deg", "name": "om", "sigma": 4.5158693155857e-06, "label": "node"}, {"sigma": 2.05101842273093e-05, "name": "w", "value": "59.59799543643874", "title": "argument of perihelion", "units": "deg", "label": "peri"}, {"label": "i", "name": "i", "sigma": 2.47391206713884e-06, "value": "7.899180100808728", "title": "inclination", "units": "deg"}]}, "elements": [{"label": "e", "units": null, "title": "eccentricity", "value": ".2974296273763938", "name": "e", "sigma": "6.3786E-8"}, {"label": "a", "name": "a", "sigma": "3.2701E-9", "units": "au", "title": "semi-major axis", "value": "1.312607018286324"}, {"name": "q", "sigma": "8.3676E-8", "value": ".922198801945783", "title": "perihelion distance", "units": "au", "label": "q"}, {"label": "i", "units": "deg", "title": "inclination; angle with respect to x-y ecliptic plane", "value": "7.820714966463812", "sigma": "2.4901E-6", "name": "i"}, {"label": "node", "sigma": "4.6676E-6", "name": "om", "units": "deg", "value": "151.2890357221488", "title": "longitude of the ascending node"}, {"label": "peri", "value": "59.78236365848405", "title": "argument of perihelion", "units": "deg", "name": "w", "sigma": "2.0261E-5"}, {"sigma": "9.7801E-6", "name": "ma", "units": "deg", "title": "mean anomaly", "value": "35.83472542752743", "label": "M"}, {"units": "TDB", "title": "time of perihelion passage", "value": "2461145.823325762017", "name": "tp", "sigma": "1.4872E-5", "label": "tp"}, {"units": "d", "value": "549.2885041210143", "title": "sidereal orbital period", "name": "per", "sigma": "2.0526E-6", "label": "period"}, {"label": "n", "sigma": "2.4491E-9", "name": "n", "units": "deg/d", "value": ".6553932902274759", "title": "mean motion"}, {"label": "Q", "name": "ad", "sigma": "4.2427E-9", "value": "1.703015234626864", "title": "aphelion distance", "units": "au"}], "epoch": "2461200.5"}