{"spkid": "20893859", "covariance": {"epoch": "2458985.5", "elements": [{"value": ".4286152433752809", "title": "eccentricity", "units": null, "sigma": 5.09972608485925e-07, "name": "e", "label": "e"}, {"sigma": 5.14749404242993e-07, "name": "q", "units": "au", "value": ".5612051049563871", "title": "perihelion distance", "label": "q"}, {"sigma": 2.83702820294949e-05, "name": "tp", "value": "2459025.976073054074", "title": "time of perihelion passage", "units": "TDB", "label": "tp"}, {"units": "deg", "title": "longitude of the ascending node", "value": "129.6072452668759", "sigma": 0.000175949616071134, "name": "om", "label": "node"}, {"label": "peri", "name": "w", "sigma": 0.000175294255891724, "title": "argument of perihelion", "value": "132.0840097791976", "units": "deg"}, {"name": "i", "sigma": 3.67500508713778e-06, "units": "deg", "title": "inclination", "value": "1.607668932669107", "label": "i"}], "data": [["2.60072061405939E-13", "-2.625073108818348E-13", "3.356209684874965E-12", "-2.543839401578788E-12", "-1.616635300916386E-12", "3.699930354799567E-13"], ["-2.625073108818348E-13", "2.649669491685162E-13", "-3.387618340863504E-12", "2.610445811927415E-12", "1.588812137545538E-12", "-3.736980950497322E-13"], ["3.356209684874965E-12", "-3.387618340863504E-12", "8.048729024330825E-10", "5.067373376354207E-10", "-9.195895318786712E-11", "-2.166978238772794E-11"], ["-2.543839401578788E-12", "2.610445811927415E-12", "5.067373376354207E-10", "3.095826739557929E-8", "-3.066096684612758E-8", "-9.219301920961444E-11"], ["-1.616635300916386E-12", "1.588812137545538E-12", "-9.195895318786712E-11", "-3.066096684612758E-8", "3.072807614863323E-8", "7.088546238901739E-11"], ["3.699930354799567E-13", "-3.736980950497322E-13", "-2.166978238772794E-11", "-9.219301920961444E-11", "7.088546238901739E-11", "1.350566239048853E-11"]], "labels": ["e", "q", "tp", "node", "peri", "i"]}, "elements": [{"value": ".4287350702150403", "title": "eccentricity", "units": null, "name": "e", "sigma": "5.0909E-7", "label": "e"}, {"label": "a", "units": "au", "title": "semi-major axis", "value": ".9828479504583247", "sigma": "2.6205E-8", "name": "a"}, {"label": "q", "units": "au", "value": ".5614665654078664", "title": "perihelion distance", "sigma": "5.1528E-7", "name": "q"}, {"units": "deg", "title": "inclination; angle with respect to x-y ecliptic plane", "value": "1.616355002952342", "name": "i", "sigma": "3.7372E-6", "label": "i"}, {"name": "om", "sigma": ".00017463", "units": "deg", "value": "129.7060613684394", "title": "longitude of the ascending node", "label": "node"}, {"label": "peri", "sigma": ".00017436", "name": "w", "value": "131.950761493725", "title": "argument of perihelion", "units": "deg"}, {"name": "ma", "sigma": "8.742E-5", "value": "40.35534632735942", "title": "mean anomaly", "units": "deg", "label": "M"}, {"name": "tp", "sigma": "8.4924E-5", "title": "time of perihelion passage", "value": "2461160.604261426481", "units": "TDB", "label": "tp"}, {"label": "period", "units": "d", "title": "sidereal orbital period", "value": "355.899953625961", "name": "per", "sigma": "1.4234E-5"}, {"label": "n", "sigma": "4.0454E-8", "name": "n", "value": "1.011520221714746", "title": "mean motion", "units": "deg/d"}, {"name": "ad", "sigma": "3.744E-8", "value": "1.404229335508783", "title": "aphelion distance", "units": "au", "label": "Q"}], "epoch": "2461200.5"}