{"spkid": "20892825", "covariance": {"epoch": "2458640.5", "labels": ["e", "q", "tp", "node", "peri", "i"], "data": [["8.429184871730865E-14", "-1.337304681355891E-13", "-7.245013460801964E-12", "1.409804830825256E-12", "-9.902688820671134E-12", "-1.694425797864419E-12"], ["-1.337304681355891E-13", "2.12226343318952E-13", "1.159882806300927E-11", "-2.238039680112181E-12", "1.575527554530513E-11", "2.687976100174139E-12"], ["-7.245013460801964E-12", "1.159882806300927E-11", "1.869158780761263E-9", "-1.28719424374008E-10", "1.304461615549785E-9", "7.438324928432003E-11"], ["1.409804830825256E-12", "-2.238039680112181E-12", "-1.28719424374008E-10", "3.337734027941114E-9", "-3.28282669694337E-9", "-2.768596846532667E-9"], ["-9.902688820671134E-12", "1.575527554530513E-11", "1.304461615549785E-9", "-3.28282669694337E-9", "4.291121442268827E-9", "2.752321970288085E-9"], ["-1.694425797864419E-12", "2.687976100174139E-12", "7.438324928432003E-11", "-2.768596846532667E-9", "2.752321970288085E-9", "2.545614331088496E-9"]], "elements": [{"name": "e", "sigma": 2.90330585225375e-07, "units": null, "title": "eccentricity", "value": ".3944438140683461", "label": "e"}, {"title": "perihelion distance", "value": ".9606106825862101", "units": "au", "sigma": 4.6068030489587e-07, "name": "q", "label": "q"}, {"label": "tp", "title": "time of perihelion passage", "value": "2458610.291488578684", "units": "TDB", "sigma": 4.32337689863059e-05, "name": "tp"}, {"label": "node", "sigma": 5.77731254818459e-05, "name": "om", "title": "longitude of the ascending node", "value": "269.4992997381262", "units": "deg"}, {"label": "peri", "title": "argument of perihelion", "value": "16.84763554547375", "units": "deg", "sigma": 6.55066518932912e-05, "name": "w"}, {"label": "i", "name": "i", "sigma": 5.04540814116013e-05, "units": "deg", "value": "20.04592765189673", "title": "inclination"}]}, "elements": [{"label": "e", "title": "eccentricity", "value": ".3943638493014944", "units": null, "name": "e", "sigma": "2.9022E-7"}, {"label": "a", "value": "1.586557771272467", "title": "semi-major axis", "units": "au", "name": "a", "sigma": "1.2645E-8"}, {"label": "q", "name": "q", "sigma": "4.6055E-7", "value": ".9608767414542568", "title": "perihelion distance", "units": "au"}, {"label": "i", "name": "i", "sigma": "5.0434E-5", "title": "inclination; angle with respect to x-y ecliptic plane", "value": "20.04358808104977", "units": "deg"}, {"label": "node", "name": "om", "sigma": "5.7766E-5", "units": "deg", "value": "269.4730900436219", "title": "longitude of the ascending node"}, {"label": "peri", "name": "w", "sigma": "6.5504E-5", "units": "deg", "value": "16.91453937880318", "title": "argument of perihelion"}, {"value": "197.6779280577811", "title": "mean anomaly", "units": "deg", "sigma": "2.9933E-5", "name": "ma", "label": "M"}, {"label": "tp", "sigma": "6.3626E-5", "name": "tp", "value": "2461529.622322996648", "title": "time of perihelion passage", "units": "TDB"}, {"label": "period", "name": "per", "sigma": "8.7267E-6", "units": "d", "value": "729.9317638144099", "title": "sidereal orbital period"}, {"label": "n", "units": "deg/d", "value": ".4931967861197672", "title": "mean motion", "name": "n", "sigma": "5.8964E-9"}, {"name": "ad", "sigma": "1.7632E-8", "units": "au", "value": "2.212238801090676", "title": "aphelion distance", "label": "Q"}], "epoch": "2461200.5"}