{"spkid": "50005996", "covariance": {"epoch": "2456511.5", "data": [["3.542025590605305E-15", "-3.19589997168688E-15", "-2.685784608697106E-13", "9.742145521954166E-15", "3.152381177803653E-13", "2.628459402370855E-14", "7.481386995541373E-23"], ["-3.19589997168688E-15", "2.883670109094068E-15", "2.420619869267837E-13", "-6.855484598345032E-15", "-2.862892128873045E-13", "-2.40799037549536E-14", "-6.716380710561342E-23"], ["-2.685784608697106E-13", "2.420619869267837E-13", "3.372919369391213E-11", "1.84015936046446E-11", "-4.021046455781591E-11", "-3.943319668536046E-12", "-7.467065894065129E-21"], ["9.742145521954166E-15", "-6.855484598345032E-15", "1.84015936046446E-11", "1.817274757906E-9", "-1.810027240940236E-9", "-3.918834747936598E-10", "9.729046089482132E-21"], ["3.152381177803653E-13", "-2.862892128873045E-13", "-4.021046455781591E-11", "-1.810027240940236E-9", "1.836119023121667E-9", "3.929143727653324E-10", "-2.582426176519039E-21"], ["2.628459402370855E-14", "-2.40799037549536E-14", "-3.943319668536046E-12", "-3.918834747936598E-10", "3.929143727653324E-10", "1.121401580061697E-10", "-6.410909770766799E-22"], ["7.481386995541373E-23", "-6.716380710561342E-23", "-7.467065894065129E-21", "9.729046089482132E-21", "-2.582426176519039E-21", "-6.410909770766799E-22", "3.271527198069845E-30"]], "elements": [{"title": "eccentricity", "value": ".8684697708058698", "units": null, "sigma": 5.95149190590503e-08, "name": "e", "label": "e"}, {"units": "au", "value": ".1192624687029662", "title": "perihelion distance", "name": "q", "sigma": 5.36998147957148e-08, "label": "q"}, {"title": "time of perihelion passage", "value": "2456435.860085384329", "units": "TDB", "name": "tp", "sigma": 5.80768402152804e-06, "label": "tp"}, {"sigma": 4.26295057197008e-05, "name": "om", "units": "deg", "value": "342.7314107870557", "title": "longitude of the ascending node", "label": "node"}, {"label": "peri", "value": "322.440082398207", "title": "argument of perihelion", "units": "deg", "sigma": 4.28499594296385e-05, "name": "w"}, {"sigma": 1.05896250172596e-05, "name": "i", "units": "deg", "value": "4.037794163977539", "title": "inclination", "label": "i"}], "labels": ["e", "q", "tp", "node", "peri", "i", "A2"]}, "elements": [{"label": "e", "units": null, "value": ".8684421562684053", "title": "eccentricity", "sigma": "5.9992E-8", "name": "e"}, {"label": "a", "sigma": "8.4191E-9", "name": "a", "value": ".9069327137036504", "title": "semi-major axis", "units": "au"}, {"label": "q", "units": "au", "value": ".119314112224496", "title": "perihelion distance", "name": "q", "sigma": "5.3657E-8"}, {"label": "i", "name": "i", "sigma": "1.0643E-5", "units": "deg", "title": "inclination; angle with respect to x-y ecliptic plane", "value": "4.082994080303726"}, {"label": "node", "name": "om", "sigma": "4.1577E-5", "value": "342.3042083851241", "title": "longitude of the ascending node", "units": "deg"}, {"label": "peri", "sigma": "4.1678E-5", "name": "w", "title": "argument of perihelion", "value": "322.8506465593478", "units": "deg"}, {"label": "M", "sigma": "3.9039E-5", "name": "ma", "units": "deg", "title": "mean anomaly", "value": "36.9560654165255"}, {"name": "tp", "sigma": "3.3762E-5", "title": "time of perihelion passage", "value": "2461168.114973666879", "units": "TDB", "label": "tp"}, {"units": "d", "title": "sidereal orbital period", "value": "315.4721518246404", "sigma": "4.3928E-6", "name": "per", "label": "period"}, {"label": "n", "name": "n", "sigma": "1.589E-8", "value": "1.141146684161558", "title": "mean motion", "units": "deg/d"}, {"label": "Q", "value": "1.694551315182805", "title": "aphelion distance", "units": "au", "name": "ad", "sigma": "1.5731E-8"}], "epoch": "2461200.5"}