{"spkid": "50013687", "covariance": {"elements": [{"sigma": 8.03747187473566e-08, "name": "e", "units": null, "title": "eccentricity", "value": ".7413545363129016", "label": "e"}, {"units": "au", "title": "perihelion distance", "value": ".5281391596580622", "sigma": 1.62822360756346e-07, "name": "q", "label": "q"}, {"title": "time of perihelion passage", "value": "2460697.339779627607", "units": "TDB", "sigma": 1.26351200612874e-05, "name": "tp", "label": "tp"}, {"label": "node", "value": "180.8125481998356", "title": "longitude of the ascending node", "units": "deg", "sigma": 2.35018019277161e-05, "name": "om"}, {"name": "w", "sigma": 1.98351976165881e-05, "units": "deg", "value": "273.9217825558384", "title": "argument of perihelion", "label": "peri"}, {"label": "i", "units": "deg", "value": "24.83724137153635", "title": "inclination", "name": "i", "sigma": 1.74228865401535e-05}], "data": [["6.460095413716683E-15", "-1.308670461390612E-14", "7.976801259240589E-13", "-5.430742954950448E-13", "-4.159910487066038E-13", "-5.175196248935588E-13"], ["-1.308670461390612E-14", "2.651112116226963E-14", "-1.613687084956202E-12", "1.095879469439518E-12", "8.46882189693862E-13", "1.043679930312393E-12"], ["7.976801259240589E-13", "-1.613687084956202E-12", "1.596462589631463E-10", "-4.328428887570978E-11", "-4.030806520857759E-11", "-7.154909073607319E-11"], ["-5.430742954950448E-13", "1.095879469439518E-12", "-4.328428887570978E-11", "5.523346938495998E-10", "-3.778829330014781E-10", "3.549009300392273E-10"], ["-4.159910487066038E-13", "8.46882189693862E-13", "-4.030806520857759E-11", "-3.778829330014781E-10", "3.934350644891003E-10", "-2.320422367897975E-10"], ["-5.175196248935588E-13", "1.043679930312393E-12", "-7.154909073607319E-11", "3.549009300392273E-10", "-2.320422367897975E-10", "3.035569753910616E-10"]], "labels": ["e", "q", "tp", "node", "peri", "i"], "epoch": "2460191.5"}, "elements": [{"label": "e", "value": ".7414639903543938", "title": "eccentricity", "units": null, "sigma": "8.0284E-8", "name": "e"}, {"label": "a", "value": "2.042050845757363", "title": "semi-major axis", "units": "au", "name": "a", "sigma": "5.0781E-9"}, {"label": "q", "name": "q", "sigma": "1.6278E-7", "units": "au", "value": ".5279436771555439", "title": "perihelion distance"}, {"label": "i", "units": "deg", "title": "inclination; angle with respect to x-y ecliptic plane", "value": "24.83734644726495", "sigma": "1.7416E-5", "name": "i"}, {"label": "node", "title": "longitude of the ascending node", "value": "180.7629967003767", "units": "deg", "sigma": "2.3511E-5", "name": "om"}, {"label": "peri", "sigma": "1.9843E-5", "name": "w", "title": "argument of perihelion", "value": "273.9854036501404", "units": "deg"}, {"units": "deg", "title": "mean anomaly", "value": "169.9611465000462", "name": "ma", "sigma": "4.8096E-6", "label": "M"}, {"label": "tp", "units": "TDB", "title": "time of perihelion passage", "value": "2460697.294469674240", "sigma": "1.2652E-5", "name": "tp"}, {"label": "period", "sigma": "3.9758E-6", "name": "per", "units": "d", "title": "sidereal orbital period", "value": "1065.855312509465"}, {"value": ".337756912945727", "title": "mean motion", "units": "deg/d", "name": "n", "sigma": "1.2599E-9", "label": "n"}, {"name": "ad", "sigma": "8.8434E-9", "value": "3.556158014359182", "title": "aphelion distance", "units": "au", "label": "Q"}], "epoch": "2461200.5"}