{"spkid": "50018358", "covariance": {"epoch": "2457549.5", "labels": ["e", "q", "tp", "node", "peri", "i"], "elements": [{"label": "e", "name": "e", "sigma": 3.16904635773173e-09, "value": ".3908872784176801", "title": "eccentricity", "units": null}, {"title": "perihelion distance", "value": "1.002675918617254", "units": "au", "name": "q", "sigma": 5.2138556371316e-09, "label": "q"}, {"label": "tp", "units": "TDB", "title": "time of perihelion passage", "value": "2457475.017386333282", "sigma": 2.16269783205358e-06, "name": "tp"}, {"units": "deg", "value": "191.0434145797377", "title": "longitude of the ascending node", "name": "om", "sigma": 1.6058276898911e-05, "label": "node"}, {"value": "35.85009674836454", "title": "argument of perihelion", "units": "deg", "name": "w", "sigma": 1.60741252219112e-05, "label": "peri"}, {"units": "deg", "title": "inclination", "value": "2.300488847217322", "sigma": 9.38139803550848e-07, "name": "i", "label": "i"}], "data": [["1.004285481745277E-17", "-1.65225308732158E-17", "3.736513022276506E-15", "-2.8078662921279E-14", "3.265192169476407E-14", "-1.954351069012033E-15"], ["-1.65225308732158E-17", "2.718429060484898E-17", "-6.11914968293718E-15", "4.656817018439802E-14", "-5.406131298794606E-14", "3.235011372343938E-15"], ["3.736513022276506E-15", "-6.11914968293718E-15", "4.677261912769268E-12", "4.140987504860278E-12", "1.228655855029532E-12", "3.522410004890681E-14"], ["-2.8078662921279E-14", "4.656817018439802E-14", "4.140987504860278E-12", "2.57868256962098E-10", "-2.550324598615954E-10", "1.493119171082521E-11"], ["3.265192169476407E-14", "-5.406131298794606E-14", "1.228655855029532E-12", "-2.550324598615954E-10", "2.583775016496814E-10", "-1.500522356448349E-11"], ["-1.954351069012033E-15", "3.235011372343938E-15", "3.522410004890681E-14", "1.493119171082521E-11", "-1.500522356448349E-11", "8.801062910064228E-13"]]}, "elements": [{"sigma": "2.997E-9", "name": "e", "units": null, "value": ".3914617744694556", "title": "eccentricity", "label": "e"}, {"units": "au", "title": "semi-major axis", "value": "1.647574786652402", "sigma": "8.1759E-10", "name": "a", "label": "a"}, {"value": "1.002612237098318", "title": "perihelion distance", "units": "au", "sigma": "5.25E-9", "name": "q", "label": "q"}, {"title": "inclination; angle with respect to x-y ecliptic plane", "value": "2.257149987742735", "units": "deg", "sigma": "9.273E-7", "name": "i", "label": "i"}, {"label": "node", "sigma": "1.6717E-5", "name": "om", "units": "deg", "value": "190.040789691646", "title": "longitude of the ascending node"}, {"units": "deg", "title": "argument of perihelion", "value": "36.82927958575809", "sigma": "1.6689E-5", "name": "w", "label": "peri"}, {"sigma": "1.4259E-6", "name": "ma", "units": "deg", "value": "296.8302856174925", "title": "mean anomaly", "label": "M"}, {"units": "TDB", "title": "time of perihelion passage", "value": "2461336.041580399574", "name": "tp", "sigma": "3.1328E-6", "label": "tp"}, {"name": "per", "sigma": "5.7498E-7", "value": "772.4424500066868", "title": "sidereal orbital period", "units": "d", "label": "period"}, {"name": "n", "sigma": "3.4691E-10", "units": "deg/d", "value": ".4660541377508234", "title": "mean motion", "label": "n"}, {"label": "Q", "value": "2.292537336206486", "title": "aphelion distance", "units": "au", "name": "ad", "sigma": "1.1377E-9"}], "epoch": "2461200.5"}