{"spkid": "50011190", "covariance": {"epoch": "2456541.5", "labels": ["e", "q", "tp", "node", "peri", "i"], "elements": [{"name": "e", "sigma": 9.10900679080537e-08, "units": null, "value": ".6068634797186082", "title": "eccentricity", "label": "e"}, {"label": "q", "units": "au", "title": "perihelion distance", "value": ".7944413570696186", "sigma": 1.8378921921567e-07, "name": "q"}, {"label": "tp", "units": "TDB", "value": "2456167.130181635433", "title": "time of perihelion passage", "name": "tp", "sigma": 1.94731760836466e-05}, {"value": "122.0575736333476", "title": "longitude of the ascending node", "units": "deg", "name": "om", "sigma": 6.87249531240037e-05, "label": "node"}, {"name": "w", "sigma": 7.3514371171569e-05, "units": "deg", "title": "argument of perihelion", "value": "90.43745451873647", "label": "peri"}, {"label": "i", "title": "inclination", "value": "3.281852950626484", "units": "deg", "name": "i", "sigma": 1.42992524475419e-05}], "data": [["8.297400471493838E-15", "-1.674119723746151E-14", "1.256784479215875E-12", "-2.299672320189457E-14", "2.284863685758028E-12", "1.133953528109641E-15"], ["-1.674119723746151E-14", "3.377847709990562E-14", "-2.525423592774512E-12", "4.975031443842781E-14", "-4.609730501743729E-12", "2.58722744279813E-15"], ["1.256784479215875E-12", "-2.525423592774512E-12", "3.79204586784707E-10", "-2.761668766939128E-11", "4.620110183161922E-10", "1.103028638588559E-10"], ["-2.299672320189457E-14", "4.975031443842781E-14", "-2.761668766939128E-11", "4.723119181896509E-9", "-4.724970750293893E-9", "5.448821889715719E-10"], ["2.284863685758028E-12", "-4.609730501743729E-12", "4.620110183161922E-10", "-4.724970750293893E-9", "5.404362768751209E-9", "-4.702428389991753E-10"], ["1.133953528109641E-15", "2.58722744279813E-15", "1.103028638588559E-10", "5.448821889715719E-10", "-4.702428389991753E-10", "2.044686205585326E-10"]]}, "elements": [{"name": "e", "sigma": "8.9088E-8", "units": null, "title": "eccentricity", "value": ".6086273368726408", "label": "e"}, {"label": "a", "value": "2.01999206572582", "title": "semi-major axis", "units": "au", "name": "a", "sigma": "4.0586E-9"}, {"label": "q", "name": "q", "sigma": "1.7843E-7", "units": "au", "value": ".7905696742592498", "title": "perihelion distance"}, {"label": "i", "title": "inclination; angle with respect to x-y ecliptic plane", "value": "3.281759956882241", "units": "deg", "name": "i", "sigma": "1.4293E-5"}, {"label": "node", "name": "om", "sigma": "6.8564E-5", "value": "121.8703107844642", "title": "longitude of the ascending node", "units": "deg"}, {"sigma": "7.3319E-5", "name": "w", "units": "deg", "title": "argument of perihelion", "value": "90.6026531835731", "label": "peri"}, {"sigma": "9.4002E-6", "name": "ma", "title": "mean anomaly", "value": "286.7127326005354", "units": "deg", "label": "M"}, {"label": "tp", "name": "tp", "sigma": "2.7945E-5", "title": "time of perihelion passage", "value": "2461413.975947744820", "units": "TDB"}, {"label": "period", "units": "d", "value": "1048.631555181939", "title": "sidereal orbital period", "sigma": "3.1604E-6", "name": "per"}, {"label": "n", "units": "deg/d", "title": "mean motion", "value": ".3433045650982145", "name": "n", "sigma": "1.0347E-9"}, {"label": "Q", "name": "ad", "sigma": "6.5288E-9", "units": "au", "value": "3.24941445719239", "title": "aphelion distance"}], "epoch": "2461200.5"}