{"spkid": "50022997", "covariance": {"elements": [{"label": "e", "value": ".6635439759105035", "title": "eccentricity", "units": null, "name": "e", "sigma": 1.80767645912434e-07}, {"label": "q", "units": "au", "value": ".7263888589071243", "title": "perihelion distance", "name": "q", "sigma": 3.78573310444714e-07}, {"label": "tp", "title": "time of perihelion passage", "value": "2457367.967059156470", "units": "TDB", "name": "tp", "sigma": 3.16360584696808e-05}, {"units": "deg", "title": "longitude of the ascending node", "value": "327.7967427959394", "sigma": 0.000497316379336312, "name": "om", "label": "node"}, {"label": "peri", "title": "argument of perihelion", "value": "148.6850940698066", "units": "deg", "name": "w", "sigma": 0.000501864053106366}, {"sigma": 9.45185647269589e-06, "name": "i", "title": "inclination", "value": "1.986410761754827", "units": "deg", "label": "i"}], "data": [["3.267694180872316E-14", "-6.842990413884605E-14", "-1.708871917852926E-12", "5.027880676245882E-11", "-5.46632156502552E-11", "4.855127633852413E-13"], ["-6.842990413884605E-14", "1.433177513810697E-13", "3.499909141647512E-12", "-1.056489875282415E-10", "1.148017051992678E-10", "-1.018595855843504E-12"], ["-1.708871917852926E-12", "3.499909141647512E-12", "1.000840195497061E-9", "4.842009285854198E-9", "-4.076420801748889E-9", "3.342076698965613E-11"], ["5.027880676245882E-11", "-1.056489875282415E-10", "4.842009285854198E-9", "2.473235811561789E-7", "-2.491251338185473E-7", "3.964329703654022E-9"], ["-5.46632156502552E-11", "1.148017051992678E-10", "-4.076420801748889E-9", "-2.491251338185473E-7", "2.518675278003492E-7", "-3.987883536233116E-9"], ["4.855127633852413E-13", "-1.018595855843504E-12", "3.342076698965613E-11", "3.964329703654022E-9", "-3.987883536233116E-9", "8.933759078044321E-11"]], "labels": ["e", "q", "tp", "node", "peri", "i"], "epoch": "2457543.5"}, "elements": [{"units": null, "title": "eccentricity", "value": ".6631309255062963", "name": "e", "sigma": "1.7028E-7", "label": "e"}, {"label": "a", "value": "2.157089648152061", "title": "semi-major axis", "units": "au", "sigma": "4.6477E-8", "name": "a"}, {"title": "perihelion distance", "value": ".726656793372934", "units": "au", "sigma": "3.5419E-7", "name": "q", "label": "q"}, {"name": "i", "sigma": "9.724E-6", "units": "deg", "title": "inclination; angle with respect to x-y ecliptic plane", "value": "1.987554695791377", "label": "i"}, {"title": "longitude of the ascending node", "value": "327.1008333173039", "units": "deg", "name": "om", "sigma": ".0004908", "label": "node"}, {"sigma": ".0004957", "name": "w", "value": "149.6694922621619", "title": "argument of perihelion", "units": "deg", "label": "peri"}, {"label": "M", "value": "110.3116894957412", "title": "mean anomaly", "units": "deg", "name": "ma", "sigma": "2.8933E-5"}, {"sigma": "8.2331E-5", "name": "tp", "units": "TDB", "title": "time of perihelion passage", "value": "2460845.915494345080", "label": "tp"}, {"sigma": "3.74E-5", "name": "per", "value": "1157.179466829755", "title": "sidereal orbital period", "units": "d", "label": "period"}, {"title": "mean motion", "value": ".3111012684888605", "units": "deg/d", "sigma": "1.0055E-8", "name": "n", "label": "n"}, {"label": "Q", "sigma": "7.7298E-8", "name": "ad", "value": "3.587522502931189", "title": "aphelion distance", "units": "au"}], "epoch": "2461200.5"}