{"spkid": "50022998", "covariance": {"epoch": "2453309.5", "labels": ["e", "q", "tp", "node", "peri", "i"], "elements": [{"units": null, "value": ".5036851352404437", "title": "eccentricity", "sigma": 7.85143338406209e-08, "name": "e", "label": "e"}, {"units": "au", "value": ".9421395101141945", "title": "perihelion distance", "sigma": 1.48771463030548e-07, "name": "q", "label": "q"}, {"label": "tp", "sigma": 3.88253864866286e-05, "name": "tp", "units": "TDB", "value": "2453414.544727353310", "title": "time of perihelion passage"}, {"sigma": 0.000119526417088094, "name": "om", "units": "deg", "value": "50.81231498000899", "title": "longitude of the ascending node", "label": "node"}, {"value": "17.91457638735578", "title": "argument of perihelion", "units": "deg", "sigma": 0.000109258708196249, "name": "w", "label": "peri"}, {"name": "i", "sigma": 1.65091976278872e-05, "units": "deg", "title": "inclination", "value": "3.604479930167985", "label": "i"}], "data": [["6.164500618436463E-15", "-1.167411255740458E-14", "1.165958790752989E-12", "-4.326603033719253E-13", "2.231868060784931E-12", "-2.706370389328038E-13"], ["-1.167411255740458E-14", "2.213294821224971E-14", "-2.129638616202055E-12", "6.499051437720185E-13", "-4.055169767070975E-12", "5.400482801984306E-13"], ["1.165958790752989E-12", "-2.129638616202055E-12", "1.507410635836083E-9", "1.211762724773723E-9", "4.549560843075864E-10", "2.622804970475401E-10"], ["-4.326603033719253E-13", "6.499051437720185E-13", "1.211762724773723E-9", "1.428656438191703E-8", "-1.200796585082944E-8", "-9.63300906921616E-10"], ["2.231868060784931E-12", "-4.055169767070975E-12", "4.549560843075864E-10", "-1.200796585082944E-8", "1.193746531671319E-8", "1.165568319994579E-9"], ["-2.706370389328038E-13", "5.400482801984306E-13", "2.622804970475401E-10", "-9.63300906921616E-10", "1.165568319994579E-9", "2.725536063166372E-10"]]}, "elements": [{"label": "e", "units": null, "title": "eccentricity", "value": ".5040257985674734", "sigma": "7.8974E-8", "name": "e"}, {"label": "a", "units": "au", "value": "1.898470074142699", "title": "semi-major axis", "name": "a", "sigma": "6.0715E-9"}, {"name": "q", "sigma": "1.4932E-7", "value": ".9415921789664746", "title": "perihelion distance", "units": "au", "label": "q"}, {"label": "i", "units": "deg", "title": "inclination; angle with respect to x-y ecliptic plane", "value": "3.591957529522392", "sigma": "1.6465E-5", "name": "i"}, {"sigma": ".00012008", "name": "om", "value": "50.63862494452025", "title": "longitude of the ascending node", "units": "deg", "label": "node"}, {"label": "peri", "units": "deg", "title": "argument of perihelion", "value": "18.25776792700105", "sigma": ".00010983", "name": "w"}, {"label": "M", "name": "ma", "sigma": "2.8588E-5", "title": "mean anomaly", "value": "53.5121915263333", "units": "deg"}, {"label": "tp", "title": "time of perihelion passage", "value": "2461058.478434038768", "units": "TDB", "sigma": "7.5262E-5", "name": "tp"}, {"label": "period", "value": "955.4414104098789", "title": "sidereal orbital period", "units": "d", "sigma": "4.5834E-6", "name": "per"}, {"title": "mean motion", "value": ".3767891951067539", "units": "deg/d", "sigma": "1.8075E-9", "name": "n", "label": "n"}, {"label": "Q", "name": "ad", "sigma": "9.1318E-9", "units": "au", "value": "2.855347969318923", "title": "aphelion distance"}], "epoch": "2461200.5"}