{"spkid": "50022994", "covariance": {"epoch": "2458597.5", "labels": ["e", "q", "tp", "node", "peri", "i", "A2"], "elements": [{"label": "e", "title": "eccentricity", "value": ".1305013097302846", "units": null, "sigma": 1.1100104041837e-07, "name": "e"}, {"sigma": 1.21983003643655e-07, "name": "q", "value": ".95462312279385", "title": "perihelion distance", "units": "au", "label": "q"}, {"label": "tp", "units": "TDB", "title": "time of perihelion passage", "value": "2458532.184184404171", "sigma": 6.2064888847267e-05, "name": "tp"}, {"units": "deg", "value": "178.5300773600881", "title": "longitude of the ascending node", "sigma": 1.92279955981416e-05, "name": "om", "label": "node"}, {"units": "deg", "title": "argument of perihelion", "value": "118.9277125069028", "name": "w", "sigma": 3.79741107735151e-05, "label": "peri"}, {"label": "i", "sigma": 6.0546203837359e-06, "name": "i", "value": "9.589050728445832", "title": "inclination", "units": "deg"}], "data": [["1.232123097396062E-14", "-1.353509461835871E-14", "-4.684118850674016E-12", "3.836098912997856E-13", "-2.95578364757147E-12", "5.615142178774866E-14", "7.504819786156538E-22"], ["-1.353509461835871E-14", "1.487985317792792E-14", "5.261790509158201E-12", "-3.89928630701892E-13", "3.305800766408036E-12", "-6.288563865407916E-14", "-7.974690454445005E-22"], ["-4.684118850674016E-12", "5.261790509158201E-12", "3.852050427623612E-9", "3.945759550640452E-10", "2.157560339336251E-9", "-4.683717968854518E-11", "-6.421080782533806E-20"], ["3.836098912997856E-13", "-3.89928630701892E-13", "3.945759550640452E-10", "3.697158147221512E-10", "-3.344373723581402E-11", "-1.464521100312056E-11", "8.923551606401195E-20"], ["-2.95578364757147E-12", "3.305800766408036E-12", "2.157560339336251E-9", "-3.344373723581402E-11", "1.442033089039198E-9", "-1.617743585941957E-11", "-6.835176866250009E-20"], ["5.615142178774866E-14", "-6.288563865407916E-14", "-4.683717968854518E-11", "-1.464521100312056E-11", "-1.617743585941957E-11", "3.665842799115026E-11", "-1.399898780640842E-21"], ["7.504819786156538E-22", "-7.974690454445005E-22", "-6.421080782533806E-20", "8.923551606401195E-20", "-6.835176866250009E-20", "-1.399898780640842E-21", "1.15499144727794E-28"]]}, "elements": [{"title": "eccentricity", "value": ".1308965568975472", "units": null, "sigma": "1.1278E-7", "name": "e", "label": "e"}, {"label": "a", "title": "semi-major axis", "value": "1.098711525112977", "units": "au", "name": "a", "sigma": "7.9656E-9"}, {"units": "au", "title": "perihelion distance", "value": ".9548939694520354", "name": "q", "sigma": "1.1807E-7", "label": "q"}, {"label": "i", "sigma": "6.0528E-6", "name": "i", "units": "deg", "value": "9.588551612718526", "title": "inclination; angle with respect to x-y ecliptic plane"}, {"label": "node", "value": "178.4733869559779", "title": "longitude of the ascending node", "units": "deg", "name": "om", "sigma": "1.9251E-5"}, {"label": "peri", "value": "119.1368917188692", "title": "argument of perihelion", "units": "deg", "sigma": "3.6398E-5", "name": "w"}, {"value": "124.6069042085462", "title": "mean anomaly", "units": "deg", "sigma": "5.1936E-5", "name": "ma", "label": "M"}, {"title": "time of perihelion passage", "value": "2461054.899269916776", "units": "TDB", "name": "tp", "sigma": "6.0934E-5", "label": "tp"}, {"name": "per", "sigma": "4.5746E-6", "title": "sidereal orbital period", "value": "420.6529578989874", "units": "d", "label": "period"}, {"label": "n", "sigma": "9.3069E-9", "name": "n", "value": ".8558123584773362", "title": "mean motion", "units": "deg/d"}, {"sigma": "9.0083E-9", "name": "ad", "units": "au", "title": "aphelion distance", "value": "1.242529080773919", "label": "Q"}], "epoch": "2461200.5"}