{"spkid": "50029673", "covariance": {"elements": [{"label": "e", "sigma": 1.16802108889446e-07, "name": "e", "value": ".1366498080925173", "title": "eccentricity", "units": null}, {"label": "q", "name": "q", "sigma": 1.37670114160277e-07, "units": "au", "value": "1.004140408244738", "title": "perihelion distance"}, {"label": "tp", "value": "2452882.235151950958", "title": "time of perihelion passage", "units": "TDB", "name": "tp", "sigma": 0.000196269668248574}, {"name": "om", "sigma": 0.000123452358544636, "units": "deg", "value": "271.8024235078561", "title": "longitude of the ascending node", "label": "node"}, {"label": "peri", "name": "w", "sigma": 0.000133016574366276, "units": "deg", "title": "argument of perihelion", "value": "150.1257808914669"}, {"label": "i", "name": "i", "sigma": 2.3483842101353e-05, "title": "inclination", "value": "4.460395499096324", "units": "deg"}], "data": [["1.364273264102204E-14", "-1.594308723424233E-14", "5.772291458381536E-12", "2.986958157983026E-12", "1.716121918049649E-12", "-6.265229037974149E-13"], ["-1.594308723424233E-14", "1.895306033290373E-14", "-3.417706517261723E-12", "-2.232569593976816E-12", "-6.331168530290985E-13", "7.715093892938649E-13"], ["5.772291458381536E-12", "-3.417706517261723E-12", "3.852178267440517E-8", "1.404318732602313E-8", "1.676217347161748E-8", "-8.376404990519772E-11"], ["2.986958157983026E-12", "-2.232569593976816E-12", "1.404318732602313E-8", "1.524048483023338E-8", "-4.120941901564655E-9", "2.081435988550249E-9"], ["1.716121918049649E-12", "-6.331168530290985E-13", "1.676217347161748E-8", "-4.120941901564655E-9", "1.769340905613916E-8", "-2.189294695460611E-9"], ["-6.265229037974149E-13", "7.715093892938649E-13", "-8.376404990519772E-11", "2.081435988550249E-9", "-2.189294695460611E-9", "5.51490839841282E-10"]], "labels": ["e", "q", "tp", "node", "peri", "i"], "epoch": "2453019.5"}, "elements": [{"label": "e", "units": null, "value": ".137645023147724", "title": "eccentricity", "sigma": "1.1617E-7", "name": "e"}, {"label": "a", "name": "a", "sigma": "5.9414E-9", "title": "semi-major axis", "value": "1.164597465619109", "units": "au"}, {"title": "perihelion distance", "value": "1.004296420506186", "units": "au", "name": "q", "sigma": "1.3657E-7", "label": "q"}, {"name": "i", "sigma": "2.3482E-5", "units": "deg", "title": "inclination; angle with respect to x-y ecliptic plane", "value": "4.459439077661441", "label": "i"}, {"label": "node", "title": "longitude of the ascending node", "value": "271.5911641964207", "units": "deg", "sigma": ".0001244", "name": "om"}, {"label": "peri", "name": "w", "sigma": ".00013158", "units": "deg", "title": "argument of perihelion", "value": "150.3731230177692"}, {"label": "M", "value": "45.52185628156656", "title": "mean anomaly", "units": "deg", "name": "ma", "sigma": ".0002192"}, {"value": "2461142.453017229199", "title": "time of perihelion passage", "units": "TDB", "name": "tp", "sigma": ".0002791", "label": "tp"}, {"label": "period", "name": "per", "sigma": "3.5129E-6", "title": "sidereal orbital period", "value": "459.0523213340566", "units": "d"}, {"sigma": "6.0013E-9", "name": "n", "units": "deg/d", "title": "mean motion", "value": ".7842243318883572", "label": "n"}, {"label": "Q", "value": "1.324898510732032", "title": "aphelion distance", "units": "au", "sigma": "6.7592E-9", "name": "ad"}], "epoch": "2461200.5"}