{"spkid": "50023236", "covariance": {"elements": [{"name": "e", "sigma": 2.95374393845075e-08, "title": "eccentricity", "value": ".2528859393481546", "units": null, "label": "e"}, {"label": "q", "name": "q", "sigma": 3.68351348935643e-08, "title": "perihelion distance", "value": ".9550257413359556", "units": "au"}, {"units": "TDB", "title": "time of perihelion passage", "value": "2459942.849723434482", "name": "tp", "sigma": 2.08303982303422e-05, "label": "tp"}, {"name": "om", "sigma": 0.000133721809485428, "units": "deg", "value": "25.86178995389566", "title": "longitude of the ascending node", "label": "node"}, {"title": "argument of perihelion", "value": "27.95945646241072", "units": "deg", "name": "w", "sigma": 0.000116987983218591, "label": "peri"}, {"label": "i", "sigma": 1.37302030525694e-06, "name": "i", "units": "deg", "value": "1.209320299941527", "title": "inclination"}], "data": [["8.72460325393453E-16", "-1.08780693390594E-15", "-4.785033477972318E-13", "-2.49622945540695E-12", "1.988359811409825E-12", "8.521254705002463E-15", "-1.441410815281637E-22"], ["-1.08780693390594E-15", "1.356827162627081E-15", "5.957423817421078E-13", "3.122028166650005E-12", "-2.489039083035693E-12", "-1.070814971211495E-14", "1.789301180044091E-22"], ["-4.785033477972318E-13", "5.957423817421078E-13", "4.339054904346414E-10", "2.303626317425751E-9", "-1.86927951088284E-9", "-1.747191922100913E-11", "1.206461799933423E-19"], ["-2.49622945540695E-12", "3.122028166650005E-12", "2.303626317425751E-9", "1.7881522332057E-8", "-1.55645704625842E-8", "-8.675402928938733E-11", "7.037577133027042E-19"], ["1.988359811409825E-12", "-2.489039083035693E-12", "-1.86927951088284E-9", "-1.55645704625842E-8", "1.368618821755338E-8", "7.019697336567107E-11", "-5.833836048180079E-19"], ["8.521254705002463E-15", "-1.070814971211495E-14", "-1.747191922100913E-11", "-8.675402928938733E-11", "7.019697336567107E-11", "1.88518475864786E-12", "-5.041975684849475E-21"], ["-1.441410815281637E-22", "1.789301180044091E-22", "1.206461799933423E-19", "7.037577133027042E-19", "-5.833836048180079E-19", "-5.041975684849475E-21", "3.8127964015208E-29"]], "labels": ["e", "q", "tp", "node", "peri", "i", "A2"], "epoch": "2459981.5"}, "elements": [{"label": "e", "units": null, "title": "eccentricity", "value": ".2524908167020847", "name": "e", "sigma": "2.9736E-8"}, {"name": "a", "sigma": "3.92E-9", "value": "1.277318579440923", "title": "semi-major axis", "units": "au", "label": "a"}, {"sigma": "3.6976E-8", "name": "q", "units": "au", "title": "perihelion distance", "value": ".9548073681291378", "label": "q"}, {"title": "inclination; angle with respect to x-y ecliptic plane", "value": "1.167169686451585", "units": "deg", "sigma": "1.5072E-6", "name": "i", "label": "i"}, {"name": "om", "sigma": ".00012923", "units": "deg", "value": "22.74965258851097", "title": "longitude of the ascending node", "label": "node"}, {"label": "peri", "units": "deg", "title": "argument of perihelion", "value": "30.68213760625548", "name": "w", "sigma": ".00011384"}, {"label": "M", "units": "deg", "title": "mean anomaly", "value": "138.0303626572039", "name": "ma", "sigma": "1.2723E-5"}, {"label": "tp", "title": "time of perihelion passage", "value": "2460998.328748679889", "units": "TDB", "name": "tp", "sigma": "1.9237E-5"}, {"value": "527.2872509651528", "title": "sidereal orbital period", "units": "d", "name": "per", "sigma": "2.4273E-6", "label": "period"}, {"units": "deg/d", "title": "mean motion", "value": ".6827398146665822", "sigma": "3.1429E-9", "name": "n", "label": "n"}, {"units": "au", "title": "aphelion distance", "value": "1.599829790752709", "name": "ad", "sigma": "4.9097E-9", "label": "Q"}], "epoch": "2461200.5"}