{"spkid": "50031195", "covariance": {"epoch": "2457839.5", "elements": [{"sigma": 6.98663320439338e-08, "name": "e", "value": ".6673327249709244", "title": "eccentricity", "units": null, "label": "e"}, {"sigma": 1.73764444339453e-07, "name": "q", "title": "perihelion distance", "value": ".962124466900885", "units": "au", "label": "q"}, {"label": "tp", "sigma": 0.000359452202863653, "name": "tp", "value": "2456999.046642684339", "title": "time of perihelion passage", "units": "TDB"}, {"label": "node", "sigma": 5.96207056910634e-05, "name": "om", "value": "42.27092917793947", "title": "longitude of the ascending node", "units": "deg"}, {"label": "peri", "name": "w", "sigma": 7.2129936172188e-05, "title": "argument of perihelion", "value": "146.2891692049375", "units": "deg"}, {"label": "i", "units": "deg", "title": "inclination", "value": "7.769672062295133", "sigma": 2.91502542794677e-05, "name": "i"}], "data": [["4.88130435327321E-15", "-1.200760427856422E-14", "1.848274121806599E-11", "1.495221996851548E-13", "2.540733611424932E-12", "3.89543038863536E-13"], ["-1.200760427856422E-14", "3.019408211659885E-14", "-3.926577359925764E-11", "-1.995152319308305E-13", "-5.704070957065126E-12", "-6.159569910001817E-13"], ["1.848274121806599E-11", "-3.926577359925764E-11", "1.292058861435325E-7", "2.454653921169185E-9", "1.455810117894672E-8", "5.305169550325297E-9"], ["1.495221996851548E-13", "-1.995152319308305E-13", "2.454653921169185E-9", "3.554628547100398E-9", "-3.211737046027602E-9", "2.495486621511864E-10"], ["2.540733611424932E-12", "-5.704070957065126E-12", "1.455810117894672E-8", "-3.211737046027602E-9", "5.202727692203912E-9", "4.241301861362965E-10"], ["3.89543038863536E-13", "-6.159569910001817E-13", "5.305169550325297E-9", "2.495486621511864E-10", "4.241301861362965E-10", "8.497373245576243E-10"]], "labels": ["e", "q", "tp", "node", "peri", "i"]}, "elements": [{"value": ".6810029570952734", "title": "eccentricity", "units": null, "sigma": "7.1689E-8", "name": "e", "label": "e"}, {"sigma": "1.0088E-7", "name": "a", "value": "2.84256125870911", "title": "semi-major axis", "units": "au", "label": "a"}, {"label": "q", "name": "q", "sigma": "1.8329E-7", "units": "au", "title": "perihelion distance", "value": ".9067686358037438"}, {"label": "i", "title": "inclination; angle with respect to x-y ecliptic plane", "value": "8.044299796490753", "units": "deg", "sigma": "3.0537E-5", "name": "i"}, {"label": "node", "sigma": "5.6501E-5", "name": "om", "units": "deg", "value": "41.13527612776318", "title": "longitude of the ascending node"}, {"units": "deg", "title": "argument of perihelion", "value": "148.1217783450034", "name": "w", "sigma": "6.8716E-5", "label": "peri"}, {"title": "mean anomaly", "value": "127.0243143808751", "units": "deg", "sigma": ".00012519", "name": "ma", "label": "M"}, {"label": "tp", "sigma": ".00057797", "name": "tp", "value": "2460582.842762536773", "title": "time of perihelion passage", "units": "TDB"}, {"label": "period", "value": "1750.504276055671", "title": "sidereal orbital period", "units": "d", "name": "per", "sigma": "9.3183E-5"}, {"name": "n", "sigma": "1.0947E-8", "units": "deg/d", "title": "mean motion", "value": ".2056550246259158", "label": "n"}, {"name": "ad", "sigma": "1.6957E-7", "units": "au", "title": "aphelion distance", "value": "4.778353881614477", "label": "Q"}], "epoch": "2461200.5"}