{"spkid": "50031799", "covariance": {"epoch": "2454298.5", "labels": ["e", "q", "tp", "node", "peri", "i", "A2"], "data": [["5.618484128515294E-14", "-8.216837857131114E-14", "-6.474643458867364E-13", "-3.243642124106588E-12", "-4.051985666135614E-12", "-3.479514113922454E-12", "2.597218641733539E-21"], ["-8.216837857131114E-14", "1.201739882176404E-13", "9.882902955912905E-13", "4.732324249936645E-12", "5.979507946632738E-12", "5.07487777365512E-12", "-3.75218709040225E-21"], ["-6.474643458867364E-13", "9.882902955912905E-13", "2.172678146108197E-9", "-4.239096172528804E-11", "2.126535945394291E-9", "-1.893398138759807E-10", "-2.856122252414967E-19"], ["-3.243642124106588E-12", "4.732324249936645E-12", "-4.239096172528804E-11", "5.78049006395619E-10", "-2.367795670634231E-10", "2.668504118650486E-10", "-2.496232461690362E-19"], ["-4.051985666135614E-12", "5.979507946632738E-12", "2.126535945394291E-9", "-2.367795670634231E-10", "2.708394352536086E-9", "-3.18687413381701E-11", "-2.483408873906519E-19"], ["-3.479514113922454E-12", "5.07487777365512E-12", "-1.893398138759807E-10", "2.668504118650486E-10", "-3.18687413381701E-11", "3.40453267527169E-10", "-2.315723748543325E-19"], ["2.597218641733539E-21", "-3.75218709040225E-21", "-2.856122252414967E-19", "-2.496232461690362E-19", "-2.483408873906519E-19", "-2.315723748543325E-19", "7.993948165697344E-28"]], "elements": [{"label": "e", "sigma": 2.37033418076762e-07, "name": "e", "units": null, "title": "eccentricity", "value": ".3125506858485923"}, {"name": "q", "sigma": 3.46661200911842e-07, "units": "au", "title": "perihelion distance", "value": "1.016742740719143", "label": "q"}, {"label": "tp", "name": "tp", "sigma": 4.66119957318735e-05, "units": "TDB", "value": "2454193.221173746861", "title": "time of perihelion passage"}, {"label": "node", "units": "deg", "title": "longitude of the ascending node", "value": "139.4101100531342", "sigma": 2.40426497374066e-05, "name": "om"}, {"units": "deg", "value": "341.1122495939504", "title": "argument of perihelion", "sigma": 5.20422362368883e-05, "name": "w", "label": "peri"}, {"label": "i", "name": "i", "sigma": 1.84513757624511e-05, "units": "deg", "value": "5.689795131210797", "title": "inclination"}]}, "elements": [{"value": ".3114702069448145", "title": "eccentricity", "units": null, "name": "e", "sigma": "2.3056E-7", "label": "e"}, {"label": "a", "sigma": "1.9029E-8", "name": "a", "units": "au", "value": "1.476521459774488", "title": "semi-major axis"}, {"label": "q", "units": "au", "title": "perihelion distance", "value": "1.016629015140068", "name": "q", "sigma": "3.4193E-7"}, {"units": "deg", "title": "inclination; angle with respect to x-y ecliptic plane", "value": "5.707706763264625", "name": "i", "sigma": "1.8217E-5", "label": "i"}, {"units": "deg", "title": "longitude of the ascending node", "value": "139.1919969651541", "name": "om", "sigma": "2.524E-5", "label": "node"}, {"label": "peri", "units": "deg", "title": "argument of perihelion", "value": "341.5195695160835", "sigma": "5.1731E-5", "name": "w"}, {"title": "mean anomaly", "value": "247.2490124575798", "units": "deg", "name": "ma", "sigma": "4.4748E-5", "label": "M"}, {"label": "tp", "title": "time of perihelion passage", "value": "2461405.746578258340", "units": "TDB", "name": "tp", "sigma": "8.4677E-5"}, {"units": "d", "value": "655.3270156077642", "title": "sidereal orbital period", "sigma": "1.2669E-5", "name": "per", "label": "period"}, {"label": "n", "units": "deg/d", "value": ".549344054839748", "title": "mean motion", "sigma": "1.062E-8", "name": "n"}, {"label": "Q", "units": "au", "value": "1.936413904408907", "title": "aphelion distance", "sigma": "2.4956E-8", "name": "ad"}], "epoch": "2461200.5"}