{"spkid": "50057572", "covariance": {"elements": [{"label": "e", "units": null, "title": "eccentricity", "value": ".6512596072249952", "name": "e", "sigma": 1.50783872165579e-08}, {"units": "au", "value": ".8285209150032256", "title": "perihelion distance", "sigma": 3.6139280892403e-08, "name": "q", "label": "q"}, {"label": "tp", "units": "TDB", "value": "2454610.684933644044", "title": "time of perihelion passage", "sigma": 4.9207957513826e-07, "name": "tp"}, {"value": "85.77208099840253", "title": "longitude of the ascending node", "units": "deg", "name": "om", "sigma": 1.85088992836417e-05, "label": "node"}, {"name": "w", "sigma": 2.08305616846564e-05, "units": "deg", "value": "57.92370064353447", "title": "argument of perihelion", "label": "peri"}, {"units": "deg", "title": "inclination", "value": "2.789751759690575", "sigma": 5.64544184402401e-06, "name": "i", "label": "i"}], "data": [["2.27357761052457E-16", "-5.449194871994884E-16", "5.428301562090387E-15", "-9.92544201582762E-14", "1.776324976514833E-13", "-4.246935704582235E-14"], ["-5.449194871994884E-16", "1.306047623420004E-15", "-1.302791609642698E-14", "2.381033377235079E-13", "-4.260868268749157E-13", "1.018954504062418E-13"], ["5.428301562090387E-15", "-1.302791609642698E-14", "2.421423082682506E-13", "2.3788746056654E-12", "-2.418974450234572E-13", "2.476859288219435E-13"], ["-9.92544201582762E-14", "2.381033377235079E-13", "2.3788746056654E-12", "3.425793526919909E-10", "-3.739392040100131E-10", "1.027856575978074E-10"], ["1.776324976514833E-13", "-4.260868268749157E-13", "-2.418974450234572E-13", "-3.739392040100131E-10", "4.339123000982764E-10", "-1.17165578065438E-10"], ["-4.246935704582235E-14", "1.018954504062418E-13", "2.476859288219435E-13", "1.027856575978074E-10", "-1.17165578065438E-10", "3.187101361425723E-11"]], "labels": ["e", "q", "tp", "node", "peri", "i"], "epoch": "2454746.5"}, "elements": [{"title": "eccentricity", "value": ".6513270151479881", "units": null, "sigma": "1.6276E-8", "name": "e", "label": "e"}, {"sigma": "2.7208E-8", "name": "a", "units": "au", "title": "semi-major axis", "value": "2.373976865352839", "label": "a"}, {"label": "q", "sigma": "3.7822E-8", "name": "q", "title": "perihelion distance", "value": ".8277415996121972", "units": "au"}, {"label": "i", "name": "i", "sigma": "5.4551E-6", "title": "inclination; angle with respect to x-y ecliptic plane", "value": "2.648972448323532", "units": "deg"}, {"value": "83.13998118064116", "title": "longitude of the ascending node", "units": "deg", "sigma": "1.7775E-5", "name": "om", "label": "node"}, {"label": "peri", "name": "w", "sigma": "1.9987E-5", "units": "deg", "value": "61.25820078686304", "title": "argument of perihelion"}, {"sigma": "2.9585E-5", "name": "ma", "value": "323.5676222473519", "title": "mean anomaly", "units": "deg", "label": "M"}, {"label": "tp", "units": "TDB", "value": "2461335.706685353110", "title": "time of perihelion passage", "name": "tp", "sigma": ".00011211"}, {"label": "period", "name": "per", "sigma": "2.2968E-5", "value": "1336.020587445237", "title": "sidereal orbital period", "units": "d"}, {"sigma": "4.6323E-9", "name": "n", "units": "deg/d", "value": ".2694569255765726", "title": "mean motion", "label": "n"}, {"label": "Q", "name": "ad", "sigma": "4.4929E-8", "units": "au", "value": "3.920212131093481", "title": "aphelion distance"}], "epoch": "2461200.5"}