{"spkid": "50050537", "covariance": {"labels": ["e", "q", "tp", "node", "peri", "i"], "elements": [{"label": "e", "units": null, "value": ".5400270490938136", "title": "eccentricity", "sigma": 3.91986984685321e-07, "name": "e"}, {"label": "q", "name": "q", "sigma": 6.49320479469136e-07, "value": ".7646828397784532", "title": "perihelion distance", "units": "au"}, {"value": "2456561.308335054471", "title": "time of perihelion passage", "units": "TDB", "sigma": 3.49066004395099e-05, "name": "tp", "label": "tp"}, {"title": "longitude of the ascending node", "value": "260.6218229759277", "units": "deg", "sigma": 0.000939010021331511, "name": "om", "label": "node"}, {"units": "deg", "value": "176.6810031394083", "title": "argument of perihelion", "name": "w", "sigma": 0.000930879368526247, "label": "peri"}, {"units": "deg", "title": "inclination", "value": ".5485783805565559", "name": "i", "sigma": 1.90381271734428e-06, "label": "i"}], "data": [["1.536537961626902E-13", "-2.545251527681876E-13", "1.350325171178157E-11", "4.585860661247791E-11", "-9.510547077095641E-12", "3.296362041380132E-13"], ["-2.545251527681876E-13", "4.216170850580287E-13", "-2.236702414659239E-11", "-7.597452465115557E-11", "1.576476721145904E-11", "-5.460208763240032E-13"], ["1.350325171178157E-11", "-2.236702414659239E-11", "1.218470754243592E-9", "5.35996700883464E-9", "-2.145724343781803E-9", "3.045507534016418E-11"], ["4.585860661247791E-11", "-7.597452465115557E-11", "5.35996700883464E-9", "8.817398201610046E-7", "-8.698312084032522E-7", "-1.029914397941969E-9"], ["-9.510547077095641E-12", "1.576476721145904E-11", "-2.145724343781803E-9", "-8.698312084032522E-7", "8.66536398747825E-7", "1.108839351119158E-9"], ["3.296362041380132E-13", "-5.460208763240032E-13", "3.045507534016418E-11", "-1.029914397941969E-9", "1.108839351119158E-9", "3.624502862721798E-12"]], "epoch": "2456471.5"}, "elements": [{"name": "e", "sigma": "3.9128E-7", "title": "eccentricity", "value": ".5405357884141462", "units": null, "label": "e"}, {"label": "a", "sigma": "3.638E-9", "name": "a", "value": "1.665297887781732", "title": "semi-major axis", "units": "au"}, {"sigma": "6.5246E-7", "name": "q", "title": "perihelion distance", "value": ".765144781065221", "units": "au", "label": "q"}, {"label": "i", "units": "deg", "title": "inclination; angle with respect to x-y ecliptic plane", "value": ".5524621993197025", "name": "i", "sigma": "1.9567E-6"}, {"label": "node", "name": "om", "sigma": ".00093002", "units": "deg", "value": "259.6650316976056", "title": "longitude of the ascending node"}, {"label": "peri", "sigma": ".00092079", "name": "w", "units": "deg", "value": "177.6272521932546", "title": "argument of perihelion"}, {"label": "M", "sigma": "1.1691E-5", "name": "ma", "title": "mean anomaly", "value": "328.8315146035241", "units": "deg"}, {"label": "tp", "value": "2461268.459397754449", "title": "time of perihelion passage", "units": "TDB", "name": "tp", "sigma": "2.5425E-5"}, {"units": "d", "value": "784.9397518163536", "title": "sidereal orbital period", "sigma": "2.5722E-6", "name": "per", "label": "period"}, {"units": "deg/d", "value": ".458633925937575", "title": "mean motion", "name": "n", "sigma": "1.5029E-9", "label": "n"}, {"label": "Q", "units": "au", "value": "2.565450994498242", "title": "aphelion distance", "sigma": "5.6045E-9", "name": "ad"}], "epoch": "2461200.5"}