{"spkid": "50065207", "covariance": {"elements": [{"label": "e", "units": null, "title": "eccentricity", "value": ".6921185033388552", "name": "e", "sigma": 2.30376485627772e-08}, {"label": "q", "sigma": 7.32717085428782e-08, "name": "q", "value": ".9799161733874944", "title": "perihelion distance", "units": "au"}, {"label": "tp", "units": "TDB", "title": "time of perihelion passage", "value": "2458092.947973136545", "name": "tp", "sigma": 1.70924156091118e-05}, {"label": "node", "title": "longitude of the ascending node", "value": "92.4179072105116", "units": "deg", "sigma": 1.92719256231182e-05, "name": "om"}, {"label": "peri", "value": "358.4733790427616", "title": "argument of perihelion", "units": "deg", "sigma": 2.10631178438489e-05, "name": "w"}, {"units": "deg", "title": "inclination", "value": "18.85799272663138", "sigma": 6.47566958389892e-06, "name": "i", "label": "i"}], "data": [["5.307332513020296E-16", "-1.68622231251936E-15", "-1.584357834472021E-13", "-1.15372387076453E-13", "1.958694359840741E-14", "-3.847089977001571E-14"], ["-1.68622231251936E-15", "5.368743272792489E-15", "5.351985412586368E-13", "3.591568318238535E-13", "-2.880671016424739E-14", "1.281209140877997E-13"], ["-1.584357834472021E-13", "5.351985412586368E-13", "2.92150671354607E-10", "5.538599552639389E-11", "1.726926056414501E-10", "4.319749284484389E-11"], ["-1.15372387076453E-13", "3.591568318238535E-13", "5.538599552639389E-11", "3.714071172230016E-10", "-3.032251194608433E-10", "1.131029474920782E-11"], ["1.958694359840741E-14", "-2.880671016424739E-14", "1.726926056414501E-10", "-3.032251194608433E-10", "4.436549333038643E-10", "2.996946725690545E-11"], ["-3.847089977001571E-14", "1.281209140877997E-13", "4.319749284484389E-11", "1.131029474920782E-11", "2.996946725690545E-11", "4.193429655983359E-11"]], "labels": ["e", "q", "tp", "node", "peri", "i"], "epoch": "2457731.5"}, "elements": [{"sigma": "2.6481E-8", "name": "e", "title": "eccentricity", "value": ".6834317829869824", "units": null, "label": "e"}, {"label": "a", "sigma": "4.1134E-8", "name": "a", "value": "3.21911875425917", "title": "semi-major axis", "units": "au"}, {"label": "q", "title": "perihelion distance", "value": "1.019070684388992", "units": "au", "name": "q", "sigma": "9.1583E-8"}, {"label": "i", "units": "deg", "value": "18.85981825122724", "title": "inclination; angle with respect to x-y ecliptic plane", "name": "i", "sigma": "6.4917E-6"}, {"label": "node", "sigma": "1.8935E-5", "name": "om", "units": "deg", "title": "longitude of the ascending node", "value": "92.16552256812173"}, {"sigma": "2.1357E-5", "name": "w", "units": "deg", "value": "359.1468492357927", "title": "argument of perihelion", "label": "peri"}, {"label": "M", "title": "mean anomaly", "value": "172.5458730285042", "units": "deg", "sigma": "1.1893E-5", "name": "ma"}, {"value": "2460189.372319585049", "title": "time of perihelion passage", "units": "TDB", "name": "tp", "sigma": "5.0467E-5", "label": "tp"}, {"value": "2109.618494840786", "title": "sidereal orbital period", "units": "d", "sigma": "4.0435E-5", "name": "per", "label": "period"}, {"title": "mean motion", "value": ".1706469681036662", "units": "deg/d", "sigma": "3.2708E-9", "name": "n", "label": "n"}, {"value": "5.419166824129348", "title": "aphelion distance", "units": "au", "sigma": "6.9246E-8", "name": "ad", "label": "Q"}], "epoch": "2461200.5"}