{"spkid": "50074776", "covariance": {"epoch": "2453222.5", "labels": ["e", "q", "tp", "node", "peri", "i"], "data": [["5.280034460118813E-14", "-1.297972596740431E-13", "4.659106179954453E-12", "8.536267101172844E-11", "-8.571402161259244E-11", "-1.335146105706833E-12"], ["-1.297972596740431E-13", "3.192268713015502E-13", "-1.122154109695028E-11", "-2.103807323447263E-10", "2.111636640121758E-10", "3.293412222119392E-12"], ["4.659106179954453E-12", "-1.122154109695028E-11", "3.055287776300964E-9", "1.516316747891935E-8", "-1.342718887179053E-8", "-3.097179465940836E-10"], ["8.536267101172844E-11", "-2.103807323447263E-10", "1.516316747891935E-8", "4.86438411264136E-7", "-4.792046064134757E-7", "5.945997627163727E-9"], ["-8.571402161259244E-11", "2.111636640121758E-10", "-1.342718887179053E-8", "-4.792046064134757E-7", "4.736144859201114E-7", "-6.098376107054299E-9"], ["-1.335146105706833E-12", "3.293412222119392E-12", "-3.097179465940836E-10", "5.945997627163727E-9", "-6.098376107054299E-9", "3.536858952338336E-10"]], "elements": [{"sigma": 2.29783255702386e-07, "name": "e", "units": null, "value": ".6361657757570446", "title": "eccentricity", "label": "e"}, {"label": "q", "name": "q", "sigma": 5.65001656016644e-07, "units": "au", "title": "perihelion distance", "value": ".8704440057214199"}, {"name": "tp", "sigma": 5.52746576316938e-05, "units": "TDB", "value": "2453320.091931013445", "title": "time of perihelion passage", "label": "tp"}, {"label": "node", "title": "longitude of the ascending node", "value": "146.4222858219129", "units": "deg", "sigma": 0.000697451368386453, "name": "om"}, {"label": "peri", "name": "w", "sigma": 0.000688196545995482, "units": "deg", "title": "argument of perihelion", "value": "358.2872802327879"}, {"value": "3.661228142669118", "title": "inclination", "units": "deg", "name": "i", "sigma": 1.88065386297913e-05, "label": "i"}]}, "elements": [{"label": "e", "name": "e", "sigma": "2.3847E-7", "units": null, "value": ".6298880202686885", "title": "eccentricity"}, {"label": "a", "title": "semi-major axis", "value": "2.403007767641421", "units": "au", "name": "a", "sigma": "9.0088E-8"}, {"sigma": "5.921E-7", "name": "q", "value": ".8893819621914858", "title": "perihelion distance", "units": "au", "label": "q"}, {"sigma": "2.0741E-5", "name": "i", "value": "3.732698120609482", "title": "inclination; angle with respect to x-y ecliptic plane", "units": "deg", "label": "i"}, {"name": "om", "sigma": ".00068313", "units": "deg", "value": "145.9968283457177", "title": "longitude of the ascending node", "label": "node"}, {"label": "peri", "title": "argument of perihelion", "value": "359.5378185600115", "units": "deg", "sigma": ".00067418", "name": "w"}, {"sigma": "7.1099E-5", "name": "ma", "units": "deg", "value": "284.7305129503123", "title": "mean anomaly", "label": "M"}, {"name": "tp", "sigma": ".00028089", "value": "2461484.977317743207", "title": "time of perihelion passage", "units": "TDB", "label": "tp"}, {"title": "sidereal orbital period", "value": "1360.602262639964", "units": "d", "sigma": "7.6513E-5", "name": "per", "label": "period"}, {"label": "n", "sigma": "1.4879E-8", "name": "n", "title": "mean motion", "value": ".2645887118411044", "units": "deg/d"}, {"label": "Q", "sigma": "1.4683E-7", "name": "ad", "units": "au", "title": "aphelion distance", "value": "3.916633573091357"}], "epoch": "2461200.5"}