{"spkid": "50070564", "covariance": {"epoch": "2459285.5", "data": [["5.773353530972425E-17", "-1.499895531436873E-16", "-3.69072244837847E-15", "-1.202950021538406E-13", "1.146735606326549E-13", "-2.731505011487078E-15"], ["-1.499895531436873E-16", "3.897194504811934E-16", "9.438033369989927E-15", "2.958400302911643E-13", "-2.816193568330942E-13", "6.60388130192739E-15"], ["-3.69072244837847E-15", "9.438033369989927E-15", "6.242464082516223E-11", "1.878782206614814E-11", "9.181397113006812E-12", "9.577803909606917E-13"], ["-1.202950021538406E-13", "2.958400302911643E-13", "1.878782206614814E-11", "6.784260318532939E-8", "-6.785037159261452E-8", "1.359346239501076E-9"], ["1.146735606326549E-13", "-2.816193568330942E-13", "9.181397113006812E-12", "-6.785037159261452E-8", "6.787482720525722E-8", "-1.359454649825778E-9"], ["-2.731505011487078E-15", "6.60388130192739E-15", "9.577803909606917E-13", "1.359346239501076E-9", "-1.359454649825778E-9", "4.067912882656151E-11"]], "elements": [{"label": "e", "units": null, "title": "eccentricity", "value": ".7651918078918106", "sigma": 7.59825870247416e-09, "name": "e"}, {"sigma": 1.97413132917036e-08, "name": "q", "title": "perihelion distance", "value": ".6100860553702967", "units": "au", "label": "q"}, {"label": "tp", "sigma": 7.90092658016528e-06, "name": "tp", "units": "TDB", "title": "time of perihelion passage", "value": "2459516.924935112175"}, {"value": "316.0845269459155", "title": "longitude of the ascending node", "units": "deg", "sigma": 0.00026046612675227, "name": "om", "label": "node"}, {"label": "peri", "sigma": 0.000260527977778313, "name": "w", "value": "115.7381972647292", "title": "argument of perihelion", "units": "deg"}, {"label": "i", "value": ".6065688188013856", "title": "inclination", "units": "deg", "sigma": 6.37801919302235e-06, "name": "i"}], "labels": ["e", "q", "tp", "node", "peri", "i"]}, "elements": [{"value": ".7654947614385464", "title": "eccentricity", "units": null, "sigma": "7.5936E-9", "name": "e", "label": "e"}, {"name": "a", "sigma": "2.3979E-9", "units": "au", "title": "semi-major axis", "value": "2.596166184661475", "label": "a"}, {"label": "q", "units": "au", "title": "perihelion distance", "value": ".6088145704792178", "sigma": "1.9686E-8", "name": "q"}, {"name": "i", "sigma": "6.3719E-6", "units": "deg", "title": "inclination; angle with respect to x-y ecliptic plane", "value": ".6065985465183868", "label": "i"}, {"name": "om", "sigma": ".00026237", "value": "315.7549239244083", "title": "longitude of the ascending node", "units": "deg", "label": "node"}, {"label": "peri", "name": "w", "sigma": ".00026244", "title": "argument of perihelion", "value": "116.0397328194966", "units": "deg"}, {"label": "M", "units": "deg", "title": "mean anomaly", "value": "36.03324710297895", "sigma": "1.5199E-6", "name": "ma"}, {"title": "time of perihelion passage", "value": "2461047.568108730617", "units": "TDB", "name": "tp", "sigma": "6.6492E-6", "label": "tp"}, {"label": "period", "units": "d", "value": "1527.907842988321", "title": "sidereal orbital period", "sigma": "2.1169E-6", "name": "per"}, {"label": "n", "sigma": "3.2644E-10", "name": "n", "units": "deg/d", "value": ".2356163047739206", "title": "mean motion"}, {"label": "Q", "name": "ad", "sigma": "4.2335E-9", "units": "au", "value": "4.583517798843731", "title": "aphelion distance"}], "epoch": "2461200.5"}