{"spkid": "50078285", "covariance": {"elements": [{"label": "e", "sigma": 2.84595515228023e-08, "name": "e", "title": "eccentricity", "value": ".3757100999415247", "units": null}, {"label": "q", "sigma": 4.04547102592104e-08, "name": "q", "units": "au", "title": "perihelion distance", "value": ".8866048622300431"}, {"name": "tp", "sigma": 6.13198205717051e-06, "title": "time of perihelion passage", "value": "2458200.887709063007", "units": "TDB", "label": "tp"}, {"label": "node", "value": "79.26667850919533", "title": "longitude of the ascending node", "units": "deg", "name": "om", "sigma": 3.20526105088425e-06}, {"label": "peri", "name": "w", "sigma": 8.65579805190718e-06, "units": "deg", "title": "argument of perihelion", "value": "114.2638906011923"}, {"label": "i", "sigma": 1.67957908656752e-05, "name": "i", "value": "30.15247713401073", "title": "inclination", "units": "deg"}], "data": [["8.099460728790361E-16", "-1.151300989994597E-15", "-3.473052274402461E-14", "1.066182572543043E-14", "-1.113700419192345E-13", "-1.479197835702762E-13"], ["-1.151300989994597E-15", "1.636583582156666E-15", "4.923066519336914E-14", "-1.525080018086056E-14", "1.580573347804206E-13", "2.107285641008298E-13"], ["-3.473052274402461E-14", "4.923066519336914E-14", "3.760120394946104E-11", "1.319112539654209E-12", "4.585827717822548E-11", "5.749103492330011E-13"], ["1.066182572543043E-14", "-1.525080018086056E-14", "1.319112539654209E-12", "1.027369840431562E-11", "-8.559710768853162E-12", "-1.995862905103199E-11"], ["-1.113700419192345E-13", "1.580573347804206E-13", "4.585827717822548E-11", "-8.559710768853162E-12", "7.492283991540019E-11", "2.124905591421487E-11"], ["-1.479197835702762E-13", "2.107285641008298E-13", "5.749103492330011E-13", "-1.995862905103199E-11", "2.124905591421487E-11", "2.820985908034972E-10"]], "labels": ["e", "q", "tp", "node", "peri", "i"], "epoch": "2458448.5"}, "elements": [{"units": null, "value": ".3757163783338119", "title": "eccentricity", "sigma": "2.8589E-8", "name": "e", "label": "e"}, {"label": "a", "units": "au", "value": "1.420919058433711", "title": "semi-major axis", "name": "a", "sigma": "6.8655E-10"}, {"label": "q", "sigma": "4.0444E-8", "name": "q", "value": ".8870564958935069", "title": "perihelion distance", "units": "au"}, {"sigma": "1.6794E-5", "name": "i", "units": "deg", "value": "30.15518148787676", "title": "inclination; angle with respect to x-y ecliptic plane", "label": "i"}, {"label": "node", "sigma": "3.1972E-6", "name": "om", "title": "longitude of the ascending node", "value": "79.21886218494541", "units": "deg"}, {"label": "peri", "name": "w", "sigma": "8.6669E-6", "value": "114.3266016936048", "title": "argument of perihelion", "units": "deg"}, {"name": "ma", "sigma": "3.8379E-6", "title": "mean anomaly", "value": "306.3058944706243", "units": "deg", "label": "M"}, {"units": "TDB", "value": "2461292.773405062840", "title": "time of perihelion passage", "sigma": "6.6361E-6", "name": "tp", "label": "tp"}, {"label": "period", "units": "d", "value": "618.6605679546843", "title": "sidereal orbital period", "sigma": "4.4838E-7", "name": "per"}, {"name": "n", "sigma": "4.2174E-10", "value": ".5819022880190569", "title": "mean motion", "units": "deg/d", "label": "n"}, {"sigma": "9.445E-10", "name": "ad", "units": "au", "value": "1.954781620973915", "title": "aphelion distance", "label": "Q"}], "epoch": "2461200.5"}