{"spkid": "50074775", "covariance": {"epoch": "2455123.5", "labels": ["e", "q", "tp", "node", "peri", "i"], "data": [["6.77655859815866E-15", "-1.225777191446869E-14", "1.448797472537367E-12", "-6.274940680002631E-13", "7.752260159122914E-13", "-1.8028109297244E-12"], ["-1.225777191446869E-14", "2.217441336270769E-14", "-2.601004999041512E-12", "1.134364684186455E-12", "-1.388831689259096E-12", "3.26494363364943E-12"], ["1.448797472537367E-12", "-2.601004999041512E-12", "5.933346659111402E-10", "-1.559202230383508E-10", "3.84422761216098E-10", "-3.480061805246853E-10"], ["-6.274940680002631E-13", "1.134364684186455E-12", "-1.559202230383508E-10", "6.976478441217959E-10", "-7.052137986094939E-10", "6.884199112457457E-10"], ["7.752260159122914E-13", "-1.388831689259096E-12", "3.84422761216098E-10", "-7.052137986094939E-10", "8.65159691933531E-10", "-6.745704637511521E-10"], ["-1.8028109297244E-12", "3.26494363364943E-12", "-3.480061805246853E-10", "6.884199112457457E-10", "-6.745704637511521E-10", "1.171176350156054E-9"]], "elements": [{"label": "e", "title": "eccentricity", "value": ".6218666516019273", "units": null, "sigma": 8.23198554308659e-08, "name": "e"}, {"label": "q", "sigma": 1.48910756370075e-07, "name": "q", "title": "perihelion distance", "value": ".7047083997430442", "units": "au"}, {"name": "tp", "sigma": 2.43584618954305e-05, "units": "TDB", "value": "2454855.830498450905", "title": "time of perihelion passage", "label": "tp"}, {"label": "node", "title": "longitude of the ascending node", "value": "190.4587244358614", "units": "deg", "sigma": 2.64130241381368e-05, "name": "om"}, {"name": "w", "sigma": 2.94135970587334e-05, "units": "deg", "value": "99.15608075962301", "title": "argument of perihelion", "label": "peri"}, {"title": "inclination", "value": "11.8187002707067", "units": "deg", "sigma": 3.4222453888581e-05, "name": "i", "label": "i"}]}, "elements": [{"label": "e", "units": null, "value": ".6224221295272347", "title": "eccentricity", "sigma": "8.2308E-8", "name": "e"}, {"label": "a", "name": "a", "sigma": "7.2517E-9", "title": "semi-major axis", "value": "1.861972659862975", "units": "au"}, {"sigma": "1.5115E-7", "name": "q", "title": "perihelion distance", "value": ".7030396717895727", "units": "au", "label": "q"}, {"sigma": "3.4216E-5", "name": "i", "units": "deg", "value": "11.83642808949348", "title": "inclination; angle with respect to x-y ecliptic plane", "label": "i"}, {"label": "node", "sigma": "2.6736E-5", "name": "om", "units": "deg", "value": "189.9003735541286", "title": "longitude of the ascending node"}, {"value": "99.74021894563266", "title": "argument of perihelion", "units": "deg", "name": "w", "sigma": "2.9636E-5", "label": "peri"}, {"label": "M", "name": "ma", "sigma": "2.2684E-5", "title": "mean anomaly", "value": "299.6361248026589", "units": "deg"}, {"label": "tp", "units": "TDB", "value": "2461356.108382461106", "title": "time of perihelion passage", "sigma": "5.9256E-5", "name": "tp"}, {"label": "period", "sigma": "5.4215E-6", "name": "per", "units": "d", "value": "928.022223604121", "title": "sidereal orbital period"}, {"label": "n", "sigma": "2.2662E-9", "name": "n", "units": "deg/d", "title": "mean motion", "value": ".3879217445912913"}, {"label": "Q", "name": "ad", "sigma": "1.1765E-8", "units": "au", "title": "aphelion distance", "value": "3.020905647936378"}], "epoch": "2461200.5"}