{"spkid": "50076797", "covariance": {"labels": ["e", "q", "tp", "node", "peri", "i"], "elements": [{"label": "e", "title": "eccentricity", "value": ".07347967965713571", "units": null, "name": "e", "sigma": 1.16993870423794e-07}, {"name": "q", "sigma": 1.18444338487409e-07, "title": "perihelion distance", "value": ".961387298096278", "units": "au", "label": "q"}, {"label": "tp", "name": "tp", "sigma": 5.1527806068282e-05, "value": "2458293.167623180503", "title": "time of perihelion passage", "units": "TDB"}, {"label": "node", "units": "deg", "title": "longitude of the ascending node", "value": "196.7730780071424", "sigma": 7.80453504285843e-05, "name": "om"}, {"label": "peri", "value": "111.3876425102231", "title": "argument of perihelion", "units": "deg", "sigma": 8.94909222163169e-05, "name": "w"}, {"units": "deg", "title": "inclination", "value": "1.272485657307747", "sigma": 3.82598824465262e-06, "name": "i", "label": "i"}], "data": [["1.36875657167395E-14", "-1.385723668279059E-14", "6.754021265084186E-13", "1.753963773928486E-12", "-2.499912736347761E-12", "8.278065124555004E-14"], ["-1.385723668279059E-14", "1.402906131971996E-14", "-6.854291247286952E-13", "-1.77387844193386E-12", "2.52757415736769E-12", "-8.369253613624451E-14"], ["6.754021265084186E-13", "-6.854291247286952E-13", "2.655114798210478E-9", "3.247545438657885E-10", "1.981916294814952E-9", "-4.421884897509028E-11"], ["1.753963773928486E-12", "-1.77387844193386E-12", "3.247545438657885E-10", "6.091076723520527E-9", "-5.981812993868009E-9", "2.543788625949354E-10"], ["-2.499912736347761E-12", "2.52757415736769E-12", "1.981916294814952E-9", "-5.981812993868009E-9", "8.008625159126876E-9", "-3.023856270357096E-10"], ["8.278065124555004E-14", "-8.369253613624451E-14", "-4.421884897509028E-11", "2.543788625949354E-10", "-3.023856270357096E-10", "1.463818604822E-11"]], "epoch": "2458135.5"}, "elements": [{"label": "e", "units": null, "value": ".07231637526852303", "title": "eccentricity", "name": "e", "sigma": "1.1834E-7"}, {"label": "a", "sigma": "8.6795E-9", "name": "a", "units": "au", "title": "semi-major axis", "value": "1.034829538214194"}, {"label": "q", "units": "au", "value": ".9599944169897439", "title": "perihelion distance", "sigma": "1.2285E-7", "name": "q"}, {"label": "i", "value": "1.288115142469966", "title": "inclination; angle with respect to x-y ecliptic plane", "units": "deg", "name": "i", "sigma": "3.9022E-6"}, {"units": "deg", "value": "195.730325608107", "title": "longitude of the ascending node", "name": "om", "sigma": "7.8029E-5", "label": "node"}, {"units": "deg", "title": "argument of perihelion", "value": "108.9150531679798", "name": "w", "sigma": "8.3333E-5", "label": "peri"}, {"sigma": "2.5362E-5", "name": "ma", "value": "202.7387927336951", "title": "mean anomaly", "units": "deg", "label": "M"}, {"title": "time of perihelion passage", "value": "2461368.465758918947", "units": "TDB", "name": "tp", "sigma": "2.5754E-5", "label": "tp"}, {"label": "period", "name": "per", "sigma": "4.8375E-6", "units": "d", "value": "384.5046992957729", "title": "sidereal orbital period"}, {"label": "n", "value": ".9362694413341276", "title": "mean motion", "units": "deg/d", "name": "n", "sigma": "1.1779E-8"}, {"title": "aphelion distance", "value": "1.109664659438644", "units": "au", "name": "ad", "sigma": "9.3071E-9", "label": "Q"}], "epoch": "2461200.5"}