{"spkid": "50076835", "covariance": {"epoch": "2458786.5", "data": [["1.952831700773077E-16", "-3.280335098917599E-16", "7.707693265365793E-14", "8.108308622681091E-14", "-3.183604774237508E-14", "-7.202104034833045E-15"], ["-3.280335098917599E-16", "5.511885781902391E-16", "-1.271746104127426E-13", "-1.375164331530987E-13", "5.599635903212312E-14", "1.186979229573535E-14"], ["7.707693265365793E-14", "-1.271746104127426E-13", "9.363100747037881E-11", "-2.144305704930997E-11", "8.096461564312744E-11", "-7.931354238258226E-12"], ["8.108308622681091E-14", "-1.375164331530987E-13", "-2.144305704930997E-11", "2.561710308883515E-10", "-2.783269760325859E-10", "-2.51639172858353E-11"], ["-3.183604774237508E-14", "5.599635903212312E-14", "8.096461564312744E-11", "-2.783269760325859E-10", "3.417117570579445E-10", "2.070107022432775E-11"], ["-7.202104034833045E-15", "1.186979229573535E-14", "-7.931354238258226E-12", "-2.51639172858353E-11", "2.070107022432775E-11", "6.641989350846642E-12"]], "elements": [{"label": "e", "name": "e", "sigma": 1.39743754807615e-08, "units": null, "title": "eccentricity", "value": ".4354615906084008"}, {"units": "au", "title": "perihelion distance", "value": ".962364322474793", "sigma": 2.34774056954818e-08, "name": "q", "label": "q"}, {"label": "tp", "units": "TDB", "title": "time of perihelion passage", "value": "2458600.365641122328", "name": "tp", "sigma": 9.67631166666198e-06}, {"title": "longitude of the ascending node", "value": "92.28965695768402", "units": "deg", "sigma": 1.60053438228721e-05, "name": "om", "label": "node"}, {"label": "peri", "name": "w", "sigma": 1.84854471695424e-05, "units": "deg", "value": "201.0025247156246", "title": "argument of perihelion"}, {"units": "deg", "value": "6.629447398721165", "title": "inclination", "sigma": 2.57720572536355e-06, "name": "i", "label": "i"}], "labels": ["e", "q", "tp", "node", "peri", "i"]}, "elements": [{"label": "e", "units": null, "value": ".4360009168369042", "title": "eccentricity", "name": "e", "sigma": "1.3815E-8"}, {"name": "a", "sigma": "7.1573E-10", "value": "1.704639550628415", "title": "semi-major axis", "units": "au", "label": "a"}, {"label": "q", "value": ".9614151436779778", "title": "perihelion distance", "units": "au", "name": "q", "sigma": "2.3464E-8"}, {"name": "i", "sigma": "2.5782E-6", "units": "deg", "value": "6.623085018967137", "title": "inclination; angle with respect to x-y ecliptic plane", "label": "i"}, {"label": "node", "value": "92.20710763838731", "title": "longitude of the ascending node", "units": "deg", "sigma": "1.6005E-5", "name": "om"}, {"sigma": "1.852E-5", "name": "w", "value": "201.0568972090634", "title": "argument of perihelion", "units": "deg", "label": "peri"}, {"value": "71.14450360838539", "title": "mean anomaly", "units": "deg", "sigma": "4.8713E-6", "name": "ma", "label": "M"}, {"title": "time of perihelion passage", "value": "2461039.848005916765", "units": "TDB", "name": "tp", "sigma": "1.0926E-5", "label": "tp"}, {"units": "d", "value": "812.9189879279435", "title": "sidereal orbital period", "sigma": "5.1198E-7", "name": "per", "label": "period"}, {"title": "mean motion", "value": ".4428485560628953", "units": "deg/d", "name": "n", "sigma": "2.7891E-10", "label": "n"}, {"label": "Q", "sigma": "1.0278E-9", "name": "ad", "units": "au", "title": "aphelion distance", "value": "2.447863957578853"}], "epoch": "2461200.5"}