{"spkid": "50082946", "covariance": {"data": [["8.585269261386127E-15", "-9.719215697115591E-15", "1.283438982805649E-12", "1.68465504991264E-13", "8.023319001548225E-13", "-4.45619156496672E-13"], ["-9.719215697115591E-15", "1.100341997882041E-14", "-1.457851406868013E-12", "-1.921762448586007E-13", "-9.12404386145939E-13", "4.989499223431843E-13"], ["1.283438982805649E-12", "-1.457851406868013E-12", "4.175076828294366E-10", "5.31774286638741E-11", "3.098075521525479E-10", "-3.889133200317866E-11"], ["1.68465504991264E-13", "-1.921762448586007E-13", "5.31774286638741E-11", "3.360447050308304E-11", "1.622758097101326E-11", "3.037406905488755E-11"], ["8.023319001548225E-13", "-9.12404386145939E-13", "3.098075521525479E-10", "1.622758097101326E-11", "2.6384570453828E-10", "-5.128494746401353E-11"], ["-4.45619156496672E-13", "4.989499223431843E-13", "-3.889133200317866E-11", "3.037406905488755E-11", "-5.128494746401353E-11", "6.559202870974097E-10"]], "elements": [{"label": "e", "name": "e", "sigma": 9.26567280956225e-08, "units": null, "value": ".2544658945915233", "title": "eccentricity"}, {"label": "q", "sigma": 1.04897187659252e-07, "name": "q", "value": ".8276746597226909", "title": "perihelion distance", "units": "au"}, {"label": "tp", "units": "TDB", "title": "time of perihelion passage", "value": "2455511.225804036559", "name": "tp", "sigma": 2.04330047430484e-05}, {"label": "node", "name": "om", "sigma": 5.79693630317628e-06, "units": "deg", "title": "longitude of the ascending node", "value": "356.2100201696148"}, {"label": "peri", "units": "deg", "value": "268.1070369831104", "title": "argument of perihelion", "name": "w", "sigma": 1.62433280006986e-05}, {"sigma": 2.56109407694721e-05, "name": "i", "value": "23.89834916732149", "title": "inclination", "units": "deg", "label": "i"}], "labels": ["e", "q", "tp", "node", "peri", "i"], "epoch": "2455626.5"}, "elements": [{"label": "e", "units": null, "value": ".2545396051743403", "title": "eccentricity", "name": "e", "sigma": "9.276E-8"}, {"units": "au", "title": "semi-major axis", "value": "1.109877071527909", "name": "a", "sigma": "2.4984E-9", "label": "a"}, {"sigma": "1.0479E-7", "name": "q", "units": "au", "title": "perihelion distance", "value": ".8273693999491419", "label": "q"}, {"label": "i", "sigma": "2.5613E-5", "name": "i", "title": "inclination; angle with respect to x-y ecliptic plane", "value": "23.89586040934882", "units": "deg"}, {"label": "node", "name": "om", "sigma": "5.8038E-6", "value": "356.1377866501369", "title": "longitude of the ascending node", "units": "deg"}, {"name": "w", "sigma": "1.6284E-5", "units": "deg", "title": "argument of perihelion", "value": "268.2954491510928", "label": "peri"}, {"sigma": "1.2444E-5", "name": "ma", "units": "deg", "title": "mean anomaly", "value": "114.2495609897141", "label": "M"}, {"value": "2461064.961465539829", "title": "time of perihelion passage", "units": "TDB", "sigma": "1.4583E-5", "name": "tp", "label": "tp"}, {"title": "sidereal orbital period", "value": "427.0814870794528", "units": "d", "sigma": "1.4421E-6", "name": "per", "label": "period"}, {"label": "n", "name": "n", "sigma": "2.8462E-9", "value": ".8429304732027094", "title": "mean motion", "units": "deg/d"}, {"label": "Q", "name": "ad", "sigma": "3.1343E-9", "units": "au", "value": "1.392384743106676", "title": "aphelion distance"}], "epoch": "2461200.5"}