{"spkid": "50092276", "covariance": {"labels": ["e", "q", "tp", "node", "peri", "i", "A2"], "data": [["2.029365660577167E-13", "-1.692821640869129E-13", "3.470450873951797E-12", "2.436190422102205E-12", "-2.428967537203867E-12", "2.975744362066965E-12", "-7.876821914866242E-21"], ["-1.692821640869129E-13", "1.412129782489644E-13", "-2.890131971639679E-12", "-2.026977624635289E-12", "2.025047485766582E-12", "-2.48023161730493E-12", "6.580184556506074E-21"], ["3.470450873951797E-12", "-2.890131971639679E-12", "1.461208317881195E-9", "2.490648274917927E-10", "5.001201435955658E-10", "1.37469994584491E-10", "4.791086728306684E-20"], ["2.436190422102205E-12", "-2.026977624635289E-12", "2.490648274917927E-10", "1.914798910757391E-9", "-1.796960505785965E-9", "2.383783058109717E-10", "-6.603127540631211E-21"], ["-2.428967537203867E-12", "2.025047485766582E-12", "5.001201435955658E-10", "-1.796960505785965E-9", "2.084471251786388E-9", "-1.915328938754517E-10", "1.072311302692711E-19"], ["2.975744362066965E-12", "-2.48023161730493E-12", "1.37469994584491E-10", "2.383783058109717E-10", "-1.915328938754517E-10", "8.476578198701724E-11", "-9.35698940816139E-20"], ["-7.876821914866242E-21", "6.580184556506074E-21", "4.791086728306684E-20", "-6.603127540631211E-21", "1.072311302692711E-19", "-9.35698940816139E-20", "3.536142211659216E-28"]], "elements": [{"units": null, "title": "eccentricity", "value": ".4667502216163185", "sigma": 4.50484812238678e-07, "name": "e", "label": "e"}, {"units": "au", "value": ".4357319860568361", "title": "perihelion distance", "sigma": 3.75783153226651e-07, "name": "q", "label": "q"}, {"label": "tp", "sigma": 3.8225754641095e-05, "name": "tp", "value": "2458256.968928129371", "title": "time of perihelion passage", "units": "TDB"}, {"label": "node", "value": "345.1707401516768", "title": "longitude of the ascending node", "units": "deg", "name": "om", "sigma": 4.37584153135987e-05}, {"sigma": 4.56560100291997e-05, "name": "w", "value": "24.16343219998507", "title": "argument of perihelion", "units": "deg", "label": "peri"}, {"label": "i", "sigma": 9.20683343973471e-06, "name": "i", "value": "3.845921588793061", "title": "inclination", "units": "deg"}], "epoch": "2458142.5"}, "elements": [{"name": "e", "sigma": "4.4935E-7", "value": ".4667852861899059", "title": "eccentricity", "units": null, "label": "e"}, {"sigma": "2.1406E-8", "name": "a", "units": "au", "title": "semi-major axis", "value": ".8171861676750416", "label": "a"}, {"name": "q", "sigma": "3.7804E-7", "units": "au", "value": ".4357356885264149", "title": "perihelion distance", "label": "q"}, {"units": "deg", "title": "inclination; angle with respect to x-y ecliptic plane", "value": "3.836169296480068", "sigma": "9.2214E-6", "name": "i", "label": "i"}, {"label": "node", "sigma": "4.4399E-5", "name": "om", "title": "longitude of the ascending node", "value": "344.9045809819076", "units": "deg"}, {"label": "peri", "units": "deg", "value": "24.42494658361711", "title": "argument of perihelion", "name": "w", "sigma": "4.6161E-5"}, {"sigma": ".00013948", "name": "ma", "value": "327.3911498127952", "title": "mean anomaly", "units": "deg", "label": "M"}, {"label": "tp", "units": "TDB", "value": "2461224.940659569978", "title": "time of perihelion passage", "name": "tp", "sigma": ".00010546"}, {"label": "period", "units": "d", "title": "sidereal orbital period", "value": "269.8236029384627", "sigma": "1.0602E-5", "name": "per"}, {"label": "n", "units": "deg/d", "value": "1.334204999412536", "title": "mean motion", "sigma": "5.2423E-8", "name": "n"}, {"sigma": "3.1398E-8", "name": "ad", "units": "au", "value": "1.198636646823668", "title": "aphelion distance", "label": "Q"}], "epoch": "2461200.5"}