{"spkid": "50092408", "covariance": {"elements": [{"label": "e", "units": null, "value": ".6422080251063277", "title": "eccentricity", "sigma": 4.53933091753811e-08, "name": "e"}, {"sigma": 1.00326476800185e-07, "name": "q", "units": "au", "value": ".794552011584691", "title": "perihelion distance", "label": "q"}, {"name": "tp", "sigma": 1.7433486010283e-05, "units": "TDB", "value": "2459506.669535538353", "title": "time of perihelion passage", "label": "tp"}, {"label": "node", "units": "deg", "title": "longitude of the ascending node", "value": "35.59313721081967", "sigma": 1.38124347942119e-05, "name": "om"}, {"units": "deg", "value": "66.54245938213975", "title": "argument of perihelion", "sigma": 1.95614656190329e-05, "name": "w", "label": "peri"}, {"title": "inclination", "value": "15.48251619956296", "units": "deg", "name": "i", "sigma": 9.71037553721277e-06, "label": "i"}], "data": [["2.060552517891741E-15", "-4.554016775745718E-15", "6.74779952133722E-13", "-1.712945870948696E-14", "5.056287735590923E-13", "-7.533613201885614E-14"], ["-4.554016775745718E-15", "1.006540194713809E-14", "-1.492917349215245E-12", "4.300371603113908E-14", "-1.125290845357263E-12", "1.635213030523697E-13"], ["6.74779952133722E-13", "-1.492917349215245E-12", "3.039264344707322E-10", "-2.791432898477265E-11", "2.374022262538244E-10", "-1.435721575283022E-11"], ["-1.712945870948696E-14", "4.300371603113908E-14", "-2.791432898477265E-11", "1.907833549443562E-10", "-2.064897866715073E-10", "-7.716351460570348E-11"], ["5.056287735590923E-13", "-1.125290845357263E-12", "2.374022262538244E-10", "-2.064897866715073E-10", "3.826509371646059E-10", "6.2650493645844E-11"], ["-7.533613201885614E-14", "1.635213030523697E-13", "-1.435721575283022E-11", "-7.716351460570348E-11", "6.2650493645844E-11", "9.429139307370022E-11"]], "labels": ["e", "q", "tp", "node", "peri", "i"], "epoch": "2458953.5"}, "elements": [{"value": ".6428353321788083", "title": "eccentricity", "units": null, "name": "e", "sigma": "4.6196E-8", "label": "e"}, {"label": "a", "sigma": "2.3956E-9", "name": "a", "units": "au", "title": "semi-major axis", "value": "2.218422641914633"}, {"value": ".7923421859864506", "title": "perihelion distance", "units": "au", "sigma": "1.0224E-7", "name": "q", "label": "q"}, {"name": "i", "sigma": "9.7256E-6", "units": "deg", "title": "inclination; angle with respect to x-y ecliptic plane", "value": "15.47030129532085", "label": "i"}, {"label": "node", "sigma": "1.3706E-5", "name": "om", "title": "longitude of the ascending node", "value": "35.13610251657935", "units": "deg"}, {"label": "peri", "title": "argument of perihelion", "value": "67.10029316629056", "units": "deg", "sigma": "1.9523E-5", "name": "w"}, {"sigma": "5.068E-6", "name": "ma", "units": "deg", "value": "145.3794064405591", "title": "mean anomaly", "label": "M"}, {"name": "tp", "sigma": "1.6809E-5", "title": "time of perihelion passage", "value": "2460713.122752196604", "units": "TDB", "label": "tp"}, {"label": "period", "units": "d", "value": "1206.882140359822", "title": "sidereal orbital period", "name": "per", "sigma": "1.9549E-6"}, {"label": "n", "sigma": "4.8316E-10", "name": "n", "units": "deg/d", "value": ".2982892761116417", "title": "mean motion"}, {"name": "ad", "sigma": "3.9355E-9", "value": "3.644503097842816", "title": "aphelion distance", "units": "au", "label": "Q"}], "epoch": "2461200.5"}