{"spkid": "50092147", "covariance": {"epoch": "2457768.5", "elements": [{"name": "e", "sigma": 2.15435775209441e-07, "value": ".5039502156561181", "title": "eccentricity", "units": null, "label": "e"}, {"label": "q", "units": "au", "title": "perihelion distance", "value": ".3390376586359976", "name": "q", "sigma": 1.56204391794331e-07}, {"name": "tp", "sigma": 0.000583450360598768, "units": "TDB", "value": "2457811.188953426045", "title": "time of perihelion passage", "label": "tp"}, {"units": "deg", "title": "longitude of the ascending node", "value": "196.7630496234827", "sigma": 4.47032929311713e-05, "name": "om", "label": "node"}, {"name": "w", "sigma": 0.000342984489519488, "title": "argument of perihelion", "value": "179.4788853621181", "units": "deg", "label": "peri"}, {"label": "i", "value": "3.67007370763586", "title": "inclination", "units": "deg", "sigma": 8.07658073030143e-05, "name": "i"}], "data": [["4.64125732400926E-14", "-3.357395157258759E-14", "7.993694310201278E-11", "3.844529887816089E-13", "4.660815665599536E-11", "-2.056121089747548E-12"], ["-3.357395157258759E-14", "2.439981201583672E-14", "-6.255891850899729E-11", "-3.806559047068898E-13", "-3.641093751264498E-11", "1.96343896510535E-12"], ["7.993694310201278E-11", "-6.255891850899729E-11", "3.404143232828324E-7", "2.90702542910305E-9", "1.981775490169855E-7", "-2.00809147131681E-8"], ["3.844529887816089E-13", "-3.806559047068898E-13", "2.90702542910305E-9", "1.998384398890109E-9", "-4.148923898179678E-10", "-3.233748267881726E-9"], ["4.660815665599536E-11", "-3.641093751264498E-11", "1.981775490169855E-7", "-4.148923898179678E-10", "1.17638360050944E-7", "-8.401053996048973E-9"], ["-2.056121089747548E-12", "1.96343896510535E-12", "-2.00809147131681E-8", "-3.233748267881726E-9", "-8.401053996048973E-9", "6.523115629307629E-9"]], "labels": ["e", "q", "tp", "node", "peri", "i"]}, "elements": [{"label": "e", "units": null, "title": "eccentricity", "value": ".503925638897876", "name": "e", "sigma": "2.1924E-7"}, {"name": "a", "sigma": "4.3918E-8", "units": "au", "title": "semi-major axis", "value": ".6834032514889681", "label": "a"}, {"units": "au", "value": ".339018831357504", "title": "perihelion distance", "sigma": "1.649E-7", "name": "q", "label": "q"}, {"label": "i", "sigma": "8.0685E-5", "name": "i", "value": "3.679471614466631", "title": "inclination; angle with respect to x-y ecliptic plane", "units": "deg"}, {"units": "deg", "title": "longitude of the ascending node", "value": "196.6072035687178", "sigma": "4.3151E-5", "name": "om", "label": "node"}, {"label": "peri", "sigma": ".00033961", "name": "w", "units": "deg", "value": "179.5681975855009", "title": "argument of perihelion"}, {"sigma": ".00056905", "name": "ma", "units": "deg", "value": "152.1119779076663", "title": "mean anomaly", "label": "M"}, {"label": "tp", "units": "TDB", "title": "time of perihelion passage", "value": "2461113.308349104257", "name": "tp", "sigma": ".00033454"}, {"value": "206.354520888033", "title": "sidereal orbital period", "units": "d", "name": "per", "sigma": "1.9892E-5", "label": "period"}, {"title": "mean motion", "value": "1.744570453076404", "units": "deg/d", "sigma": "1.6817E-7", "name": "n", "label": "n"}, {"label": "Q", "name": "ad", "sigma": "6.6049E-8", "title": "aphelion distance", "value": "1.027787671620432", "units": "au"}], "epoch": "2461200.5"}