{"spkid": "50102706", "covariance": {"epoch": "2452338.5", "labels": ["e", "q", "tp", "node", "peri", "i"], "data": [["9.925802073172172E-12", "-9.963250725943939E-12", "4.690661522126003E-10", "-2.928203454521993E-9", "2.179455698757183E-9", "6.39436676966468E-11"], ["-9.963250725943939E-12", "1.000112913973457E-11", "-4.717192428163829E-10", "2.913334906652551E-9", "-2.162429338375769E-9", "-6.371066539169138E-11"], ["4.690661522126003E-10", "-4.717192428163829E-10", "2.851976214208002E-8", "4.68566932319008E-8", "-7.722844665254431E-8", "-3.670052610406042E-10"], ["-2.928203454521993E-9", "2.913334906652551E-9", "4.68566932319008E-8", "1.565647598710536E-5", "-1.528852554553198E-5", "-2.505729083498212E-7"], ["2.179455698757183E-9", "-2.162429338375769E-9", "-7.722844665254431E-8", "-1.528852554553198E-5", "1.498102022564248E-5", "2.430628273511188E-7"], ["6.39436676966468E-11", "-6.371066539169138E-11", "-3.670052610406042E-10", "-2.505729083498212E-7", "2.430628273511188E-7", "4.108264121723699E-9"]], "elements": [{"label": "e", "name": "e", "sigma": 3.15052409499946e-06, "title": "eccentricity", "value": ".5568578911747152", "units": null}, {"sigma": 3.16245618779685e-06, "name": "q", "value": ".445705821880214", "title": "perihelion distance", "units": "au", "label": "q"}, {"value": "2452193.141798223109", "title": "time of perihelion passage", "units": "TDB", "name": "tp", "sigma": 0.000168877950431902, "label": "tp"}, {"name": "om", "sigma": 0.00395682650454949, "units": "deg", "value": "127.2810321685476", "title": "longitude of the ascending node", "label": "node"}, {"label": "peri", "name": "w", "sigma": 0.00387053229228778, "title": "argument of perihelion", "value": "186.4910426763643", "units": "deg"}, {"label": "i", "name": "i", "sigma": 6.40957418376892e-05, "title": "inclination", "value": ".8421356952588624", "units": "deg"}]}, "elements": [{"label": "e", "value": ".5568890507754957", "title": "eccentricity", "units": null, "sigma": "3.1447E-6", "name": "e"}, {"title": "semi-major axis", "value": "1.006556532472159", "units": "au", "name": "a", "sigma": "2.9065E-8", "label": "a"}, {"name": "q", "sigma": "3.1776E-6", "units": "au", "value": ".446016220551864", "title": "perihelion distance", "label": "q"}, {"units": "deg", "title": "inclination; angle with respect to x-y ecliptic plane", "value": ".8495327373909956", "sigma": "6.4166E-5", "name": "i", "label": "i"}, {"units": "deg", "value": "127.0896893345962", "title": "longitude of the ascending node", "name": "om", "sigma": ".0039221", "label": "node"}, {"label": "peri", "units": "deg", "title": "argument of perihelion", "value": "186.8016666825368", "sigma": ".003836", "name": "w"}, {"value": "151.7839158826149", "title": "mean anomaly", "units": "deg", "sigma": ".00026646", "name": "ma", "label": "M"}, {"title": "time of perihelion passage", "value": "2461044.982617984858", "units": "TDB", "sigma": ".00027298", "name": "tp", "label": "tp"}, {"units": "d", "title": "sidereal orbital period", "value": "368.8550081205518", "name": "per", "sigma": "1.5977E-5", "label": "period"}, {"name": "n", "sigma": "4.2274E-8", "value": ".9759932550037175", "title": "mean motion", "units": "deg/d", "label": "n"}, {"label": "Q", "sigma": "4.5252E-8", "name": "ad", "title": "aphelion distance", "value": "1.567096844392454", "units": "au"}], "epoch": "2461200.5"}