{"spkid": "50114037", "covariance": {"epoch": "2458460.5", "elements": [{"units": null, "value": ".5077586824907115", "title": "eccentricity", "name": "e", "sigma": 4.33407752429961e-08, "label": "e"}, {"name": "q", "sigma": 7.17320627939178e-08, "title": "perihelion distance", "value": ".8105690973145273", "units": "au", "label": "q"}, {"label": "tp", "value": "2458432.335445273034", "title": "time of perihelion passage", "units": "TDB", "name": "tp", "sigma": 1.04158975076459e-05}, {"label": "node", "units": "deg", "value": "305.327574582287", "title": "longitude of the ascending node", "name": "om", "sigma": 1.03341999072447e-05}, {"sigma": 9.33281732042445e-06, "name": "w", "units": "deg", "title": "argument of perihelion", "value": "117.3491398130024", "label": "peri"}, {"units": "deg", "value": "41.9533979318784", "title": "inclination", "name": "i", "sigma": 2.99614846922593e-05, "label": "i"}], "data": [["1.878422798663902E-15", "-3.108703554410109E-15", "2.194863723958339E-13", "2.164361030710739E-13", "-1.360564840184086E-13", "-4.901606788854679E-13"], ["-3.108703554410109E-15", "5.145488832670566E-15", "-3.650939459379759E-13", "-3.606423866614049E-13", "2.242867679729997E-13", "8.196141378639232E-13"], ["2.194863723958339E-13", "-3.650939459379759E-13", "1.084909208897846E-10", "5.493056788550518E-11", "4.125524183941736E-11", "-1.539065547975167E-10"], ["2.164361030710739E-13", "-3.606423866614049E-13", "5.493056788550518E-11", "1.067956877228972E-10", "-3.71113835346086E-11", "-5.881320849307058E-11"], ["-1.360564840184086E-13", "2.242867679729997E-13", "4.125524183941736E-11", "-3.71113835346086E-11", "8.710147913641468E-11", "-6.577443339190878E-11"], ["-4.901606788854679E-13", "8.196141378639232E-13", "-1.539065547975167E-10", "-5.881320849307058E-11", "-6.577443339190878E-11", "8.976905649644857E-10"]], "labels": ["e", "q", "tp", "node", "peri", "i"]}, "elements": [{"title": "eccentricity", "value": ".507266870360541", "units": null, "sigma": "4.3357E-8", "name": "e", "label": "e"}, {"sigma": "1.6494E-9", "name": "a", "title": "semi-major axis", "value": "1.646843146230031", "units": "au", "label": "a"}, {"sigma": "7.1683E-8", "name": "q", "units": "au", "title": "perihelion distance", "value": ".8114541774672164", "label": "q"}, {"label": "i", "value": "41.96658874126196", "title": "inclination; angle with respect to x-y ecliptic plane", "units": "deg", "name": "i", "sigma": "2.9963E-5"}, {"name": "om", "sigma": "1.0319E-5", "units": "deg", "value": "305.2813951401939", "title": "longitude of the ascending node", "label": "node"}, {"label": "peri", "sigma": "9.3594E-6", "name": "w", "title": "argument of perihelion", "value": "117.3802772441897", "units": "deg"}, {"label": "M", "title": "mean anomaly", "value": "211.0528449390025", "units": "deg", "name": "ma", "sigma": "4.6014E-6"}, {"label": "tp", "name": "tp", "sigma": "9.9085E-6", "units": "TDB", "value": "2461519.879100664481", "title": "time of perihelion passage"}, {"label": "period", "name": "per", "sigma": "1.1597E-6", "title": "sidereal orbital period", "value": "771.9279780276925", "units": "d"}, {"name": "n", "sigma": "7.0062E-10", "value": ".4663647519549877", "title": "mean motion", "units": "deg/d", "label": "n"}, {"label": "Q", "units": "au", "value": "2.482232114992845", "title": "aphelion distance", "name": "ad", "sigma": "2.486E-9"}], "epoch": "2461200.5"}