{"spkid": "50127414", "covariance": {"labels": ["e", "q", "tp", "node", "peri", "i", "A2"], "data": [["3.573637392151635E-14", "-3.562502800615669E-14", "4.130964703551099E-12", "-1.833211066154355E-12", "2.823169276516134E-12", "-9.875657676912464E-13", "-1.275377613043248E-20"], ["-3.562502800615669E-14", "3.551444580924357E-14", "-4.11914953532949E-12", "1.828916229372757E-12", "-2.814629313860005E-12", "9.833929523444284E-13", "1.271745771581404E-20"], ["4.130964703551099E-12", "-4.11914953532949E-12", "4.965010890698672E-10", "-2.11115625794667E-10", "3.387146746731364E-10", "-1.126245541148476E-10", "-1.477739454650284E-18"], ["-1.833211066154355E-12", "1.828916229372757E-12", "-2.11115625794667E-10", "1.154433667439634E-9", "-1.216472325442063E-9", "8.376855263003349E-11", "6.390995577620466E-19"], ["2.823169276516134E-12", "-2.814629313860005E-12", "3.387146746731364E-10", "-1.216472325442063E-9", "1.327017535967932E-9", "-1.17910948291105E-10", "-9.704866579048322E-19"], ["-9.875657676912464E-13", "9.833929523444284E-13", "-1.126245541148476E-10", "8.376855263003349E-11", "-1.17910948291105E-10", "3.810294360482149E-11", "3.366870333591986E-19"], ["-1.275377613043248E-20", "1.271745771581404E-20", "-1.477739454650284E-18", "6.390995577620466E-19", "-9.704866579048322E-19", "3.366870333591986E-19", "4.613673059044225E-27"]], "elements": [{"name": "e", "sigma": 1.89040667374817e-07, "units": null, "value": ".3787429623912419", "title": "eccentricity", "label": "e"}, {"label": "q", "name": "q", "sigma": 1.88452768112447e-07, "value": ".593010725102738", "title": "perihelion distance", "units": "au"}, {"sigma": 2.22823043931696e-05, "name": "tp", "units": "TDB", "value": "2456265.454646250009", "title": "time of perihelion passage", "label": "tp"}, {"label": "node", "sigma": 3.39769578897175e-05, "name": "om", "units": "deg", "value": "248.1311910929644", "title": "longitude of the ascending node"}, {"sigma": 3.64282518928363e-05, "name": "w", "units": "deg", "value": "134.0934141951206", "title": "argument of perihelion", "label": "peri"}, {"label": "i", "title": "inclination", "value": "2.903420059341935", "units": "deg", "name": "i", "sigma": 6.17275818454129e-06}], "epoch": "2456261.5"}, "elements": [{"label": "e", "sigma": "1.8854E-7", "name": "e", "value": ".3786713361559262", "title": "eccentricity", "units": null}, {"label": "a", "units": "au", "title": "semi-major axis", "value": ".9555448494194835", "sigma": "4.8248E-8", "name": "a"}, {"label": "q", "title": "perihelion distance", "value": ".5937074045328944", "units": "au", "name": "q", "sigma": "2.0996E-7"}, {"label": "i", "name": "i", "sigma": "6.1886E-6", "value": "2.894758730700963", "title": "inclination; angle with respect to x-y ecliptic plane", "units": "deg"}, {"name": "om", "sigma": "3.4415E-5", "title": "longitude of the ascending node", "value": "247.7597019294918", "units": "deg", "label": "node"}, {"sigma": "3.7505E-5", "name": "w", "value": "134.3432983464234", "title": "argument of perihelion", "units": "deg", "label": "peri"}, {"title": "mean anomaly", "value": "169.6464619030607", "units": "deg", "name": "ma", "sigma": ".00022438", "label": "M"}, {"sigma": ".00020047", "name": "tp", "title": "time of perihelion passage", "value": "2461039.725433776890", "units": "TDB", "label": "tp"}, {"value": "341.1733035339852", "title": "sidereal orbital period", "units": "d", "name": "per", "sigma": "2.584E-5", "label": "period"}, {"label": "n", "value": "1.055182208780704", "title": "mean motion", "units": "deg/d", "name": "n", "sigma": "7.9918E-8"}, {"label": "Q", "title": "aphelion distance", "value": "1.317382294306073", "units": "au", "sigma": "6.6518E-8", "name": "ad"}], "epoch": "2461200.5"}