{"spkid": "50130483", "covariance": {"epoch": "2458896.5", "elements": [{"name": "e", "sigma": 1.92937660530023e-06, "value": ".6174812059682462", "title": "eccentricity", "units": null, "label": "e"}, {"value": ".5732459123985957", "title": "perihelion distance", "units": "au", "sigma": 2.89269602894043e-06, "name": "q", "label": "q"}, {"value": "2459099.660659956106", "title": "time of perihelion passage", "units": "TDB", "name": "tp", "sigma": 5.56800372975054e-05, "label": "tp"}, {"label": "node", "title": "longitude of the ascending node", "value": "110.3363192480167", "units": "deg", "sigma": 6.17984362881941e-05, "name": "om"}, {"label": "peri", "sigma": 0.000318298318753222, "name": "w", "title": "argument of perihelion", "value": "67.22564342383961", "units": "deg"}, {"label": "i", "units": "deg", "title": "inclination", "value": "9.725420254131022", "name": "i", "sigma": 5.96790288363818e-05}], "data": [["3.722494085079839E-12", "-5.581100031144557E-12", "1.067300496190647E-10", "5.09824021556394E-11", "-6.058778086628616E-10", "-3.758217756799629E-11"], ["-5.581100031144557E-12", "8.367690315847753E-12", "-1.600190330472623E-10", "-7.643050688348304E-11", "9.083804511800302E-10", "5.633933300632964E-11"], ["1.067300496190647E-10", "-1.600190330472623E-10", "3.100266553451596E-9", "1.561024001699788E-9", "-1.740714084640079E-8", "-1.22360847317066E-9"], ["5.09824021556394E-11", "-7.643050688348304E-11", "1.561024001699788E-9", "3.819046727665989E-9", "-1.115204132390786E-8", "-3.587587432715839E-9"], ["-6.058778086628616E-10", "9.083804511800302E-10", "-1.740714084640079E-8", "-1.115204132390786E-8", "1.013138197211279E-7", "8.838770578245615E-9"], ["-3.758217756799629E-11", "5.633933300632964E-11", "-1.22360847317066E-9", "-3.587587432715839E-9", "8.838770578245615E-9", "3.561586482853686E-9"]], "labels": ["e", "q", "tp", "node", "peri", "i"]}, "elements": [{"label": "e", "units": null, "value": ".6176150271166976", "title": "eccentricity", "name": "e", "sigma": "1.933E-6"}, {"value": "1.499247166763521", "title": "semi-major axis", "units": "au", "name": "a", "sigma": "6.0996E-9", "label": "a"}, {"label": "q", "units": "au", "value": ".5732895872082368", "title": "perihelion distance", "sigma": "2.9003E-6", "name": "q"}, {"label": "i", "sigma": "5.9678E-5", "name": "i", "title": "inclination; angle with respect to x-y ecliptic plane", "value": "9.721682651873195", "units": "deg"}, {"label": "node", "units": "deg", "title": "longitude of the ascending node", "value": "110.2163996159148", "sigma": "6.184E-5", "name": "om"}, {"label": "peri", "sigma": ".00031826", "name": "w", "units": "deg", "value": "67.37598745426492", "title": "argument of perihelion"}, {"label": "M", "title": "mean anomaly", "value": "48.35795612067877", "units": "deg", "name": "ma", "sigma": "2.6154E-5"}, {"label": "tp", "value": "2461110.431336561006", "title": "time of perihelion passage", "units": "TDB", "sigma": "4.9228E-5", "name": "tp"}, {"label": "period", "sigma": "4.092E-6", "name": "per", "units": "d", "title": "sidereal orbital period", "value": "670.5146668548396"}, {"name": "n", "sigma": "3.2765E-9", "title": "mean motion", "value": ".536901007234696", "units": "deg/d", "label": "n"}, {"label": "Q", "sigma": "9.8669E-9", "name": "ad", "units": "au", "title": "aphelion distance", "value": "2.425204746318804"}], "epoch": "2461200.5"}