{"spkid": "50131086", "covariance": {"epoch": "2452498.5", "labels": ["e", "q", "tp", "node", "peri", "i"], "data": [["7.197855803647281E-15", "-1.438073570972794E-14", "-5.03072521604847E-14", "6.465956139257237E-14", "1.500474117929106E-12", "-2.404655658681356E-14"], ["-1.438073570972794E-14", "2.938919154980398E-14", "8.806585655585424E-14", "-9.634778858150426E-14", "-3.117798838907624E-12", "1.659470149695913E-14"], ["-5.03072521604847E-14", "8.806585655585424E-14", "6.083037284622322E-13", "-1.184413852132559E-12", "-8.076103488940037E-12", "4.043363440337667E-13"], ["6.465956139257237E-14", "-9.634778858150426E-14", "-1.184413852132559E-12", "2.58535921062431E-11", "-1.626922167855286E-11", "-3.432846839992544E-11"], ["1.500474117929106E-12", "-3.117798838907624E-12", "-8.076103488940037E-12", "-1.626922167855286E-11", "3.586690981045048E-10", "3.283246254783801E-11"], ["-2.404655658681356E-14", "1.659470149695913E-14", "4.043363440337667E-13", "-3.432846839992544E-11", "3.283246254783801E-11", "6.601101393445527E-11"]], "elements": [{"name": "e", "sigma": 8.48401780033922e-08, "value": ".7101579130700905", "title": "eccentricity", "units": null, "label": "e"}, {"label": "q", "sigma": 1.71432761016685e-07, "name": "q", "units": "au", "title": "perihelion distance", "value": ".5912254608806207"}, {"label": "tp", "sigma": 7.79938285034292e-07, "name": "tp", "value": "2452552.484913466371", "title": "time of perihelion passage", "units": "TDB"}, {"name": "om", "sigma": 5.08464277076012e-06, "units": "deg", "title": "longitude of the ascending node", "value": "146.8562267198231", "label": "node"}, {"label": "peri", "units": "deg", "value": "268.2811428488382", "title": "argument of perihelion", "name": "w", "sigma": 1.89385611413461e-05}, {"label": "i", "name": "i", "sigma": 8.12471623716517e-06, "value": "5.771866868929981", "title": "inclination", "units": "deg"}]}, "elements": [{"label": "e", "sigma": "8.6486E-8", "name": "e", "units": null, "title": "eccentricity", "value": ".7080523191683751"}, {"label": "a", "name": "a", "sigma": "5.219E-8", "value": "2.0501153848383", "title": "semi-major axis", "units": "au"}, {"label": "q", "name": "q", "sigma": "1.7818E-7", "title": "perihelion distance", "value": ".5985264320407759", "units": "au"}, {"name": "i", "sigma": "8.1766E-6", "units": "deg", "title": "inclination; angle with respect to x-y ecliptic plane", "value": "5.894478461179423", "label": "i"}, {"sigma": "5.1018E-6", "name": "om", "units": "deg", "value": "145.2446834105793", "title": "longitude of the ascending node", "label": "node"}, {"label": "peri", "value": "269.9350760315713", "title": "argument of perihelion", "units": "deg", "sigma": "2.0583E-5", "name": "w"}, {"label": "M", "units": "deg", "title": "mean anomaly", "value": "24.36171953698352", "sigma": ".00016152", "name": "ma"}, {"label": "tp", "title": "time of perihelion passage", "value": "2461127.944335768525", "units": "TDB", "name": "tp", "sigma": ".00047827"}, {"units": "d", "title": "sidereal orbital period", "value": "1072.175512228442", "name": "per", "sigma": "4.0942E-5", "label": "period"}, {"label": "n", "name": "n", "sigma": "1.2821E-8", "value": ".3357659225510245", "title": "mean motion", "units": "deg/d"}, {"name": "ad", "sigma": "8.9143E-8", "units": "au", "value": "3.501704337635825", "title": "aphelion distance", "label": "Q"}], "epoch": "2461200.5"}