{"spkid": "50134282", "covariance": {"epoch": "2456505.5", "elements": [{"label": "e", "sigma": 4.22501198005268e-06, "name": "e", "value": ".5641330431182489", "title": "eccentricity", "units": null}, {"label": "q", "name": "q", "sigma": 5.10738927201581e-06, "value": ".5294906849042846", "title": "perihelion distance", "units": "au"}, {"value": "2456505.243151824943", "title": "time of perihelion passage", "units": "TDB", "name": "tp", "sigma": 0.000352433350015489, "label": "tp"}, {"label": "node", "value": "104.0262069651587", "title": "longitude of the ascending node", "units": "deg", "sigma": 0.000718419624953346, "name": "om"}, {"sigma": 0.000696798411477812, "name": "w", "units": "deg", "value": "356.5612490826512", "title": "argument of perihelion", "label": "peri"}, {"label": "i", "sigma": 3.70778517712509e-05, "name": "i", "value": "1.72005593226443", "title": "inclination", "units": "deg"}], "data": [["1.785072623158865E-11", "-2.157877700556003E-11", "1.245693878781684E-9", "9.193424359487347E-10", "1.050287369123982E-9", "1.173780573987381E-10"], ["-2.157877700556003E-11", "2.608542517590219E-11", "-1.50530269473726E-9", "-1.110535542936726E-9", "-1.270237571713326E-9", "-1.418469122329163E-10"], ["1.245693878781684E-9", "-1.50530269473726E-9", "1.242092662031403E-7", "1.298269731221508E-7", "2.181791680636538E-8", "1.162919325380345E-8"], ["9.193424359487347E-10", "-1.110535542936726E-9", "1.298269731221508E-7", "5.161267575181065E-7", "-3.894464523866013E-7", "2.158874192511655E-8"], ["1.050287369123982E-9", "-1.270237571713326E-9", "2.181791680636538E-8", "-3.894464523866013E-7", "4.855280262380016E-7", "-7.320746890086586E-9"], ["1.173780573987381E-10", "-1.418469122329163E-10", "1.162919325380345E-8", "2.158874192511655E-8", "-7.320746890086586E-9", "1.374767091970854E-9"]], "labels": ["e", "q", "tp", "node", "peri", "i"]}, "elements": [{"label": "e", "title": "eccentricity", "value": ".5640255333796944", "units": null, "sigma": "4.2231E-6", "name": "e"}, {"label": "a", "value": "1.214910579238882", "title": "semi-major axis", "units": "au", "sigma": "2.7309E-8", "name": "a"}, {"label": "q", "title": "perihelion distance", "value": ".5296699917750382", "units": "au", "name": "q", "sigma": "5.1189E-6"}, {"name": "i", "sigma": "3.6624E-5", "title": "inclination; angle with respect to x-y ecliptic plane", "value": "1.722009811985027", "units": "deg", "label": "i"}, {"title": "longitude of the ascending node", "value": "104.0686264267051", "units": "deg", "sigma": ".00071034", "name": "om", "label": "node"}, {"name": "w", "sigma": ".00070073", "units": "deg", "title": "argument of perihelion", "value": "356.529944984713", "label": "peri"}, {"value": "215.5878107179728", "title": "mean anomaly", "units": "deg", "sigma": ".00046196", "name": "ma", "label": "M"}, {"value": "2461396.707791216083", "title": "time of perihelion passage", "units": "TDB", "name": "tp", "sigma": ".00063356", "label": "tp"}, {"units": "d", "title": "sidereal orbital period", "value": "489.1194101340356", "name": "per", "sigma": "1.6492E-5", "label": "period"}, {"title": "mean motion", "value": ".7360165892851146", "units": "deg/d", "sigma": "2.4817E-8", "name": "n", "label": "n"}, {"value": "1.900151166702726", "title": "aphelion distance", "units": "au", "sigma": "4.2713E-8", "name": "ad", "label": "Q"}], "epoch": "2461200.5"}