{"spkid": "50137877", "covariance": {"epoch": "2459018.5", "labels": ["e", "q", "tp", "node", "peri", "i"], "elements": [{"name": "e", "sigma": 8.79365082020925e-09, "title": "eccentricity", "value": ".4695011943463407", "units": null, "label": "e"}, {"sigma": 1.71112523888223e-08, "name": "q", "units": "au", "title": "perihelion distance", "value": "1.031957105680258", "label": "q"}, {"name": "tp", "sigma": 5.74145576057644e-06, "title": "time of perihelion passage", "value": "2458542.958586212043", "units": "TDB", "label": "tp"}, {"value": "94.6291768758184", "title": "longitude of the ascending node", "units": "deg", "sigma": 3.84328293428389e-05, "name": "om", "label": "node"}, {"sigma": 4.02442147609512e-05, "name": "w", "value": "316.7814879855392", "title": "argument of perihelion", "units": "deg", "label": "peri"}, {"label": "i", "name": "i", "sigma": 1.33945991796995e-06, "units": "deg", "title": "inclination", "value": "1.967851732549613"}], "data": [["7.732829474776679E-17", "-1.504607250806039E-16", "2.202126138098854E-14", "-9.330526451222011E-14", "1.192500188786882E-13", "-2.877250618781176E-16"], ["-1.504607250806039E-16", "2.927949583139784E-16", "-4.288002422583129E-14", "1.817699989779386E-13", "-2.322771826977691E-13", "5.561598129791598E-16"], ["2.202126138098854E-14", "-4.288002422583129E-14", "3.296431425065644E-11", "-4.571486826222701E-11", "8.153048525011689E-11", "9.558572728142332E-13"], ["-9.330526451222011E-14", "1.817699989779386E-13", "-4.571486826222701E-11", "1.477082371295776E-9", "-1.528604966565285E-9", "-3.618449241792487E-11"], ["1.192500188786882E-13", "-2.322771826977691E-13", "8.153048525011689E-11", "-1.528604966565285E-9", "1.619596821725563E-9", "3.708083271184955E-11"], ["-2.877250618781176E-16", "5.561598129791598E-16", "9.558572728142332E-13", "-3.618449241792487E-11", "3.708083271184955E-11", "1.794152871848056E-12"]]}, "elements": [{"sigma": "8.8348E-9", "name": "e", "title": "eccentricity", "value": ".4695589067895347", "units": null, "label": "e"}, {"value": "1.947653612727211", "title": "semi-major axis", "units": "au", "name": "a", "sigma": "7.9765E-10", "label": "a"}, {"name": "q", "sigma": "1.7025E-8", "title": "perihelion distance", "value": "1.033115511530334", "units": "au", "label": "q"}, {"sigma": "1.3405E-6", "name": "i", "units": "deg", "title": "inclination; angle with respect to x-y ecliptic plane", "value": "1.974007904332344", "label": "i"}, {"label": "node", "name": "om", "sigma": "3.8229E-5", "value": "94.43177532302376", "title": "longitude of the ascending node", "units": "deg"}, {"name": "w", "sigma": "4.0063E-5", "units": "deg", "value": "317.041174132065", "title": "argument of perihelion", "label": "peri"}, {"sigma": "2.1348E-6", "name": "ma", "value": "244.2987549324394", "title": "mean anomaly", "units": "deg", "label": "M"}, {"units": "TDB", "value": "2461519.581437351511", "title": "time of perihelion passage", "sigma": "5.9357E-6", "name": "tp", "label": "tp"}, {"sigma": "6.099E-7", "name": "per", "units": "d", "value": "992.8096917148057", "title": "sidereal orbital period", "label": "period"}, {"sigma": "2.2276E-10", "name": "n", "units": "deg/d", "title": "mean motion", "value": ".3626072579712624", "label": "n"}, {"units": "au", "value": "2.862191713924088", "title": "aphelion distance", "sigma": "1.1722E-9", "name": "ad", "label": "Q"}], "epoch": "2461200.5"}