{"spkid": "50143104", "covariance": {"labels": ["e", "q", "tp", "node", "peri", "i"], "data": [["1.419978508258755E-16", "-2.550273751439254E-16", "4.790302790906104E-14", "-2.1182448021185E-14", "3.830957242569216E-14", "-5.700882245502141E-15"], ["-2.550273751439254E-16", "4.582476055697594E-16", "-8.611340457420541E-14", "3.696912208974373E-14", "-6.800473872654197E-14", "1.035832522881601E-14"], ["4.790302790906104E-14", "-8.611340457420541E-14", "8.572428542567549E-11", "-5.151818319228839E-12", "5.005236800114902E-11", "-8.152925792086616E-12"], ["-2.1182448021185E-14", "3.696912208974373E-14", "-5.151818319228839E-12", "1.235310885879076E-9", "-1.230264706550753E-9", "1.886737927710543E-10"], ["3.830957242569216E-14", "-6.800473872654197E-14", "5.005236800114902E-11", "-1.230264706550753E-9", "1.253010145297027E-9", "-1.918687465368254E-10"], ["-5.700882245502141E-15", "1.035832522881601E-14", "-8.152925792086616E-12", "1.886737927710543E-10", "-1.918687465368254E-10", "4.068935238905757E-11"]], "elements": [{"label": "e", "sigma": 1.19162851101287e-08, "name": "e", "units": null, "title": "eccentricity", "value": ".6037381219572636"}, {"label": "q", "units": "au", "title": "perihelion distance", "value": ".7193132917213959", "sigma": 2.14067187016077e-08, "name": "q"}, {"sigma": 9.25874102811368e-06, "name": "tp", "value": "2459811.837340332437", "title": "time of perihelion passage", "units": "TDB", "label": "tp"}, {"label": "node", "value": "204.5007404634595", "title": "longitude of the ascending node", "units": "deg", "name": "om", "sigma": 3.51469897129054e-05}, {"name": "w", "sigma": 3.539788334487e-05, "value": "299.2203105195615", "title": "argument of perihelion", "units": "deg", "label": "peri"}, {"title": "inclination", "value": "6.026037366975469", "units": "deg", "sigma": 6.37882061113632e-06, "name": "i", "label": "i"}], "epoch": "2459460.5"}, "elements": [{"label": "e", "value": ".6040158592303877", "title": "eccentricity", "units": null, "name": "e", "sigma": "1.1902E-8"}, {"label": "a", "title": "semi-major axis", "value": "1.814248685250739", "units": "au", "sigma": "1.2209E-9", "name": "a"}, {"title": "perihelion distance", "value": ".7184137067714126", "units": "au", "name": "q", "sigma": "2.1442E-8", "label": "q"}, {"sigma": "6.3838E-6", "name": "i", "value": "6.034361017056952", "title": "inclination; angle with respect to x-y ecliptic plane", "units": "deg", "label": "i"}, {"sigma": "3.5098E-5", "name": "om", "units": "deg", "value": "204.4048139936538", "title": "longitude of the ascending node", "label": "node"}, {"label": "peri", "sigma": "3.5354E-5", "name": "w", "units": "deg", "value": "299.3356554160422", "title": "argument of perihelion"}, {"name": "ma", "sigma": "3.8104E-6", "units": "deg", "value": "200.2124741765956", "title": "mean anomaly", "label": "M"}, {"label": "tp", "title": "time of perihelion passage", "value": "2461596.672224254783", "units": "TDB", "name": "tp", "sigma": "9.5221E-6"}, {"label": "period", "value": "892.5728087769889", "title": "sidereal orbital period", "units": "d", "sigma": "9.0102E-7", "name": "per"}, {"label": "n", "value": ".403328441624023", "title": "mean motion", "units": "deg/d", "sigma": "4.0714E-10", "name": "n"}, {"units": "au", "title": "aphelion distance", "value": "2.910083663730065", "name": "ad", "sigma": "1.9584E-9", "label": "Q"}], "epoch": "2461200.5"}