{"spkid": "50154545", "covariance": {"epoch": "2457186.5", "labels": ["e", "q", "tp", "node", "peri", "i"], "elements": [{"name": "e", "sigma": 1.55361963584819e-07, "value": ".4782870642700593", "title": "eccentricity", "units": null, "label": "e"}, {"label": "q", "sigma": 2.90449392642545e-07, "name": "q", "units": "au", "value": ".9791044042319895", "title": "perihelion distance"}, {"label": "tp", "units": "TDB", "title": "time of perihelion passage", "value": "2457464.320124211110", "sigma": 9.29360176135049e-05, "name": "tp"}, {"units": "deg", "value": "247.0681658899968", "title": "longitude of the ascending node", "sigma": 3.51673792732995e-05, "name": "om", "label": "node"}, {"sigma": 0.000102605515566014, "name": "w", "units": "deg", "value": "335.5401326294368", "title": "argument of perihelion", "label": "peri"}, {"label": "i", "sigma": 1.33804914766248e-05, "name": "i", "units": "deg", "title": "inclination", "value": "2.299498916527138"}], "data": [["2.413733972893077E-14", "-4.512477588900743E-14", "-1.438607912147314E-11", "-2.147682582630988E-12", "-1.532004007988088E-11", "5.581173002615034E-13"], ["-4.512477588900743E-14", "8.436084968642307E-14", "2.689579910610179E-11", "4.018848007932489E-12", "2.863784512241564E-11", "-1.042715364136156E-12"], ["-1.438607912147314E-11", "2.689579910610179E-11", "8.6371033698577E-9", "1.464374431572995E-9", "8.995897150826293E-9", "-3.046851575044129E-10"], ["-2.147682582630988E-12", "4.018848007932489E-12", "1.464374431572995E-9", "1.236744564952097E-9", "4.578592947445994E-10", "2.831466697225569E-10"], ["-1.532004007988088E-11", "2.863784512241564E-11", "8.995897150826293E-9", "4.578592947445994E-10", "1.052789182456745E-8", "-6.661376486344234E-10"], ["5.581173002615034E-13", "-1.042715364136156E-12", "-3.046851575044129E-10", "2.831466697225569E-10", "-6.661376486344234E-10", "1.790375521560298E-10"]]}, "elements": [{"label": "e", "units": null, "value": ".4712772832466391", "title": "eccentricity", "name": "e", "sigma": "2.0549E-7"}, {"label": "a", "value": "1.847383769590722", "title": "semi-major axis", "units": "au", "sigma": "2.4914E-7", "name": "a"}, {"label": "q", "units": "au", "value": ".9767537655440715", "title": "perihelion distance", "name": "q", "sigma": "2.7113E-7"}, {"title": "inclination; angle with respect to x-y ecliptic plane", "value": "2.220212624802339", "units": "deg", "name": "i", "sigma": "1.5141E-5", "label": "i"}, {"sigma": "3.572E-5", "name": "om", "units": "deg", "title": "longitude of the ascending node", "value": "246.7999874256689", "label": "node"}, {"value": "334.4050158842749", "title": "argument of perihelion", "units": "deg", "sigma": "9.0264E-5", "name": "w", "label": "peri"}, {"label": "M", "name": "ma", "sigma": ".00024585", "units": "deg", "value": "10.44040623374076", "title": "mean anomaly"}, {"label": "tp", "sigma": ".00062096", "name": "tp", "units": "TDB", "title": "time of perihelion passage", "value": "2461173.901998325076"}, {"label": "period", "sigma": ".00018553", "name": "per", "value": "917.1367845848486", "title": "sidereal orbital period", "units": "d"}, {"label": "n", "name": "n", "sigma": "7.9404E-8", "units": "deg/d", "value": ".3925259634667884", "title": "mean motion"}, {"label": "Q", "units": "au", "title": "aphelion distance", "value": "2.718013773637373", "sigma": "3.6655E-7", "name": "ad"}], "epoch": "2461200.5"}