{"spkid": "50156325", "covariance": {"data": [["1.102954249302568E-15", "-1.011997392854607E-15", "-3.052595963356883E-13", "-2.235784007497324E-12", "1.816175539865166E-12", "-1.248681359309526E-14", "-2.525382969731492E-22"], ["-1.011997392854607E-15", "9.440739603195136E-16", "1.934230171227054E-13", "2.13993329381784E-12", "-1.778707180321081E-12", "1.193097517521804E-14", "2.844217184326221E-22"], ["-3.052595963356883E-13", "1.934230171227054E-13", "5.953749000972668E-10", "5.840939456703972E-10", "-3.123102720232187E-10", "7.252218030017841E-12", "-2.266084095370612E-19"], ["-2.235784007497324E-12", "2.13993329381784E-12", "5.840939456703972E-10", "1.020855769727411E-7", "-1.010794796385441E-7", "1.109971516794703E-9", "6.650488269820809E-19"], ["1.816175539865166E-12", "-1.778707180321081E-12", "-3.123102720232187E-10", "-1.010794796385441E-7", "1.002889010834261E-7", "-1.101549031891863E-9", "-6.515754215231759E-19"], ["-1.248681359309526E-14", "1.193097517521804E-14", "7.252218030017841E-12", "1.109971516794703E-9", "-1.101549031891863E-9", "1.244527240023568E-11", "2.739027097969146E-21"], ["-2.525382969731492E-22", "2.844217184326221E-22", "-2.266084095370612E-19", "6.650488269820809E-19", "-6.515754215231759E-19", "2.739027097969146E-21", "2.370524712626257E-28"]], "elements": [{"title": "eccentricity", "value": ".2094853191885642", "units": null, "sigma": 3.32107550245785e-08, "name": "e", "label": "e"}, {"label": "q", "sigma": 3.07257865695821e-08, "name": "q", "value": ".6773264229920199", "title": "perihelion distance", "units": "au"}, {"label": "tp", "value": "2459881.755379429500", "title": "time of perihelion passage", "units": "TDB", "sigma": 2.44003053279517e-05, "name": "tp"}, {"label": "node", "sigma": 0.000319508336311811, "name": "om", "units": "deg", "value": "214.5816154373784", "title": "longitude of the ascending node"}, {"label": "peri", "name": "w", "sigma": 0.000316684229293828, "units": "deg", "value": "211.7187939492681", "title": "argument of perihelion"}, {"sigma": 3.5277857645038e-06, "name": "i", "title": "inclination", "value": ".66031610446823", "units": "deg", "label": "i"}], "labels": ["e", "q", "tp", "node", "peri", "i", "A2"], "epoch": "2459905.5"}, "elements": [{"label": "e", "value": ".2109227842065847", "title": "eccentricity", "units": null, "name": "e", "sigma": "3.1855E-8"}, {"title": "semi-major axis", "value": ".8557687425660719", "units": "au", "sigma": "8.4644E-9", "name": "a", "label": "a"}, {"name": "q", "sigma": "2.9971E-8", "value": ".675267616747068", "title": "perihelion distance", "units": "au", "label": "q"}, {"sigma": "3.4872E-6", "name": "i", "value": ".6588104951145252", "title": "inclination; angle with respect to x-y ecliptic plane", "units": "deg", "label": "i"}, {"value": "213.5653389909168", "title": "longitude of the ascending node", "units": "deg", "sigma": ".00032581", "name": "om", "label": "node"}, {"name": "w", "sigma": ".00032309", "title": "argument of perihelion", "value": "212.3876328640031", "units": "deg", "label": "peri"}, {"sigma": "2.2441E-5", "name": "ma", "units": "deg", "title": "mean anomaly", "value": "199.2102890227936", "label": "M"}, {"units": "TDB", "value": "2461329.648334550148", "title": "time of perihelion passage", "name": "tp", "sigma": "1.7914E-5", "label": "tp"}, {"label": "period", "value": "289.1565645307007", "title": "sidereal orbital period", "units": "d", "name": "per", "sigma": "4.2901E-6"}, {"label": "n", "units": "deg/d", "title": "mean motion", "value": "1.245000266842559", "sigma": "1.8471E-8", "name": "n"}, {"label": "Q", "title": "aphelion distance", "value": "1.036269868385076", "units": "au", "name": "ad", "sigma": "1.025E-8"}], "epoch": "2461200.5"}