{"spkid": "50159909", "covariance": {"epoch": "2456042.5", "labels": ["e", "q", "tp", "node", "peri", "i"], "elements": [{"sigma": 1.78075264639229e-08, "name": "e", "units": null, "title": "eccentricity", "value": ".6279093647494426", "label": "e"}, {"label": "q", "sigma": 6.07459732744761e-08, "name": "q", "units": "au", "value": "1.044637510557284", "title": "perihelion distance"}, {"label": "tp", "title": "time of perihelion passage", "value": "2456314.478690569030", "units": "TDB", "name": "tp", "sigma": 8.58598235902038e-05}, {"sigma": 2.26144823320927e-05, "name": "om", "units": "deg", "value": "174.0516535850912", "title": "longitude of the ascending node", "label": "node"}, {"sigma": 3.3101762309023e-05, "name": "w", "units": "deg", "value": "161.7650003583188", "title": "argument of perihelion", "label": "peri"}, {"label": "i", "sigma": 4.88989308607036e-06, "name": "i", "units": "deg", "title": "inclination", "value": "2.434527404960554"}], "data": [["3.171079987633155E-16", "-1.068857798716532E-15", "-1.109099302489069E-12", "-8.041756584128881E-14", "-2.14796551674372E-13", "-3.223923456263359E-14"], ["-1.068857798716532E-15", "3.690073269063365E-15", "4.287492603283383E-12", "2.1921131352219E-13", "9.152103709531131E-13", "1.175757728577665E-13"], ["-1.109099302489069E-12", "4.287492603283383E-12", "7.371909306940924E-9", "-5.403829663747135E-11", "2.007868709572196E-9", "1.674645452530181E-10"], ["-8.041756584128881E-14", "2.1921131352219E-13", "-5.403829663747135E-11", "5.114148111485328E-10", "-5.295045763511014E-10", "-7.026811475914405E-11"], ["-2.14796551674372E-13", "9.152103709531131E-13", "2.007868709572196E-9", "-5.295045763511014E-10", "1.095726667963054E-9", "1.129395609861654E-10"], ["-3.223923456263359E-14", "1.175757728577665E-13", "1.674645452530181E-10", "-7.026811475914405E-11", "1.129395609861654E-10", "2.391105439319871E-11"]]}, "elements": [{"label": "e", "title": "eccentricity", "value": ".6413167221634638", "units": null, "name": "e", "sigma": "2.0339E-8"}, {"label": "a", "sigma": "3.885E-8", "name": "a", "value": "2.776254320198408", "title": "semi-major axis", "units": "au"}, {"units": "au", "value": ".9957959996766096", "title": "perihelion distance", "name": "q", "sigma": "6.8277E-8", "label": "q"}, {"sigma": "4.912E-6", "name": "i", "value": "2.656478147833577", "title": "inclination; angle with respect to x-y ecliptic plane", "units": "deg", "label": "i"}, {"label": "node", "units": "deg", "title": "longitude of the ascending node", "value": "172.3508432172825", "sigma": "2.0294E-5", "name": "om"}, {"name": "w", "sigma": "2.6403E-5", "title": "argument of perihelion", "value": "164.1139870287857", "units": "deg", "label": "peri"}, {"label": "M", "name": "ma", "sigma": "3.5016E-5", "value": "315.2758700453941", "title": "mean anomaly", "units": "deg"}, {"value": "2461410.406891818175", "title": "time of perihelion passage", "units": "TDB", "name": "tp", "sigma": ".00016874", "label": "tp"}, {"value": "1689.613216204351", "title": "sidereal orbital period", "units": "d", "sigma": "3.5466E-5", "name": "per", "label": "period"}, {"name": "n", "sigma": "4.4723E-9", "units": "deg/d", "value": ".2130665151925869", "title": "mean motion", "label": "n"}, {"value": "4.556712640720208", "title": "aphelion distance", "units": "au", "name": "ad", "sigma": "6.3765E-8", "label": "Q"}], "epoch": "2461200.5"}