{"spkid": "50153539", "covariance": {"elements": [{"label": "e", "units": null, "value": ".2107002679070676", "title": "eccentricity", "sigma": 3.08547386597731e-08, "name": "e"}, {"sigma": 3.99309710676191e-08, "name": "q", "units": "au", "value": "1.016776876587818", "title": "perihelion distance", "label": "q"}, {"label": "tp", "sigma": 2.20683663708082e-05, "name": "tp", "value": "2456476.902096370651", "title": "time of perihelion passage", "units": "TDB"}, {"label": "node", "units": "deg", "title": "longitude of the ascending node", "value": "215.4950663102791", "sigma": 3.99246016655973e-06, "name": "om"}, {"value": "339.0181751393945", "title": "argument of perihelion", "units": "deg", "name": "w", "sigma": 2.17984070736677e-05, "label": "peri"}, {"units": "deg", "title": "inclination", "value": "26.19051315830542", "sigma": 2.45780425629102e-05, "name": "i", "label": "i"}], "data": [["9.520148977628985E-16", "-1.231686535273131E-15", "-3.487763825610569E-13", "-2.987819955064608E-14", "-3.495459006456465E-13", "1.109217038753093E-13"], ["-1.231686535273131E-15", "1.594482450403031E-15", "4.585043154837007E-13", "3.802190987199222E-14", "4.553060337912991E-13", "-1.411958807017785E-13"], ["-3.487763825610569E-13", "4.585043154837007E-13", "4.870127942762185E-10", "-4.528450884290565E-12", "4.614479471152818E-10", "2.010293330478423E-11"], ["-2.987819955064608E-14", "3.802190987199222E-14", "-4.528450884290565E-12", "1.593973818156618E-11", "-1.810702902789319E-11", "5.140058514354147E-11"], ["-3.495459006456465E-13", "4.553060337912991E-13", "4.614479471152818E-10", "-1.810702902789319E-11", "4.751705509493262E-10", "-2.521391841892111E-11"], ["1.109217038753093E-13", "-1.411958807017785E-13", "2.010293330478423E-11", "5.140058514354147E-11", "-2.521391841892111E-11", "6.04080176224223E-10"]], "labels": ["e", "q", "tp", "node", "peri", "i"], "epoch": "2456483.5"}, "elements": [{"units": null, "value": ".2109445998164202", "title": "eccentricity", "sigma": "3.09E-8", "name": "e", "label": "e"}, {"units": "au", "value": "1.288574493183634", "title": "semi-major axis", "name": "a", "sigma": "5.74E-10", "label": "a"}, {"label": "q", "sigma": "3.99E-8", "name": "q", "value": "1.016756662385366", "title": "perihelion distance", "units": "au"}, {"name": "i", "sigma": "2.458E-5", "value": "26.18937519191954", "title": "inclination; angle with respect to x-y ecliptic plane", "units": "deg", "label": "i"}, {"label": "node", "name": "om", "sigma": "4.0103E-6", "units": "deg", "value": "215.441936157705", "title": "longitude of the ascending node"}, {"sigma": "2.178E-5", "name": "w", "units": "deg", "title": "argument of perihelion", "value": "339.0989554959475", "label": "peri"}, {"label": "M", "value": "303.5933822585949", "title": "mean anomaly", "units": "deg", "name": "ma", "sigma": "1.6722E-5"}, {"label": "tp", "name": "tp", "sigma": "2.4842E-5", "title": "time of perihelion passage", "value": "2461284.212494039321", "units": "TDB"}, {"label": "period", "name": "per", "sigma": "3.5699E-7", "units": "d", "value": "534.2723790374313", "title": "sidereal orbital period"}, {"label": "n", "title": "mean motion", "value": ".673813609171771", "units": "deg/d", "sigma": "4.5023E-10", "name": "n"}, {"value": "1.560392323981902", "title": "aphelion distance", "units": "au", "sigma": "6.9509E-10", "name": "ad", "label": "Q"}], "epoch": "2461200.5"}