{"spkid": "50150794", "covariance": {"epoch": "2455940.5", "elements": [{"sigma": 4.70727724267266e-08, "name": "e", "value": ".6865231211768414", "title": "eccentricity", "units": null, "label": "e"}, {"name": "q", "sigma": 1.10543373733045e-07, "units": "au", "title": "perihelion distance", "value": ".7521513365821745", "label": "q"}, {"value": "2455487.887973484969", "title": "time of perihelion passage", "units": "TDB", "name": "tp", "sigma": 1.32263754546233e-05, "label": "tp"}, {"label": "node", "units": "deg", "value": "151.9837731999664", "title": "longitude of the ascending node", "name": "om", "sigma": 1.37129306674794e-05}, {"label": "peri", "title": "argument of perihelion", "value": "109.9328909238741", "units": "deg", "name": "w", "sigma": 1.5695505743997e-05}, {"name": "i", "sigma": 2.06776182514339e-05, "units": "deg", "title": "inclination", "value": "20.26327366094181", "label": "i"}], "data": [["2.215845903938391E-15", "-5.203057932415898E-15", "-2.342870002230335E-13", "-6.18269488217149E-14", "-4.304032279833571E-13", "-3.629046778715231E-13"], ["-5.203057932415898E-15", "1.221983747628368E-14", "5.617874068145131E-13", "1.444244552206862E-13", "1.015765389540802E-12", "8.461396934339182E-13"], ["-2.342870002230335E-13", "5.617874068145131E-13", "1.749370076666623E-10", "2.286445539068111E-11", "1.014995935749536E-10", "1.553536288852645E-11"], ["-6.18269488217149E-14", "1.444244552206862E-13", "2.286445539068111E-11", "1.880444674910973E-10", "-1.354651467120076E-10", "2.145183399726513E-10"], ["-4.304032279833571E-13", "1.015765389540802E-12", "1.014995935749536E-10", "-1.354651467120076E-10", "2.463489005598413E-10", "-9.697395894382854E-11"], ["-3.629046778715231E-13", "8.461396934339182E-13", "1.553536288852645E-11", "2.145183399726513E-10", "-9.697395894382854E-11", "4.275638965520304E-10"]], "labels": ["e", "q", "tp", "node", "peri", "i"]}, "elements": [{"label": "e", "sigma": "4.9173E-8", "name": "e", "units": null, "title": "eccentricity", "value": ".689811129854689"}, {"label": "a", "units": "au", "title": "semi-major axis", "value": "2.390015680309925", "name": "a", "sigma": "8.7282E-9"}, {"label": "q", "title": "perihelion distance", "value": ".7413562635049125", "units": "au", "name": "q", "sigma": "1.1725E-7"}, {"label": "i", "name": "i", "sigma": "2.0609E-5", "units": "deg", "value": "20.40356218554629", "title": "inclination; angle with respect to x-y ecliptic plane"}, {"name": "om", "sigma": "1.4443E-5", "title": "longitude of the ascending node", "value": "151.2125588955876", "units": "deg", "label": "node"}, {"label": "peri", "title": "argument of perihelion", "value": "110.6811198228319", "units": "deg", "sigma": "1.5584E-5", "name": "w"}, {"sigma": "8.2948E-6", "name": "ma", "units": "deg", "value": "80.51252824574176", "title": "mean anomaly", "label": "M"}, {"sigma": "2.9694E-5", "name": "tp", "value": "2460898.671311931522", "title": "time of perihelion passage", "units": "TDB", "label": "tp"}, {"title": "sidereal orbital period", "value": "1349.582854645964", "units": "d", "name": "per", "sigma": "7.3929E-6", "label": "period"}, {"label": "n", "sigma": "1.4612E-9", "name": "n", "units": "deg/d", "title": "mean motion", "value": ".266749091217848"}, {"sigma": "1.4749E-8", "name": "ad", "units": "au", "value": "4.038675097114937", "title": "aphelion distance", "label": "Q"}], "epoch": "2461200.5"}