{"spkid": "50151678", "covariance": {"epoch": "2458194.5", "elements": [{"name": "e", "sigma": 3.14548037153938e-07, "title": "eccentricity", "value": ".5821442189724018", "units": null, "label": "e"}, {"units": "au", "title": "perihelion distance", "value": ".3050351332492051", "sigma": 2.30001677102884e-07, "name": "q", "label": "q"}, {"label": "tp", "units": "TDB", "value": "2458126.691578254325", "title": "time of perihelion passage", "sigma": 4.59043659976109e-05, "name": "tp"}, {"label": "node", "sigma": 3.37949479889673e-05, "name": "om", "value": "359.2839210949184", "title": "longitude of the ascending node", "units": "deg"}, {"label": "peri", "title": "argument of perihelion", "value": "29.57175225076053", "units": "deg", "sigma": 2.57972520537214e-05, "name": "w"}, {"label": "i", "sigma": 1.82892033763213e-05, "name": "i", "units": "deg", "title": "inclination", "value": "6.604995999575696"}], "data": [["9.894046767739494E-14", "-7.234640406360738E-14", "1.384953461191464E-11", "7.949065000354984E-12", "-3.692413433629005E-12", "4.616395076822667E-12", "-2.079769463322044E-22"], ["-7.234640406360738E-14", "5.290077147013918E-14", "-1.012235315777996E-11", "-5.807105356857735E-12", "2.697216601532849E-12", "-3.37400308739526E-12", "1.529501527021806E-22"], ["1.384953461191464E-11", "-1.012235315777996E-11", "2.107210817642613E-9", "1.108330527082622E-9", "-4.180314585072082E-10", "6.211282614710386E-10", "-1.966937877692409E-20"], ["7.949065000354984E-12", "-5.807105356857735E-12", "1.108330527082622E-9", "1.142098509577006E-9", "-7.840121732618285E-10", "5.795573644303186E-10", "1.604762182917132E-20"], ["-3.692413433629005E-12", "2.697216601532849E-12", "-4.180314585072082E-10", "-7.840121732618285E-10", "6.654982135232312E-10", "-3.883030410839166E-10", "-1.710175925195359E-20"], ["4.616395076822667E-12", "-3.37400308739526E-12", "6.211282614710386E-10", "5.795573644303186E-10", "-3.883030410839166E-10", "3.34494960140441E-10", "1.716870155272907E-21"], ["-2.079769463322044E-22", "1.529501527021806E-22", "-1.966937877692409E-20", "1.604762182917132E-20", "-1.710175925195359E-20", "1.716870155272907E-21", "1.387415818881933E-29"]], "labels": ["e", "q", "tp", "node", "peri", "i", "A2"]}, "elements": [{"units": null, "value": ".5820771520064114", "title": "eccentricity", "name": "e", "sigma": "3.144E-7", "label": "e"}, {"label": "a", "sigma": "3.4293E-9", "name": "a", "value": ".7299687171623794", "title": "semi-major axis", "units": "au"}, {"label": "q", "name": "q", "sigma": "2.3032E-7", "title": "perihelion distance", "value": ".3050706052227279", "units": "au"}, {"value": "6.594880558734934", "title": "inclination; angle with respect to x-y ecliptic plane", "units": "deg", "sigma": "1.8272E-5", "name": "i", "label": "i"}, {"sigma": "3.4327E-5", "name": "om", "title": "longitude of the ascending node", "value": "359.0862415132121", "units": "deg", "label": "node"}, {"value": "29.74551867030222", "title": "argument of perihelion", "units": "deg", "sigma": "2.6259E-5", "name": "w", "label": "peri"}, {"value": "178.2989119787874", "title": "mean anomaly", "units": "deg", "name": "ma", "sigma": "6.3502E-5", "label": "M"}, {"label": "tp", "sigma": "4.0319E-5", "name": "tp", "title": "time of perihelion passage", "value": "2461087.676130038707", "units": "TDB"}, {"label": "period", "title": "sidereal orbital period", "value": "227.8005666736645", "units": "d", "sigma": "1.6053E-6", "name": "per"}, {"label": "n", "sigma": "1.1136E-8", "name": "n", "value": "1.580329694770767", "title": "mean motion", "units": "deg/d"}, {"value": "1.154866829102031", "title": "aphelion distance", "units": "au", "sigma": "5.4254E-9", "name": "ad", "label": "Q"}], "epoch": "2461200.5"}