{"spkid": "50160764", "covariance": {"epoch": "2453769.5", "labels": ["e", "q", "tp", "node", "peri", "i"], "elements": [{"name": "e", "sigma": 4.66994127629167e-08, "title": "eccentricity", "value": ".5717192932850088", "units": null, "label": "e"}, {"units": "au", "value": ".8266586109587815", "title": "perihelion distance", "name": "q", "sigma": 8.86166453399331e-08, "label": "q"}, {"units": "TDB", "value": "2453942.240795341437", "title": "time of perihelion passage", "name": "tp", "sigma": 7.49377628542169e-06, "label": "tp"}, {"label": "node", "units": "deg", "title": "longitude of the ascending node", "value": "198.6505936735832", "sigma": 2.08371895112666e-05, "name": "om"}, {"value": "234.2518260171359", "title": "argument of perihelion", "units": "deg", "sigma": 2.1090598536437e-05, "name": "w", "label": "peri"}, {"label": "i", "sigma": 9.55162559134187e-06, "name": "i", "value": "5.507419404552279", "title": "inclination", "units": "deg"}], "data": [["2.180835152401269E-15", "-4.13806366839294E-15", "3.36447761157584E-13", "2.233866970392311E-13", "3.665741412278363E-13", "-1.378333664949707E-13"], ["-4.13806366839294E-15", "7.852909831303489E-15", "-6.365546243132222E-13", "-4.233679249495688E-13", "-6.962006450126187E-13", "2.612863078244397E-13"], ["3.36447761157584E-13", "-6.365546243132222E-13", "5.615668301594849E-11", "3.998050843287009E-11", "5.222292632853753E-11", "-2.853115488588639E-11"], ["2.233866970392311E-13", "-4.233679249495688E-13", "3.998050843287009E-11", "4.341884667284403E-10", "-3.586381034565844E-10", "-1.607315417129152E-10"], ["3.665741412278363E-13", "-6.962006450126187E-13", "5.222292632853753E-11", "-3.586381034565844E-10", "4.44813346625157E-10", "1.118654580203109E-10"], ["-1.378333664949707E-13", "2.612863078244397E-13", "-2.853115488588639E-11", "-1.607315417129152E-10", "1.118654580203109E-10", "9.123355143717691E-11"]]}, "elements": [{"label": "e", "sigma": "4.7041E-8", "name": "e", "units": null, "title": "eccentricity", "value": ".5716343520266061"}, {"label": "a", "units": "au", "value": "1.930926399244294", "title": "semi-major axis", "name": "a", "sigma": "3.9997E-9"}, {"name": "q", "sigma": "8.9546E-8", "units": "au", "value": ".8271425382012143", "title": "perihelion distance", "label": "q"}, {"label": "i", "units": "deg", "title": "inclination; angle with respect to x-y ecliptic plane", "value": "5.491528569712163", "name": "i", "sigma": "9.5151E-6"}, {"units": "deg", "value": "198.1475446718794", "title": "longitude of the ascending node", "sigma": "2.0846E-5", "name": "om", "label": "node"}, {"label": "peri", "name": "w", "sigma": "2.1186E-5", "title": "argument of perihelion", "value": "234.9412008304031", "units": "deg"}, {"label": "M", "units": "deg", "title": "mean anomaly", "value": "146.0818019676195", "name": "ma", "sigma": "1.0412E-5"}, {"units": "TDB", "value": "2460802.813705826943", "title": "time of perihelion passage", "name": "tp", "sigma": "2.714E-5", "label": "tp"}, {"name": "per", "sigma": "3.0451E-6", "units": "d", "title": "sidereal orbital period", "value": "980.0472336317073", "label": "period"}, {"label": "n", "sigma": "1.1413E-9", "name": "n", "units": "deg/d", "title": "mean motion", "value": ".3673292343941095"}, {"units": "au", "title": "aphelion distance", "value": "3.034710260287373", "sigma": "6.286E-9", "name": "ad", "label": "Q"}], "epoch": "2461200.5"}