{"spkid": "50160873", "covariance": {"labels": ["e", "q", "tp", "node", "peri", "i"], "elements": [{"title": "eccentricity", "value": ".6473075404265722", "units": null, "sigma": 4.72012138770611e-08, "name": "e", "label": "e"}, {"title": "perihelion distance", "value": ".8281996560084978", "units": "au", "sigma": 1.13606228561283e-07, "name": "q", "label": "q"}, {"label": "tp", "sigma": 4.02988401656638e-05, "name": "tp", "units": "TDB", "title": "time of perihelion passage", "value": "2458118.266185345965"}, {"label": "node", "title": "longitude of the ascending node", "value": "1.030523603877894", "units": "deg", "name": "om", "sigma": 0.000160696211403416}, {"label": "peri", "units": "deg", "value": "320.945628607148", "title": "argument of perihelion", "name": "w", "sigma": 0.000155740288197544}, {"value": "4.286920872921208", "title": "inclination", "units": "deg", "name": "i", "sigma": 1.33883497730856e-05, "label": "i"}], "data": [["2.227954591468061E-15", "-5.361543174810855E-15", "-1.264668890359393E-12", "-1.370878644631087E-12", "9.950876219011078E-13", "-1.86428515014789E-13"], ["-5.361543174810855E-15", "1.290637516791842E-14", "3.073431610114375E-12", "3.332213297718982E-12", "-2.415114395018549E-12", "4.540197609014744E-13"], ["-1.264668890359393E-12", "3.073431610114375E-12", "1.623996518697721E-9", "2.287188132250523E-9", "-1.668529731564646E-9", "2.481742782457835E-10"], ["-1.370878644631087E-12", "3.332213297718982E-12", "2.287188132250523E-9", "2.582327235941146E-8", "-2.490419116579145E-8", "1.888441216321983E-9"], ["9.950876219011078E-13", "-2.415114395018549E-12", "-1.668529731564646E-9", "-2.490419116579145E-8", "2.42550373678542E-8", "-1.794673230084329E-9"], ["-1.86428515014789E-13", "4.540197609014744E-13", "2.481742782457835E-10", "1.888441216321983E-9", "-1.794673230084329E-9", "1.792479096464823E-10"]], "epoch": "2457856.5"}, "elements": [{"name": "e", "sigma": "4.7401E-8", "units": null, "value": ".647640642411452", "title": "eccentricity", "label": "e"}, {"label": "a", "value": "2.350960204639606", "title": "semi-major axis", "units": "au", "sigma": "7.5342E-9", "name": "a"}, {"sigma": "1.1341E-7", "name": "q", "title": "perihelion distance", "value": ".8283828274230528", "units": "au", "label": "q"}, {"label": "i", "sigma": "1.3384E-5", "name": "i", "units": "deg", "value": "4.295162009021029", "title": "inclination; angle with respect to x-y ecliptic plane"}, {"label": "node", "sigma": ".00016003", "name": "om", "units": "deg", "value": ".679388938573617", "title": "longitude of the ascending node"}, {"label": "peri", "sigma": ".00015509", "name": "w", "units": "deg", "value": "321.3871853867809", "title": "argument of perihelion"}, {"name": "ma", "sigma": "1.4343E-5", "title": "mean anomaly", "value": "124.256885483662", "units": "deg", "label": "M"}, {"label": "tp", "sigma": "5.1142E-5", "name": "tp", "title": "time of perihelion passage", "value": "2460746.051884841288", "units": "TDB"}, {"label": "period", "name": "per", "sigma": "6.3292E-6", "units": "d", "value": "1316.637873388897", "title": "sidereal orbital period"}, {"label": "n", "name": "n", "sigma": "1.3144E-9", "units": "deg/d", "title": "mean motion", "value": ".2734237008338484"}, {"units": "au", "title": "aphelion distance", "value": "3.873537581856159", "name": "ad", "sigma": "1.2414E-8", "label": "Q"}], "epoch": "2461200.5"}