{"spkid": "50172336", "covariance": {"labels": ["e", "q", "tp", "node", "peri", "i"], "data": [["4.04273881960698E-14", "-7.903562141788144E-14", "2.611399495073761E-12", "-9.009795637005857E-12", "1.528608866316319E-11", "-2.657811478586781E-12"], ["-7.903562141788144E-14", "1.54515481035948E-13", "-5.116047488012607E-12", "1.762246831699301E-11", "-2.990456910579868E-11", "5.1942193393183E-12"], ["2.611399495073761E-12", "-5.116047488012607E-12", "6.121992958096348E-10", "-8.172920140964256E-10", "1.660184488098913E-9", "-1.111166767839198E-10"], ["-9.009795637005857E-12", "1.762246831699301E-11", "-8.172920140964256E-10", "3.051942016419001E-9", "-4.684514365418134E-9", "6.852059606248681E-10"], ["1.528608866316319E-11", "-2.990456910579868E-11", "1.660184488098913E-9", "-4.684514365418134E-9", "7.736114372701783E-9", "-1.03404669979307E-9"], ["-2.657811478586781E-12", "5.1942193393183E-12", "-1.111166767839198E-10", "6.852059606248681E-10", "-1.03404669979307E-9", "2.576164820705455E-10"]], "elements": [{"value": ".5630303253870875", "title": "eccentricity", "units": null, "sigma": 2.01065631563601e-07, "name": "e", "label": "e"}, {"label": "q", "units": "au", "value": ".8366061768403236", "title": "perihelion distance", "sigma": 3.93084572370817e-07, "name": "q"}, {"sigma": 2.47426614536439e-05, "name": "tp", "units": "TDB", "title": "time of perihelion passage", "value": "2457809.185795081432", "label": "tp"}, {"label": "node", "sigma": 5.52443844785966e-05, "name": "om", "title": "longitude of the ascending node", "value": "300.0327558191622", "units": "deg"}, {"label": "peri", "value": "109.8841357535404", "title": "argument of perihelion", "units": "deg", "sigma": 8.79551838876014e-05, "name": "w"}, {"label": "i", "value": "6.181497231130325", "title": "inclination", "units": "deg", "name": "i", "sigma": 1.60504355726113e-05}], "epoch": "2457579.5"}, "elements": [{"label": "e", "title": "eccentricity", "value": ".5627682028843547", "units": null, "name": "e", "sigma": "2.0314E-7"}, {"sigma": "1.9846E-8", "name": "a", "value": "1.91380770301271", "title": "semi-major axis", "units": "au", "label": "a"}, {"label": "q", "sigma": "3.9742E-7", "name": "q", "title": "perihelion distance", "value": ".8367775813220124", "units": "au"}, {"label": "i", "units": "deg", "value": "6.191561284904966", "title": "inclination; angle with respect to x-y ecliptic plane", "name": "i", "sigma": "1.6037E-5"}, {"units": "deg", "value": "299.6548599674483", "title": "longitude of the ascending node", "sigma": "5.55E-5", "name": "om", "label": "node"}, {"units": "deg", "title": "argument of perihelion", "value": "110.4076780145237", "sigma": "8.8292E-5", "name": "w", "label": "peri"}, {"value": "181.774215959817", "title": "mean anomaly", "units": "deg", "name": "ma", "sigma": "1.6079E-5", "label": "M"}, {"title": "time of perihelion passage", "value": "2461679.255644619576", "units": "TDB", "sigma": "4.9938E-5", "name": "tp", "label": "tp"}, {"label": "period", "sigma": "1.5043E-5", "name": "per", "title": "sidereal orbital period", "value": "967.0431974320214", "units": "d"}, {"label": "n", "name": "n", "sigma": "5.7907E-9", "value": ".372268788980656", "title": "mean motion", "units": "deg/d"}, {"units": "au", "title": "aphelion distance", "value": "2.990837824703408", "sigma": "3.1015E-8", "name": "ad", "label": "Q"}], "epoch": "2461200.5"}