{"spkid": "50172350", "covariance": {"epoch": "2458253.5", "elements": [{"name": "e", "sigma": 6.11635200165041e-06, "value": ".3284172097889234", "title": "eccentricity", "units": null, "label": "e"}, {"label": "q", "units": "au", "value": ".8504022167436985", "title": "perihelion distance", "sigma": 7.76964618266654e-06, "name": "q"}, {"sigma": 0.000518329042388053, "name": "tp", "units": "TDB", "title": "time of perihelion passage", "value": "2458159.255682579958", "label": "tp"}, {"label": "node", "value": "309.5871837311087", "title": "longitude of the ascending node", "units": "deg", "sigma": 0.000138929853286084, "name": "om"}, {"label": "peri", "title": "argument of perihelion", "value": "83.2427483925583", "units": "deg", "name": "w", "sigma": 0.000686881551425179}, {"units": "deg", "title": "inclination", "value": "4.359877762985791", "name": "i", "sigma": 3.97051471811765e-05, "label": "i"}], "data": [["3.740976180809301E-11", "-4.752183315870645E-11", "1.0234274240793E-11", "-6.908293638858646E-10", "-3.494213921322667E-9", "2.402631394564661E-11"], ["-4.752183315870645E-11", "6.036740180382475E-11", "-6.73195766028653E-12", "8.768126287730331E-10", "4.443283223265525E-9", "-3.095809665548792E-11"], ["1.0234274240793E-11", "-6.73195766028653E-12", "2.686649961829157E-7", "-3.256033054383608E-8", "1.948876305760923E-7", "-1.884077907968785E-8"], ["-6.908293638858646E-10", "8.768126287730331E-10", "-3.256033054383608E-8", "1.930150413409272E-8", "3.828662372065866E-8", "1.76918209978345E-9"], ["-3.494213921322667E-9", "4.443283223265525E-9", "1.948876305760923E-7", "3.828662372065866E-8", "4.718062656882605E-7", "-1.59221846784895E-8"], ["2.402631394564661E-11", "-3.095809665548792E-11", "-1.884077907968785E-8", "1.76918209978345E-9", "-1.59221846784895E-8", "1.576498712678885E-9"]], "labels": ["e", "q", "tp", "node", "peri", "i"]}, "elements": [{"sigma": "6.1079E-6", "name": "e", "value": ".3282488826467407", "title": "eccentricity", "units": null, "label": "e"}, {"units": "au", "value": "1.266456322068877", "title": "semi-major axis", "sigma": "6.0756E-8", "name": "a", "label": "a"}, {"name": "q", "sigma": "7.7757E-6", "title": "perihelion distance", "value": ".8507434494288671", "units": "au", "label": "q"}, {"units": "deg", "value": "4.359433074674745", "title": "inclination; angle with respect to x-y ecliptic plane", "name": "i", "sigma": "3.9678E-5", "label": "i"}, {"sigma": ".00013616", "name": "om", "units": "deg", "value": "309.5122981239114", "title": "longitude of the ascending node", "label": "node"}, {"units": "deg", "value": "83.26679824609731", "title": "argument of perihelion", "name": "w", "sigma": ".0006864", "label": "peri"}, {"label": "M", "name": "ma", "sigma": ".00041001", "units": "deg", "title": "mean anomaly", "value": "303.3767577907111"}, {"label": "tp", "value": "2461282.379651157926", "title": "time of perihelion passage", "units": "TDB", "sigma": ".00059536", "name": "tp"}, {"title": "sidereal orbital period", "value": "520.5755316501054", "units": "d", "name": "per", "sigma": "3.7461E-5", "label": "period"}, {"sigma": "4.9763E-8", "name": "n", "value": ".6915422990759522", "title": "mean motion", "units": "deg/d", "label": "n"}, {"label": "Q", "name": "ad", "sigma": "8.0699E-8", "units": "au", "title": "aphelion distance", "value": "1.682169194708886"}], "epoch": "2461200.5"}