{"spkid": "50177221", "covariance": {"labels": ["e", "q", "tp", "node", "peri", "i"], "data": [["2.189558623358009E-10", "-2.851201470477087E-10", "1.598759933481411E-8", "7.88136125336281E-8", "-9.884824632995608E-8", "-9.69749516185249E-10"], ["-2.851201470477087E-10", "3.712830981025788E-10", "-2.07943729801741E-8", "-1.031800380128438E-7", "1.292826558778015E-7", "1.268103801790114E-9"], ["1.598759933481411E-8", "-2.07943729801741E-8", "1.284729975831168E-6", "3.12340427352931E-6", "-4.519276430500302E-6", "-4.544037550561596E-8"], ["7.88136125336281E-8", "-1.031800380128438E-7", "3.12340427352931E-6", ".0002148323237974781", "-.0002235220430164485", "-2.387635442689903E-6"], ["-9.884824632995608E-8", "1.292826558778015E-7", "-4.519276430500302E-6", "-.0002235220430164485", ".0002340832484873872", "2.490572842594844E-6"], ["-9.69749516185249E-10", "1.268103801790114E-9", "-4.544037550561596E-8", "-2.387635442689903E-6", "2.490572842594844E-6", "2.675661335950826E-8"]], "elements": [{"label": "e", "sigma": 1.47971572383279e-05, "name": "e", "title": "eccentricity", "value": ".6744641984056842", "units": null}, {"label": "q", "sigma": 1.92687077434523e-05, "name": "q", "units": "au", "value": ".4237687385268861", "title": "perihelion distance"}, {"label": "tp", "title": "time of perihelion passage", "value": "2453560.427428781283", "units": "TDB", "sigma": 0.0011334592960628, "name": "tp"}, {"name": "om", "sigma": 0.0146571594723356, "value": "49.91374870190706", "title": "longitude of the ascending node", "units": "deg", "label": "node"}, {"label": "peri", "units": "deg", "value": "357.1489531466875", "title": "argument of perihelion", "name": "w", "sigma": 0.015299779360742}, {"label": "i", "name": "i", "sigma": 0.000163574488718468, "value": "1.022184444680111", "title": "inclination", "units": "deg"}], "epoch": "2453494.5"}, "elements": [{"label": "e", "units": null, "title": "eccentricity", "value": ".6743076700000191", "sigma": "1.476E-5", "name": "e"}, {"sigma": "2.1387E-7", "name": "a", "units": "au", "title": "semi-major axis", "value": "1.302018048221891", "label": "a"}, {"label": "q", "value": ".4240572918274153", "title": "perihelion distance", "units": "au", "sigma": "1.9286E-5", "name": "q"}, {"label": "i", "sigma": ".00016161", "name": "i", "units": "deg", "title": "inclination; angle with respect to x-y ecliptic plane", "value": "1.01587072554085"}, {"units": "deg", "value": "50.04277273437502", "title": "longitude of the ascending node", "sigma": ".014809", "name": "om", "label": "node"}, {"name": "w", "sigma": ".01544", "title": "argument of perihelion", "value": "357.057600505833", "units": "deg", "label": "peri"}, {"units": "deg", "title": "mean anomaly", "value": "30.51394633873833", "sigma": ".0012506", "name": "ma", "label": "M"}, {"label": "tp", "units": "TDB", "value": "2461154.504026956619", "title": "time of perihelion passage", "name": "tp", "sigma": ".0018884"}, {"value": "542.6551555082068", "title": "sidereal orbital period", "units": "d", "sigma": ".0001337", "name": "per", "label": "period"}, {"sigma": "1.6345E-7", "name": "n", "units": "deg/d", "title": "mean motion", "value": ".6634047356702124", "label": "n"}, {"label": "Q", "name": "ad", "sigma": "3.5808E-7", "units": "au", "title": "aphelion distance", "value": "2.179978804616368"}], "epoch": "2461200.5"}