{"spkid": "50177231", "covariance": {"elements": [{"name": "e", "sigma": 1.38989638443072e-07, "units": null, "title": "eccentricity", "value": ".2309968920930937", "label": "e"}, {"sigma": 1.8518299920679e-07, "name": "q", "units": "au", "title": "perihelion distance", "value": "1.024524246196191", "label": "q"}, {"title": "time of perihelion passage", "value": "2458157.236363420084", "units": "TDB", "sigma": 0.000186308419183751, "name": "tp", "label": "tp"}, {"units": "deg", "value": "177.8603586758199", "title": "longitude of the ascending node", "sigma": 8.06860702762998e-06, "name": "om", "label": "node"}, {"units": "deg", "value": "19.42336471750609", "title": "argument of perihelion", "name": "w", "sigma": 0.000197486351848372, "label": "peri"}, {"name": "i", "sigma": 3.75003912369257e-05, "units": "deg", "value": "11.43057707828728", "title": "inclination", "label": "i"}], "data": [["1.931811959453593E-14", "-2.5738288223023E-14", "2.278744836501796E-11", "1.741922412554802E-13", "2.417115521414914E-11", "-1.392485709176324E-13"], ["-2.5738288223023E-14", "3.429274319522189E-14", "-3.0424658338046E-11", "-2.335774015824285E-13", "-3.227203534972087E-11", "1.643766301227392E-13"], ["2.278744836501796E-11", "-3.0424658338046E-11", "3.471082705874846E-8", "3.828683585781198E-10", "3.676440038034766E-8", "2.218432216631147E-9"], ["1.741922412554802E-13", "-2.335774015824285E-13", "3.828683585781198E-10", "6.510241936631985E-11", "3.465855655973839E-10", "1.622407549099145E-10"], ["2.417115521414914E-11", "-3.227203534972087E-11", "3.676440038034766E-8", "3.465855655973839E-10", "3.900085916637898E-8", "2.236419180680567E-9"], ["-1.392485709176324E-13", "1.643766301227392E-13", "2.218432216631147E-9", "1.622407549099145E-10", "2.236419180680567E-9", "1.406279342922491E-9"]], "labels": ["e", "q", "tp", "node", "peri", "i"], "epoch": "2457924.5"}, "elements": [{"sigma": "1.3958E-7", "name": "e", "title": "eccentricity", "value": ".2302167704893626", "units": null, "label": "e"}, {"label": "a", "title": "semi-major axis", "value": "1.330787981971159", "units": "au", "sigma": "4.8402E-9", "name": "a"}, {"sigma": "1.862E-7", "name": "q", "title": "perihelion distance", "value": "1.024418270555703", "units": "au", "label": "q"}, {"label": "i", "name": "i", "sigma": "3.7496E-5", "value": "11.43075636160424", "title": "inclination; angle with respect to x-y ecliptic plane", "units": "deg"}, {"label": "node", "name": "om", "sigma": "8.1868E-6", "value": "177.7800503479914", "title": "longitude of the ascending node", "units": "deg"}, {"label": "peri", "units": "deg", "title": "argument of perihelion", "value": "19.6343859809853", "sigma": ".00019745", "name": "w"}, {"title": "mean anomaly", "value": "151.4867014935491", "units": "deg", "sigma": ".00011987", "name": "ma", "label": "M"}, {"value": "2460964.542524688538", "title": "time of perihelion passage", "units": "TDB", "name": "tp", "sigma": ".00018632", "label": "tp"}, {"label": "period", "title": "sidereal orbital period", "value": "560.7402516170284", "units": "d", "name": "per", "sigma": "3.0592E-6"}, {"label": "n", "name": "n", "sigma": "3.5026E-9", "units": "deg/d", "value": ".6420084860358322", "title": "mean motion"}, {"label": "Q", "name": "ad", "sigma": "5.9545E-9", "title": "aphelion distance", "value": "1.637157693386615", "units": "au"}], "epoch": "2461200.5"}