{"spkid": "50253174", "covariance": {"labels": ["e", "q", "tp", "node", "peri", "i"], "data": [["5.062236126186386E-16", "-1.106957097469831E-15", "-3.1936184839831E-13", "2.804974575552321E-14", "-3.850714789252821E-13", "1.394986172133232E-14"], ["-1.106957097469831E-15", "2.421027756087295E-15", "6.94364724699554E-13", "-6.12603808730854E-14", "8.375048388921048E-13", "-2.981991092035855E-14"], ["-3.1936184839831E-13", "6.94364724699554E-13", "2.910900280988231E-10", "-8.872565033724058E-12", "3.311930923629383E-10", "-2.124219393158168E-11"], ["2.804974575552321E-14", "-6.12603808730854E-14", "-8.872565033724058E-12", "5.532395144855241E-11", "-6.586502254897701E-11", "1.263272678894139E-11"], ["-3.850714789252821E-13", "8.375048388921048E-13", "3.311930923629383E-10", "-6.586502254897701E-11", "4.341298064304059E-10", "-3.586026050064549E-11"], ["1.394986172133232E-14", "-2.981991092035855E-14", "-2.124219393158168E-11", "1.263272678894139E-11", "-3.586026050064549E-11", "1.969315321977697E-11"]], "elements": [{"label": "e", "name": "e", "sigma": 2.24994136061062e-08, "title": "eccentricity", "value": ".5274907096300488", "units": null}, {"label": "q", "sigma": 4.92039404528468e-08, "name": "q", "value": "1.037922213935814", "title": "perihelion distance", "units": "au"}, {"label": "tp", "title": "time of perihelion passage", "value": "2458016.293298375830", "units": "TDB", "name": "tp", "sigma": 1.70613606754802e-05}, {"label": "node", "sigma": 7.43800722294301e-06, "name": "om", "value": "1.441770763871874", "title": "longitude of the ascending node", "units": "deg"}, {"label": "peri", "title": "argument of perihelion", "value": "353.1045668906253", "units": "deg", "name": "w", "sigma": 2.08357818771076e-05}, {"label": "i", "title": "inclination", "value": "6.523281007429843", "units": "deg", "sigma": 4.43769683729939e-06, "name": "i"}], "epoch": "2457446.5"}, "elements": [{"sigma": "2.3234E-8", "name": "e", "title": "eccentricity", "value": ".5290542974942057", "units": null, "label": "e"}, {"sigma": "3.6841E-9", "name": "a", "units": "au", "title": "semi-major axis", "value": "2.196569690775985", "label": "a"}, {"label": "q", "value": "1.034465056125432", "title": "perihelion distance", "units": "au", "name": "q", "sigma": "4.9424E-8"}, {"label": "i", "name": "i", "sigma": "4.4455E-6", "title": "inclination; angle with respect to x-y ecliptic plane", "value": "6.519395303847757", "units": "deg"}, {"sigma": "7.4521E-6", "name": "om", "value": "1.348074799307734", "title": "longitude of the ascending node", "units": "deg", "label": "node"}, {"label": "peri", "sigma": "2.0738E-5", "name": "w", "value": "353.3339810754073", "title": "argument of perihelion", "units": "deg"}, {"title": "mean anomaly", "value": "243.6764866910678", "units": "deg", "sigma": "2.9977E-6", "name": "ma", "label": "M"}, {"label": "tp", "value": "2461584.720839750356", "title": "time of perihelion passage", "units": "TDB", "name": "tp", "sigma": "9.4935E-6"}, {"label": "period", "name": "per", "sigma": "2.9915E-6", "value": "1189.093231243619", "title": "sidereal orbital period", "units": "d"}, {"label": "n", "units": "deg/d", "value": ".3027517023400195", "title": "mean motion", "sigma": "7.6166E-10", "name": "n"}, {"label": "Q", "sigma": "5.6332E-9", "name": "ad", "title": "aphelion distance", "value": "3.358674325426538", "units": "au"}], "epoch": "2461200.5"}