{"spkid": "50261704", "covariance": {"epoch": "2456581.5", "elements": [{"label": "e", "title": "eccentricity", "value": ".1641479238356583", "units": null, "sigma": 2.95454468974047e-06, "name": "e"}, {"label": "q", "name": "q", "sigma": 2.78427398300042e-06, "title": "perihelion distance", "value": ".7886718588058222", "units": "au"}, {"label": "tp", "sigma": 0.000437711664709217, "name": "tp", "title": "time of perihelion passage", "value": "2456474.401558107044", "units": "TDB"}, {"title": "longitude of the ascending node", "value": "233.4622443999604", "units": "deg", "name": "om", "sigma": 9.78733186045435e-05, "label": "node"}, {"name": "w", "sigma": 0.00024802827396083, "units": "deg", "title": "argument of perihelion", "value": "332.4288921786902", "label": "peri"}, {"label": "i", "units": "deg", "title": "inclination", "value": "1.293458039751919", "sigma": 3.15762178790241e-05, "name": "i"}], "data": [["8.729334323673617E-12", "-8.226261468856159E-12", "-1.27859555641556E-9", "-1.074854356497794E-10", "-6.611192685890951E-10", "8.8487985299118E-11"], ["-8.226261468856159E-12", "7.752181612413028E-12", "1.204905758304017E-9", "1.012903584242856E-10", "6.230159792160914E-10", "-8.338822973098313E-11"], ["-1.27859555641556E-9", "1.204905758304017E-9", "1.915915014225141E-7", "1.529818714977602E-8", "1.005777429260388E-7", "-1.285512251749316E-8"], ["-1.074854356497794E-10", "1.012903584242856E-10", "1.529818714977602E-8", "9.579186494666484E-9", "-4.479946336172994E-10", "-1.048199233652787E-9"], ["-6.611192685890951E-10", "6.230159792160914E-10", "1.005777429260388E-7", "-4.479946336172994E-10", "6.151802468398832E-8", "-6.662940624439981E-9"], ["8.8487985299118E-11", "-8.338822973098313E-11", "-1.285512251749316E-8", "-1.048199233652787E-9", "-6.662940624439981E-9", "9.970575355436032E-10"]], "labels": ["e", "q", "tp", "node", "peri", "i"]}, "elements": [{"sigma": "2.9496E-6", "name": "e", "title": "eccentricity", "value": ".164081132917942", "units": null, "label": "e"}, {"label": "a", "sigma": "1.0331E-8", "name": "a", "value": ".9438421768720193", "title": "semi-major axis", "units": "au"}, {"units": "au", "value": ".7889754831951218", "title": "perihelion distance", "sigma": "2.7755E-6", "name": "q", "label": "q"}, {"units": "deg", "value": "1.294446533714347", "title": "inclination; angle with respect to x-y ecliptic plane", "name": "i", "sigma": "3.1558E-5", "label": "i"}, {"title": "longitude of the ascending node", "value": "233.271542137816", "units": "deg", "name": "om", "sigma": "9.5541E-5", "label": "node"}, {"value": "332.3145091874679", "title": "argument of perihelion", "units": "deg", "sigma": ".00023501", "name": "w", "label": "peri"}, {"sigma": ".00038105", "name": "ma", "units": "deg", "value": "41.54489851454043", "title": "mean anomaly", "label": "M"}, {"sigma": ".00035514", "name": "tp", "value": "2461161.848825161532", "title": "time of perihelion passage", "units": "TDB", "label": "tp"}, {"label": "period", "units": "d", "title": "sidereal orbital period", "value": "334.9249472105095", "name": "per", "sigma": "5.4988E-6"}, {"value": "1.074867677067155", "title": "mean motion", "units": "deg/d", "name": "n", "sigma": "1.7647E-8", "label": "n"}, {"title": "aphelion distance", "value": "1.098708870548917", "units": "au", "sigma": "1.2026E-8", "name": "ad", "label": "Q"}], "epoch": "2461200.5"}