{"spkid": "50263258", "covariance": {"epoch": "2456818.5", "labels": ["e", "q", "tp", "node", "peri", "i"], "data": [["1.820708863842536E-13", "-1.877714784350269E-13", "-1.061607094196096E-12", "-3.818939556839483E-12", "-2.444250662060091E-11", "1.201692942547213E-11"], ["-1.877714784350269E-13", "1.936520049425614E-13", "1.017108669675142E-12", "3.928531991197211E-12", "2.513368919655443E-11", "-1.234967662817957E-11"], ["-1.061607094196096E-12", "1.017108669675142E-12", "1.227535714967477E-8", "1.349649722818761E-9", "1.164814038597232E-8", "-4.821370012174781E-9"], ["-3.818939556839483E-12", "3.928531991197211E-12", "1.349649722818761E-9", "3.227322389584179E-10", "1.690963037801963E-9", "-1.052262912754143E-9"], ["-2.444250662060091E-11", "2.513368919655443E-11", "1.164814038597232E-8", "1.690963037801963E-9", "1.414600384584621E-8", "-5.925552904463327E-9"], ["1.201692942547213E-11", "-1.234967662817957E-11", "-4.821370012174781E-9", "-1.052262912754143E-9", "-5.925552904463327E-9", "4.47561652495892E-9"]], "elements": [{"name": "e", "sigma": 4.2669765218976e-07, "units": null, "value": ".0967602969010246", "title": "eccentricity", "label": "e"}, {"label": "q", "value": ".934667401224743", "title": "perihelion distance", "units": "au", "name": "q", "sigma": 4.40059092557535e-07}, {"sigma": 0.000110794210812997, "name": "tp", "units": "TDB", "value": "2456703.443892871700", "title": "time of perihelion passage", "label": "tp"}, {"label": "node", "name": "om", "sigma": 1.79647498996902e-05, "title": "longitude of the ascending node", "value": "250.0029181398791", "units": "deg"}, {"label": "peri", "sigma": 0.000118936974258833, "name": "w", "title": "argument of perihelion", "value": "71.30180849161583", "units": "deg"}, {"label": "i", "sigma": 6.69000487664913e-05, "name": "i", "units": "deg", "value": "26.00938586138471", "title": "inclination"}]}, "elements": [{"units": null, "value": ".09676256455419892", "title": "eccentricity", "sigma": "4.2892E-7", "name": "e", "label": "e"}, {"units": "au", "value": "1.035503740330608", "title": "semi-major axis", "sigma": "2.2223E-8", "name": "a", "label": "a"}, {"label": "q", "sigma": "4.6383E-7", "name": "q", "title": "perihelion distance", "value": ".9353057428107528", "units": "au"}, {"label": "i", "title": "inclination; angle with respect to x-y ecliptic plane", "value": "26.00570362968224", "units": "deg", "name": "i", "sigma": "6.6933E-5"}, {"label": "node", "units": "deg", "value": "249.9459641292038", "title": "longitude of the ascending node", "sigma": "1.7723E-5", "name": "om"}, {"label": "peri", "name": "w", "sigma": ".00011061", "units": "deg", "title": "argument of perihelion", "value": "71.05970804018688"}, {"label": "M", "name": "ma", "sigma": ".00010448", "units": "deg", "value": "249.9016216012681", "title": "mean anomaly"}, {"label": "tp", "units": "TDB", "value": "2461318.207559811126", "title": "time of perihelion passage", "sigma": ".0001129", "name": "tp"}, {"name": "per", "sigma": "1.239E-5", "units": "d", "title": "sidereal orbital period", "value": "384.8805236580445", "label": "period"}, {"label": "n", "units": "deg/d", "value": ".9353552021246205", "title": "mean motion", "sigma": "3.011E-8", "name": "n"}, {"units": "au", "value": "1.135701737850463", "title": "aphelion distance", "sigma": "2.4373E-8", "name": "ad", "label": "Q"}], "epoch": "2461200.5"}