{"spkid": "50275535", "covariance": {"data": [["3.746654988102736E-14", "-5.794250715653797E-14", "-5.537390245532591E-13", "-1.836026289489196E-13", "5.69480719600813E-12", "1.159204241066656E-12"], ["-5.794250715653797E-14", "8.962296764290815E-14", "8.46818874555945E-13", "2.84012624882153E-13", "-8.813179107536013E-12", "-1.799350206965495E-12"], ["-5.537390245532591E-13", "8.46818874555945E-13", "2.086389561058662E-10", "-2.426711602863411E-11", "3.332595531871864E-11", "1.690863897506868E-10"], ["-1.836026289489196E-13", "2.84012624882153E-13", "-2.426711602863411E-11", "1.300691059487619E-10", "-1.524516219097736E-10", "-2.687347693466631E-10"], ["5.69480719600813E-12", "-8.813179107536013E-12", "3.332595531871864E-11", "-1.524516219097736E-10", "1.044281749335056E-9", "4.870622260021351E-10"], ["1.159204241066656E-12", "-1.799350206965495E-12", "1.690863897506868E-10", "-2.687347693466631E-10", "4.870622260021351E-10", "1.123320179781893E-9"]], "elements": [{"label": "e", "name": "e", "sigma": 1.93562780205874e-07, "units": null, "title": "eccentricity", "value": ".6146267243418849"}, {"units": "au", "title": "perihelion distance", "value": ".5979137033308396", "sigma": 2.99370953238467e-07, "name": "q", "label": "q"}, {"name": "tp", "sigma": 1.4444339933201e-05, "title": "time of perihelion passage", "value": "2453535.495998988587", "units": "TDB", "label": "tp"}, {"units": "deg", "title": "longitude of the ascending node", "value": "27.0839261752946", "sigma": 1.14047843446846e-05, "name": "om", "label": "node"}, {"name": "w", "sigma": 3.23153485101903e-05, "title": "argument of perihelion", "value": "275.6020409757425", "units": "deg", "label": "peri"}, {"name": "i", "sigma": 3.35159690264491e-05, "units": "deg", "value": "25.04579666922049", "title": "inclination", "label": "i"}], "labels": ["e", "q", "tp", "node", "peri", "i"], "epoch": "2453800.5"}, "elements": [{"name": "e", "sigma": "1.9376E-7", "value": ".6149499573339422", "title": "eccentricity", "units": null, "label": "e"}, {"value": "1.551447140111257", "title": "semi-major axis", "units": "au", "sigma": "1.121E-8", "name": "a", "label": "a"}, {"name": "q", "sigma": "2.989E-7", "units": "au", "title": "perihelion distance", "value": ".5973847874939729", "label": "q"}, {"label": "i", "value": "25.04773939657435", "title": "inclination; angle with respect to x-y ecliptic plane", "units": "deg", "sigma": "3.3548E-5", "name": "i"}, {"label": "node", "sigma": "1.127E-5", "name": "om", "units": "deg", "title": "longitude of the ascending node", "value": "26.80271582025806"}, {"sigma": "3.2184E-5", "name": "w", "value": "275.8839127036949", "title": "argument of perihelion", "units": "deg", "label": "peri"}, {"title": "mean anomaly", "value": "308.6607509526523", "units": "deg", "name": "ma", "sigma": "3.7557E-5", "label": "M"}, {"title": "time of perihelion passage", "value": "2461301.158606245835", "units": "TDB", "name": "tp", "sigma": "7.4707E-5", "label": "tp"}, {"label": "period", "name": "per", "sigma": "7.6497E-6", "value": "705.8361569543184", "title": "sidereal orbital period", "units": "d"}, {"label": "n", "units": "deg/d", "title": "mean motion", "value": ".5100333787849566", "name": "n", "sigma": "5.5276E-9"}, {"label": "Q", "units": "au", "value": "2.505509492728542", "title": "aphelion distance", "sigma": "1.8103E-8", "name": "ad"}], "epoch": "2461200.5"}