{"spkid": "50278101", "covariance": {"epoch": "2458303.5", "labels": ["e", "q", "tp", "node", "peri", "i"], "elements": [{"title": "eccentricity", "value": ".2774212895419684", "units": null, "sigma": 3.50458351501714e-08, "name": "e", "label": "e"}, {"label": "q", "sigma": 3.97658421083443e-08, "name": "q", "value": ".8067283037160049", "title": "perihelion distance", "units": "au"}, {"label": "tp", "sigma": 1.11287961243904e-05, "name": "tp", "units": "TDB", "value": "2458158.743792424835", "title": "time of perihelion passage"}, {"label": "node", "units": "deg", "value": "56.34076369714987", "title": "longitude of the ascending node", "name": "om", "sigma": 1.44611897760838e-05}, {"sigma": 2.14308772666052e-05, "name": "w", "units": "deg", "value": "72.44708196324544", "title": "argument of perihelion", "label": "peri"}, {"label": "i", "sigma": 1.93985505567544e-05, "name": "i", "units": "deg", "value": "17.28973931991691", "title": "inclination"}], "data": [["1.228210561372987E-15", "-1.393401192760073E-15", "-3.477966385747964E-14", "-1.017909789162846E-14", "1.423382423173735E-13", "1.887142977987302E-13"], ["-1.393401192760073E-15", "1.58132219858577E-15", "4.319467909225364E-14", "8.972615096988228E-15", "-1.578652481824611E-13", "-2.146059330135499E-13"], ["-3.477966385747964E-14", "4.319467909225364E-14", "1.238501031782479E-10", "-5.12256511673207E-11", "1.589571891021239E-10", "4.667583314993421E-11"], ["-1.017909789162846E-14", "8.972615096988228E-15", "-5.12256511673207E-11", "2.091260097399116E-10", "-2.673251614246371E-10", "-1.788667272660074E-10"], ["1.423382423173735E-13", "-1.578652481824611E-13", "1.589571891021239E-10", "-2.673251614246371E-10", "4.592825004162956E-10", "2.708172466401516E-10"], ["1.887142977987302E-13", "-2.146059330135499E-13", "4.667583314993421E-11", "-1.788667272660074E-10", "2.708172466401516E-10", "3.763037637029582E-10"]]}, "elements": [{"label": "e", "title": "eccentricity", "value": ".2774624949942323", "units": null, "sigma": "3.5046E-8", "name": "e"}, {"value": "1.116242296128545", "title": "semi-major axis", "units": "au", "name": "a", "sigma": "1.0602E-9", "label": "a"}, {"title": "perihelion distance", "value": ".806526923626628", "units": "au", "sigma": "3.9632E-8", "name": "q", "label": "q"}, {"label": "i", "name": "i", "sigma": "1.9397E-5", "value": "17.28896992589732", "title": "inclination; angle with respect to x-y ecliptic plane", "units": "deg"}, {"label": "node", "name": "om", "sigma": "1.4445E-5", "units": "deg", "title": "longitude of the ascending node", "value": "56.29519642852036"}, {"sigma": "2.138E-5", "name": "w", "units": "deg", "value": "72.54697295305967", "title": "argument of perihelion", "label": "peri"}, {"label": "M", "units": "deg", "title": "mean anomaly", "value": "21.66794190181832", "sigma": "1.1612E-5", "name": "ma"}, {"value": "2461174.573057745240", "title": "time of perihelion passage", "units": "TDB", "name": "tp", "sigma": "1.3868E-5", "label": "tp"}, {"value": "430.7607641743914", "title": "sidereal orbital period", "units": "d", "name": "per", "sigma": "6.1368E-7", "label": "period"}, {"units": "deg/d", "title": "mean motion", "value": ".8357307116630887", "sigma": "1.1906E-9", "name": "n", "label": "n"}, {"label": "Q", "value": "1.425957668630462", "title": "aphelion distance", "units": "au", "sigma": "1.3543E-9", "name": "ad"}], "epoch": "2461200.5"}