{"spkid": "50273990", "covariance": {"labels": ["e", "q", "tp", "node", "peri", "i"], "data": [["4.584419552658343E-13", "-7.766989921141158E-13", "-8.52804608063035E-11", "-1.815361881566418E-10", "4.021634971316172E-11", "2.687599916308202E-11"], ["-7.766989921141158E-13", "1.315912749105629E-12", "1.448608894824221E-10", "3.087946584819515E-10", "-6.908732267957051E-11", "-4.570046116961597E-11"], ["-8.52804608063035E-11", "1.448608894824221E-10", "2.403737987693881E-8", "5.934751324343668E-8", "-2.696224365809855E-8", "-8.514415069343331E-9"], ["-1.815361881566418E-10", "3.087946584819515E-10", "5.934751324343668E-8", "2.518217073760309E-7", "-1.76714593762854E-7", "-2.979014715335212E-8"], ["4.021634971316172E-11", "-6.908732267957051E-11", "-2.696224365809855E-8", "-1.76714593762854E-7", "1.497223043259585E-7", "1.887876065620024E-8"], ["2.687599916308202E-11", "-4.570046116961597E-11", "-8.514415069343331E-9", "-2.979014715335212E-8", "1.887876065620024E-8", "3.767049101817953E-9"]], "elements": [{"label": "e", "sigma": 6.77083418247585e-07, "name": "e", "units": null, "value": ".5354558056433104", "title": "eccentricity"}, {"units": "au", "value": ".785226458257766", "title": "perihelion distance", "name": "q", "sigma": 1.1471324026047e-06, "label": "q"}, {"value": "2457395.644065308658", "title": "time of perihelion passage", "units": "TDB", "sigma": 0.000155039929943672, "name": "tp", "label": "tp"}, {"units": "deg", "value": "196.0649471995172", "title": "longitude of the ascending node", "name": "om", "sigma": 0.000501818400794581, "label": "node"}, {"title": "argument of perihelion", "value": "252.3796970236893", "units": "deg", "name": "w", "sigma": 0.00038693966496853, "label": "peri"}, {"label": "i", "units": "deg", "title": "inclination", "value": "2.427819636874684", "sigma": 6.13762910399281e-05, "name": "i"}], "epoch": "2457198.5"}, "elements": [{"label": "e", "units": null, "title": "eccentricity", "value": ".5355749867849219", "sigma": "6.8582E-7", "name": "e"}, {"sigma": "3.026E-8", "name": "a", "title": "semi-major axis", "value": "1.689427006360484", "units": "au", "label": "a"}, {"value": ".7846121597548775", "title": "perihelion distance", "units": "au", "name": "q", "sigma": "1.1458E-6", "label": "q"}, {"units": "deg", "title": "inclination; angle with respect to x-y ecliptic plane", "value": "2.433602172307543", "name": "i", "sigma": "6.1272E-5", "label": "i"}, {"units": "deg", "value": "195.6777261177365", "title": "longitude of the ascending node", "sigma": ".00049606", "name": "om", "label": "node"}, {"label": "peri", "units": "deg", "title": "argument of perihelion", "value": "252.7962122303155", "sigma": ".0003827", "name": "w"}, {"value": "268.0123036564079", "title": "mean anomaly", "units": "deg", "sigma": "5.2387E-5", "name": "ma", "label": "M"}, {"label": "tp", "name": "tp", "sigma": ".00011561", "units": "TDB", "title": "time of perihelion passage", "value": "2461405.443815580181"}, {"title": "sidereal orbital period", "value": "802.0613249546262", "units": "d", "sigma": "2.1549E-5", "name": "per", "label": "period"}, {"name": "n", "sigma": "1.2059E-8", "title": "mean motion", "value": ".4488434846554479", "units": "deg/d", "label": "n"}, {"label": "Q", "units": "au", "title": "aphelion distance", "value": "2.59424185296609", "sigma": "4.6467E-8", "name": "ad"}], "epoch": "2461200.5"}