{"spkid": "50277593", "covariance": {"epoch": "2455543.5", "elements": [{"sigma": 1.32215314914675e-07, "name": "e", "units": null, "title": "eccentricity", "value": ".6833190018933403", "label": "e"}, {"label": "q", "name": "q", "sigma": 2.94990069412533e-07, "value": ".7406260812206218", "title": "perihelion distance", "units": "au"}, {"units": "TDB", "title": "time of perihelion passage", "value": "2456161.853538339877", "name": "tp", "sigma": 2.88416870691458e-05, "label": "tp"}, {"units": "deg", "value": "35.61603929831897", "title": "longitude of the ascending node", "name": "om", "sigma": 3.88895029301211e-05, "label": "node"}, {"name": "w", "sigma": 5.58793196577039e-05, "units": "deg", "title": "argument of perihelion", "value": "266.611477400727", "label": "peri"}, {"name": "i", "sigma": 3.2796782531945e-05, "title": "inclination", "value": "6.072815979488856", "units": "deg", "label": "i"}], "data": [["1.748088949798669E-14", "-3.900164822604364E-14", "2.758333275263991E-12", "2.201510959771114E-12", "-3.379651795793353E-12", "-3.960670725945334E-12"], ["-3.900164822604364E-14", "8.701914105201123E-14", "-6.175505626445985E-12", "-4.879965987346523E-12", "7.487896927912128E-12", "8.843783638533453E-12"], ["2.758333275263991E-12", "-6.175505626445985E-12", "8.318429129945319E-10", "-1.432821911600544E-10", "3.205126560138836E-10", "-7.923432553726252E-10"], ["2.201510959771114E-12", "-4.879965987346523E-12", "-1.432821911600544E-10", "1.512393438151896E-9", "-2.109241363161182E-9", "-4.49224551911503E-10"], ["-3.379651795793353E-12", "7.487896927912128E-12", "3.205126560138836E-10", "-2.109241363161182E-9", "3.122498365407855E-9", "5.630802845008328E-10"], ["-3.960670725945334E-12", "8.843783638533453E-12", "-7.923432553726252E-10", "-4.49224551911503E-10", "5.630802845008328E-10", "1.075628944447696E-9"]], "labels": ["e", "q", "tp", "node", "peri", "i"]}, "elements": [{"label": "e", "name": "e", "sigma": "1.3251E-7", "units": null, "title": "eccentricity", "value": ".6875509324067456"}, {"label": "a", "units": "au", "title": "semi-major axis", "value": "2.333745268305499", "name": "a", "sigma": "3.9101E-8"}, {"sigma": "2.9792E-7", "name": "q", "units": "au", "title": "perihelion distance", "value": ".7291765330822224", "label": "q"}, {"label": "i", "units": "deg", "value": "6.068669735112571", "title": "inclination; angle with respect to x-y ecliptic plane", "name": "i", "sigma": "3.2802E-5"}, {"label": "node", "units": "deg", "value": "32.79771482667667", "title": "longitude of the ascending node", "sigma": "3.5926E-5", "name": "om"}, {"value": "269.7359658550221", "title": "argument of perihelion", "units": "deg", "sigma": "5.2134E-5", "name": "w", "label": "peri"}, {"label": "M", "units": "deg", "value": "308.3399477579367", "title": "mean anomaly", "name": "ma", "sigma": "4.8953E-5"}, {"label": "tp", "units": "TDB", "title": "time of perihelion passage", "value": "2461387.366281163344", "sigma": ".0001817", "name": "tp"}, {"label": "period", "units": "d", "value": "1302.202733043867", "title": "sidereal orbital period", "sigma": "3.2727E-5", "name": "per"}, {"label": "n", "value": ".2764546493912732", "title": "mean motion", "units": "deg/d", "sigma": "6.9479E-9", "name": "n"}, {"label": "Q", "units": "au", "title": "aphelion distance", "value": "3.938314003528775", "sigma": "6.5986E-8", "name": "ad"}], "epoch": "2461200.5"}