{"spkid": "50288501", "covariance": {"labels": ["e", "q", "tp", "node", "peri", "i"], "elements": [{"label": "e", "name": "e", "sigma": 8.67554418696585e-08, "units": null, "title": "eccentricity", "value": ".2268295818999393"}, {"value": "1.021758804080257", "title": "perihelion distance", "units": "au", "name": "q", "sigma": 1.27011457223848e-07, "label": "q"}, {"sigma": 0.000180627771148317, "name": "tp", "value": "2456329.881961608065", "title": "time of perihelion passage", "units": "TDB", "label": "tp"}, {"label": "node", "units": "deg", "title": "longitude of the ascending node", "value": "133.0856098249686", "sigma": 2.01117856615202e-05, "name": "om"}, {"label": "peri", "units": "deg", "value": "148.9678818179401", "title": "argument of perihelion", "sigma": 8.22845998168824e-05, "name": "w"}, {"label": "i", "sigma": 2.0584251806423e-05, "name": "i", "units": "deg", "value": "15.32694590433453", "title": "inclination"}], "data": [["7.526506693999695E-15", "-1.090870578361006E-14", "-7.041005675457149E-12", "2.415755705455591E-13", "-3.877001070420018E-12", "2.701660212443548E-13"], ["-1.090870578361006E-14", "1.613191026612525E-14", "1.302532836389599E-11", "-1.2989548219986E-13", "6.754573902542916E-12", "-4.479292531257381E-13"], ["-7.041005675457149E-12", "1.302532836389599E-11", "3.262639171000876E-8", "1.986088658628439E-9", "1.443723730367249E-8", "-6.92100099789102E-10"], ["2.415755705455591E-13", "-1.2989548219986E-13", "1.986088658628439E-9", "4.044839224949282E-10", "6.483722162036081E-10", "1.325983605325137E-10"], ["-3.877001070420018E-12", "6.754573902542916E-12", "1.443723730367249E-8", "6.483722162036081E-10", "6.770755367024488E-9", "-4.546112795756011E-10"], ["2.701660212443548E-13", "-4.479292531257381E-13", "-6.92100099789102E-10", "1.325983605325137E-10", "-4.546112795756011E-10", "4.237114224302292E-10"]], "epoch": "2456457.5"}, "elements": [{"label": "e", "title": "eccentricity", "value": ".2267987374402678", "units": null, "sigma": "8.6766E-8", "name": "e"}, {"units": "au", "value": "1.321626345107177", "title": "semi-major axis", "sigma": "2.6198E-8", "name": "a", "label": "a"}, {"label": "q", "name": "q", "sigma": "1.266E-7", "units": "au", "title": "perihelion distance", "value": "1.021883158669074"}, {"units": "deg", "value": "15.33089950219671", "title": "inclination; angle with respect to x-y ecliptic plane", "name": "i", "sigma": "2.0588E-5", "label": "i"}, {"units": "deg", "title": "longitude of the ascending node", "value": "133.0371449267626", "name": "om", "sigma": "2.0113E-5", "label": "node"}, {"sigma": "8.2404E-5", "name": "w", "title": "argument of perihelion", "value": "149.0847280308653", "units": "deg", "label": "peri"}, {"sigma": ".00021229", "name": "ma", "value": "279.4761728239588", "title": "mean anomaly", "units": "deg", "label": "M"}, {"name": "tp", "sigma": ".00033093", "title": "time of perihelion passage", "value": "2461324.631889175449", "units": "TDB", "label": "tp"}, {"label": "period", "sigma": "1.6501E-5", "name": "per", "title": "sidereal orbital period", "value": "554.9597140417299", "units": "d"}, {"units": "deg/d", "title": "mean motion", "value": ".6486957357285398", "sigma": "1.9288E-8", "name": "n", "label": "n"}, {"units": "au", "value": "1.621369531545281", "title": "aphelion distance", "sigma": "3.214E-8", "name": "ad", "label": "Q"}], "epoch": "2461200.5"}