{"spkid": "50289769", "covariance": {"elements": [{"sigma": 1.60029848425211e-08, "name": "e", "units": null, "value": ".1854067706456552", "title": "eccentricity", "label": "e"}, {"title": "perihelion distance", "value": "1.016257783245309", "units": "au", "name": "q", "sigma": 1.64213862770482e-08, "label": "q"}, {"units": "TDB", "title": "time of perihelion passage", "value": "2453636.799301046113", "name": "tp", "sigma": 2.49377879367402e-05, "label": "tp"}, {"name": "om", "sigma": 9.54836839297237e-06, "units": "deg", "title": "longitude of the ascending node", "value": "342.7701541529709", "label": "node"}, {"label": "peri", "value": "18.17729133143337", "title": "argument of perihelion", "units": "deg", "name": "w", "sigma": 3.0691094644924e-05}, {"units": "deg", "value": "3.725418462995613", "title": "inclination", "sigma": 4.59446195919701e-06, "name": "i", "label": "i"}], "data": [["2.560955238699598E-16", "-2.483470844064942E-16", "2.594509943842456E-13", "-3.63940031206264E-15", "2.795595877956059E-13", "-2.155392159277114E-14"], ["-2.483470844064942E-16", "2.69661927260027E-16", "-2.375698985059809E-13", "-7.066019970764482E-15", "-2.469580250969973E-13", "2.172732012792254E-14"], ["2.594509943842456E-13", "-2.375698985059809E-13", "6.218932671778239E-10", "-8.514953700793451E-11", "7.335542043583336E-10", "-2.793415289937088E-11"], ["-3.63940031206264E-15", "-7.066019970764482E-15", "-8.514953700793451E-11", "9.117133896791386E-11", "-1.783602231255738E-10", "2.839360924019881E-11"], ["2.795595877956059E-13", "-2.469580250969973E-13", "7.335542043583336E-10", "-1.783602231255738E-10", "9.419432905036832E-10", "-5.788390882122534E-11"], ["-2.155392159277114E-14", "2.172732012792254E-14", "-2.793415289937088E-11", "2.839360924019881E-11", "-5.788390882122534E-11", "2.110908069450841E-11"]], "labels": ["e", "q", "tp", "node", "peri", "i"], "epoch": "2453834.5"}, "elements": [{"label": "e", "sigma": "1.5138E-8", "name": "e", "value": ".1849825283874781", "title": "eccentricity", "units": null}, {"label": "a", "sigma": "5.9275E-9", "name": "a", "units": "au", "title": "semi-major axis", "value": "1.247009367649601"}, {"label": "q", "units": "au", "title": "perihelion distance", "value": "1.016334421898907", "sigma": "1.6495E-8", "name": "q"}, {"sigma": "4.5945E-6", "name": "i", "value": "3.723880566626363", "title": "inclination; angle with respect to x-y ecliptic plane", "units": "deg", "label": "i"}, {"sigma": "9.5865E-6", "name": "om", "value": "342.6403551543457", "title": "longitude of the ascending node", "units": "deg", "label": "node"}, {"name": "w", "sigma": "3.0869E-5", "title": "argument of perihelion", "value": "18.32382990301358", "units": "deg", "label": "peri"}, {"label": "M", "sigma": "5.6719E-5", "name": "ma", "units": "deg", "value": "312.1636012684693", "title": "mean anomaly"}, {"label": "tp", "sigma": "8.0602E-5", "name": "tp", "units": "TDB", "title": "time of perihelion passage", "value": "2461268.086347546339"}, {"label": "period", "value": "508.6312047283016", "title": "sidereal orbital period", "units": "d", "name": "per", "sigma": "3.6266E-6"}, {"title": "mean motion", "value": ".7077819776950242", "units": "deg/d", "name": "n", "sigma": "5.0466E-9", "label": "n"}, {"label": "Q", "units": "au", "value": "1.477684313400294", "title": "aphelion distance", "name": "ad", "sigma": "7.024E-9"}], "epoch": "2461200.5"}