{"spkid": "50295812", "covariance": {"elements": [{"label": "e", "title": "eccentricity", "value": ".5442313985749763", "units": null, "sigma": 6.08765815367769e-08, "name": "e"}, {"label": "q", "name": "q", "sigma": 1.3495696175357e-07, "value": "1.016151526630635", "title": "perihelion distance", "units": "au"}, {"label": "tp", "sigma": 4.54634309513708e-05, "name": "tp", "title": "time of perihelion passage", "value": "2456075.555569294386", "units": "TDB"}, {"label": "node", "name": "om", "sigma": 2.47289437715325e-05, "units": "deg", "title": "longitude of the ascending node", "value": "25.56207784347493"}, {"label": "peri", "sigma": 5.67353152962874e-05, "name": "w", "value": "336.9285171579876", "title": "argument of perihelion", "units": "deg"}, {"units": "deg", "title": "inclination", "value": "8.680127213872906", "name": "i", "sigma": 2.82981995997055e-05, "label": "i"}], "data": [["3.705958179603845E-15", "-8.215585739012142E-15", "-5.19994667426976E-13", "-1.15651862907373E-12", "-1.130288460238266E-13", "-1.032798969652705E-12"], ["-8.215585739012142E-15", "1.82133815257545E-14", "1.163334191774921E-12", "2.559277285584303E-12", "2.662480587725517E-13", "2.285275773451535E-12"], ["-5.19994667426976E-13", "1.163334191774921E-12", "2.06692355387006E-9", "-2.833081767803271E-10", "2.48977295519588E-9", "-6.985462687200316E-10"], ["-1.15651862907373E-12", "2.559277285584303E-12", "-2.833081767803271E-10", "6.115206600556148E-10", "-6.641829689371558E-10", "4.381030237847199E-10"], ["-1.130288460238266E-13", "2.662480587725517E-13", "2.48977295519588E-9", "-6.641829689371558E-10", "3.218896001769142E-9", "-9.392996262868529E-10"], ["-1.032798969652705E-12", "2.285275773451535E-12", "-6.985462687200316E-10", "4.381030237847199E-10", "-9.392996262868529E-10", "8.007881005847723E-10"]], "labels": ["e", "q", "tp", "node", "peri", "i"], "epoch": "2456642.5"}, "elements": [{"label": "e", "value": ".5413625913543688", "title": "eccentricity", "units": null, "name": "e", "sigma": "5.9126E-8"}, {"label": "a", "sigma": "1.1564E-8", "name": "a", "title": "semi-major axis", "value": "2.229356570543226", "units": "au"}, {"label": "q", "title": "perihelion distance", "value": "1.022466320461056", "units": "au", "sigma": "1.3347E-7", "name": "q"}, {"title": "inclination; angle with respect to x-y ecliptic plane", "value": "8.690826175818627", "units": "deg", "sigma": "2.8174E-5", "name": "i", "label": "i"}, {"sigma": "2.5144E-5", "name": "om", "value": "25.38714036119725", "title": "longitude of the ascending node", "units": "deg", "label": "node"}, {"sigma": "5.7683E-5", "name": "w", "units": "deg", "title": "argument of perihelion", "value": "337.2703993550787", "label": "peri"}, {"label": "M", "name": "ma", "sigma": "1.1723E-5", "value": "76.4402880123483", "title": "mean anomaly", "units": "deg"}, {"label": "tp", "title": "time of perihelion passage", "value": "2460942.340836253484", "units": "TDB", "sigma": "4.1103E-5", "name": "tp"}, {"name": "per", "sigma": "9.4596E-6", "units": "d", "value": "1215.815656447192", "title": "sidereal orbital period", "label": "period"}, {"label": "n", "units": "deg/d", "title": "mean motion", "value": ".2960975194644043", "sigma": "2.3038E-9", "name": "n"}, {"label": "Q", "units": "au", "title": "aphelion distance", "value": "3.436246820625396", "name": "ad", "sigma": "1.7824E-8"}], "epoch": "2461200.5"}