{"spkid": "50292286", "covariance": {"data": [["4.593861994725271E-15", "-1.030426953433954E-14", "-1.896551612236552E-14", "-9.499548328337259E-13", "1.596489727258574E-12", "-1.736223246205339E-13"], ["-1.030426953433954E-14", "2.346346150455697E-14", "1.919461550217394E-13", "2.305409314720104E-12", "-3.61715729492917E-12", "4.339966889575571E-13"], ["-1.896551612236552E-14", "1.919461550217394E-13", "9.748971124073193E-10", "6.879972736708279E-10", "2.739890427107692E-10", "2.446013890477449E-10"], ["-9.499548328337259E-13", "2.305409314720104E-12", "6.879972736708279E-10", "1.081034657506952E-8", "-1.014161203048115E-8", "-2.820442863060366E-10"], ["1.596489727258574E-12", "-3.61715729492917E-12", "2.739890427107692E-10", "-1.014161203048115E-8", "1.05436230130774E-8", "4.973109911777384E-10"], ["-1.736223246205339E-13", "4.339966889575571E-13", "2.446013890477449E-10", "-2.820442863060366E-10", "4.973109911777384E-10", "1.378921771881691E-10"]], "elements": [{"value": ".5876380096657182", "title": "eccentricity", "units": null, "name": "e", "sigma": 6.77780347511292e-08, "label": "e"}, {"units": "au", "title": "perihelion distance", "value": ".940711348346792", "sigma": 1.53177875375516e-07, "name": "q", "label": "q"}, {"label": "tp", "units": "TDB", "title": "time of perihelion passage", "value": "2453705.556928831641", "name": "tp", "sigma": 3.12233424284992e-05}, {"sigma": 0.000103972816519846, "name": "om", "units": "deg", "title": "longitude of the ascending node", "value": "86.54204902451323", "label": "node"}, {"label": "peri", "name": "w", "sigma": 0.000102682145541849, "title": "argument of perihelion", "value": "353.2412373926163", "units": "deg"}, {"title": "inclination", "value": "7.869458837434127", "units": "deg", "sigma": 1.17427499840612e-05, "name": "i", "label": "i"}], "labels": ["e", "q", "tp", "node", "peri", "i"], "epoch": "2454036.5"}, "elements": [{"value": ".588363893822188", "title": "eccentricity", "units": null, "sigma": "7.0245E-8", "name": "e", "label": "e"}, {"units": "au", "value": "2.278372385652359", "title": "semi-major axis", "name": "a", "sigma": "4.0731E-8", "label": "a"}, {"name": "q", "sigma": "1.5965E-7", "units": "au", "value": ".9378603372529895", "title": "perihelion distance", "label": "q"}, {"units": "deg", "value": "7.878841436243096", "title": "inclination; angle with respect to x-y ecliptic plane", "name": "i", "sigma": "1.169E-5", "label": "i"}, {"units": "deg", "title": "longitude of the ascending node", "value": "86.37125715508142", "name": "om", "sigma": ".00010373", "label": "node"}, {"label": "peri", "units": "deg", "title": "argument of perihelion", "value": "353.7473954236445", "sigma": ".00010244", "name": "w"}, {"label": "M", "name": "ma", "sigma": "6.2248E-5", "units": "deg", "value": "345.8381163518061", "title": "mean anomaly"}, {"units": "TDB", "value": "2461249.914455071027", "title": "time of perihelion passage", "sigma": ".00021852", "name": "tp", "label": "tp"}, {"sigma": "3.3684E-5", "name": "per", "title": "sidereal orbital period", "value": "1256.132606896417", "units": "d", "label": "period"}, {"units": "deg/d", "title": "mean motion", "value": ".286593945594222", "name": "n", "sigma": "7.6853E-9", "label": "n"}, {"units": "au", "title": "aphelion distance", "value": "3.61888443405173", "name": "ad", "sigma": "6.4696E-8", "label": "Q"}], "epoch": "2461200.5"}