{"spkid": "50293948", "covariance": {"epoch": "2453867.5", "elements": [{"label": "e", "units": null, "title": "eccentricity", "value": ".4553805221846151", "sigma": 5.75242857790681e-08, "name": "e"}, {"sigma": 7.97218351623788e-08, "name": "q", "value": ".8792547034820934", "title": "perihelion distance", "units": "au", "label": "q"}, {"label": "tp", "sigma": 1.00881030375541e-05, "name": "tp", "units": "TDB", "title": "time of perihelion passage", "value": "2453704.952685131895"}, {"name": "om", "sigma": 7.00331031854674e-06, "units": "deg", "title": "longitude of the ascending node", "value": "29.54969739849971", "label": "node"}, {"label": "peri", "units": "deg", "title": "argument of perihelion", "value": "49.16126581076887", "name": "w", "sigma": 1.62943814107777e-05}, {"units": "deg", "value": "34.07755786051583", "title": "inclination", "name": "i", "sigma": 3.57461753873439e-05, "label": "i"}], "data": [["3.309043454391893E-15", "-4.284753407353205E-15", "3.265184056988279E-13", "-9.507290438832827E-14", "7.197719687361918E-13", "4.265135467846358E-13"], ["-4.284753407353205E-15", "6.355571001657491E-15", "-5.067281482402122E-13", "1.272950383571127E-13", "-1.066616778640848E-12", "-5.418610446720788E-13"], ["3.265184056988279E-13", "-5.067281482402122E-13", "1.017698228963091E-10", "6.826470519807019E-12", "1.401208862662497E-10", "9.6829981335271E-13"], ["-9.507290438832827E-14", "1.272950383571127E-13", "6.826470519807019E-12", "4.904635541786318E-11", "-3.452708344710928E-11", "-1.347114730893391E-10"], ["7.197719687361918E-13", "-1.066616778640848E-12", "1.401208862662497E-10", "-3.452708344710928E-11", "2.655068655598982E-10", "9.643005232884907E-11"], ["4.265135467846358E-13", "-5.418610446720788E-13", "9.6829981335271E-13", "-1.347114730893391E-10", "9.643005232884907E-11", "1.277789054822754E-9"]], "labels": ["e", "q", "tp", "node", "peri", "i"]}, "elements": [{"sigma": "5.7253E-8", "name": "e", "units": null, "value": ".456008531412575", "title": "eccentricity", "label": "e"}, {"units": "au", "value": "1.614251978093165", "title": "semi-major axis", "sigma": "5.8991E-8", "name": "a", "label": "a"}, {"label": "q", "sigma": "8.0206E-8", "name": "q", "units": "au", "value": ".8781393042330567", "title": "perihelion distance"}, {"label": "i", "units": "deg", "value": "34.04330564015309", "title": "inclination; angle with respect to x-y ecliptic plane", "name": "i", "sigma": "3.5738E-5"}, {"title": "longitude of the ascending node", "value": "29.4141775037006", "units": "deg", "sigma": "6.962E-6", "name": "om", "label": "node"}, {"units": "deg", "title": "argument of perihelion", "value": "49.30748578900823", "name": "w", "sigma": "1.6258E-5", "label": "peri"}, {"name": "ma", "sigma": ".00020374", "units": "deg", "value": "1.461346174425612", "title": "mean anomaly", "label": "M"}, {"sigma": ".0004238", "name": "tp", "value": "2461197.459072794715", "title": "time of perihelion passage", "units": "TDB", "label": "tp"}, {"sigma": "4.1064E-5", "name": "per", "title": "sidereal orbital period", "value": "749.1269440883738", "units": "d", "label": "period"}, {"sigma": "2.6342E-8", "name": "n", "title": "mean motion", "value": ".4805594069748627", "units": "deg/d", "label": "n"}, {"label": "Q", "title": "aphelion distance", "value": "2.350364651953274", "units": "au", "name": "ad", "sigma": "8.5891E-8"}], "epoch": "2461200.5"}