{"spkid": "50297401", "covariance": {"data": [["6.299583496428827E-15", "-1.141609812422234E-14", "-1.05377743183035E-12", "-1.013805651269161E-12", "9.562659976737747E-13", "-2.459435297719679E-13"], ["-1.141609812422234E-14", "2.083534443000908E-14", "2.284751666982683E-12", "1.914826844533264E-12", "-1.688064802603521E-12", "4.763483941052646E-13"], ["-1.05377743183035E-12", "2.284751666982683E-12", "2.776659301636117E-9", "1.592046312300318E-9", "-2.184854691385008E-10", "5.280245972880042E-10"], ["-1.013805651269161E-12", "1.914826844533264E-12", "1.592046312300318E-9", "2.189376956375534E-8", "-2.08021381841261E-8", "2.295631016978912E-9"], ["9.562659976737747E-13", "-1.688064802603521E-12", "-2.184854691385008E-10", "-2.08021381841261E-8", "2.056121553883193E-8", "-1.993867325167341E-9"], ["-2.459435297719679E-13", "4.763483941052646E-13", "5.280245972880042E-10", "2.295631016978912E-9", "-1.993867325167341E-9", "4.133827736985789E-10"]], "elements": [{"label": "e", "value": ".5228185785311266", "title": "eccentricity", "units": null, "name": "e", "sigma": 7.93699155626918e-08}, {"label": "q", "name": "q", "sigma": 1.4434453377253e-07, "value": ".8690915000779307", "title": "perihelion distance", "units": "au"}, {"label": "tp", "value": "2454657.169549916044", "title": "time of perihelion passage", "units": "TDB", "name": "tp", "sigma": 5.26940158047962e-05}, {"units": "deg", "value": "161.7179194406682", "title": "longitude of the ascending node", "sigma": 0.0001479654336788, "name": "om", "label": "node"}, {"sigma": 0.000143391825216195, "name": "w", "value": "327.1329878784554", "title": "argument of perihelion", "units": "deg", "label": "peri"}, {"name": "i", "sigma": 2.0331816783027e-05, "units": "deg", "value": "10.48902677401091", "title": "inclination", "label": "i"}], "labels": ["e", "q", "tp", "node", "peri", "i"], "epoch": "2454736.5"}, "elements": [{"label": "e", "title": "eccentricity", "value": ".5212455762160042", "units": null, "sigma": "7.8253E-8", "name": "e"}, {"value": "1.821340908802459", "title": "semi-major axis", "units": "au", "name": "a", "sigma": "5.0109E-8", "label": "a"}, {"sigma": "1.4375E-7", "name": "q", "units": "au", "title": "perihelion distance", "value": ".8719750173079402", "label": "q"}, {"sigma": "2.0442E-5", "name": "i", "title": "inclination; angle with respect to x-y ecliptic plane", "value": "10.51437746269442", "units": "deg", "label": "i"}, {"value": "161.5377126960101", "title": "longitude of the ascending node", "units": "deg", "name": "om", "sigma": ".00014732", "label": "node"}, {"units": "deg", "value": "327.479250473522", "title": "argument of perihelion", "sigma": ".00014295", "name": "w", "label": "peri"}, {"label": "M", "value": "102.9284358650499", "title": "mean anomaly", "units": "deg", "name": "ma", "sigma": "9.2716E-5"}, {"sigma": ".0002207", "name": "tp", "units": "TDB", "value": "2460943.804554749245", "title": "time of perihelion passage", "label": "tp"}, {"label": "period", "name": "per", "sigma": "3.7051E-5", "units": "d", "value": "897.8117612846239", "title": "sidereal orbital period"}, {"label": "n", "units": "deg/d", "value": ".4009749209398839", "title": "mean motion", "sigma": "1.6548E-8", "name": "n"}, {"units": "au", "value": "2.770706800296977", "title": "aphelion distance", "sigma": "7.6228E-8", "name": "ad", "label": "Q"}], "epoch": "2461200.5"}