{"spkid": "50297402", "covariance": {"elements": [{"value": ".116208861975837", "title": "eccentricity", "units": null, "name": "e", "sigma": 1.20975573686086e-06, "label": "e"}, {"units": "au", "title": "perihelion distance", "value": ".8468717230129738", "sigma": 1.15555930557827e-06, "name": "q", "label": "q"}, {"sigma": 0.00026941977407042, "name": "tp", "value": "2456530.777316719659", "title": "time of perihelion passage", "units": "TDB", "label": "tp"}, {"label": "node", "value": "216.0695029740046", "title": "longitude of the ascending node", "units": "deg", "name": "om", "sigma": 2.02459384602967e-05}, {"units": "deg", "title": "argument of perihelion", "value": "313.9587542814336", "name": "w", "sigma": 0.000185489561378002, "label": "peri"}, {"units": "deg", "value": "5.423386515130849", "title": "inclination", "sigma": 7.18739095164421e-05, "name": "i", "label": "i"}], "data": [["1.463508942867762E-12", "-1.397943883436656E-12", "-2.818290238931481E-10", "1.608480073372184E-11", "-1.620750518615318E-10", "8.347205306252745E-11"], ["-1.397943883436656E-12", "1.335317308708528E-12", "2.693437715556041E-10", "-1.53721157786501E-11", "1.549464110358583E-10", "-7.971370018240649E-11"], ["-2.818290238931481E-10", "2.693437715556041E-10", "7.258701466015641E-8", "-4.142688147494291E-9", "4.848014334824577E-8", "-1.363602879250343E-8"], ["1.608480073372184E-11", "-1.53721157786501E-11", "-4.142688147494291E-9", "4.0989802413812E-10", "-2.939774451853539E-9", "7.634461927028284E-10"], ["-1.620750518615318E-10", "1.549464110358583E-10", "4.848014334824577E-8", "-2.939774451853539E-9", "3.440637738020363E-8", "-6.930659340637098E-9"], ["8.347205306252745E-11", "-7.971370018240649E-11", "-1.363602879250343E-8", "7.634461927028284E-10", "-6.930659340637098E-9", "5.165858869177705E-9"]], "labels": ["e", "q", "tp", "node", "peri", "i"], "epoch": "2456543.5"}, "elements": [{"sigma": "1.2062E-6", "name": "e", "title": "eccentricity", "value": ".1161079572732189", "units": null, "label": "e"}, {"units": "au", "value": ".958941749858917", "title": "semi-major axis", "name": "a", "sigma": "1.0538E-8", "label": "a"}, {"units": "au", "value": ".847600982138792", "title": "perihelion distance", "sigma": "1.1639E-6", "name": "q", "label": "q"}, {"units": "deg", "title": "inclination; angle with respect to x-y ecliptic plane", "value": "5.423198655271932", "name": "i", "sigma": "7.1916E-5", "label": "i"}, {"label": "node", "value": "215.7386507348688", "title": "longitude of the ascending node", "units": "deg", "name": "om", "sigma": "2.5938E-5"}, {"name": "w", "sigma": ".00017186", "units": "deg", "value": "313.5451554722934", "title": "argument of perihelion", "label": "peri"}, {"label": "M", "title": "mean anomaly", "value": "225.3875904666689", "units": "deg", "sigma": ".00025188", "name": "ma"}, {"title": "time of perihelion passage", "value": "2461328.753541092515", "units": "TDB", "name": "tp", "sigma": ".00024071", "label": "tp"}, {"name": "per", "sigma": "5.6537E-6", "title": "sidereal orbital period", "value": "342.9941931310066", "units": "d", "label": "period"}, {"label": "n", "name": "n", "sigma": "1.7301E-8", "units": "deg/d", "title": "mean motion", "value": "1.049580451242503"}, {"label": "Q", "name": "ad", "sigma": "1.1761E-8", "title": "aphelion distance", "value": "1.070282517579042", "units": "au"}], "epoch": "2461200.5"}