{"spkid": "50297415", "covariance": {"labels": ["e", "q", "tp", "node", "peri", "i"], "data": [["7.261569025579875E-15", "-1.028540875526353E-14", "-4.218320312146621E-12", "2.473371994539167E-14", "-4.758041360049714E-12", "3.045424264552346E-13"], ["-1.028540875526353E-14", "1.458317572421646E-14", "6.012572792154148E-12", "-4.055852968388263E-14", "6.769043208497477E-12", "-4.36076928735141E-13"], ["-4.218320312146621E-12", "6.012572792154148E-12", "4.550966316289864E-9", "-1.105409413284892E-9", "5.49621118163889E-9", "-7.782905411815094E-10"], ["2.473371994539167E-14", "-4.055852968388263E-14", "-1.105409413284892E-9", "7.797577368713423E-10", "-1.614526183423279E-9", "3.155454947577274E-10"], ["-4.758041360049714E-12", "6.769043208497477E-12", "5.49621118163889E-9", "-1.614526183423279E-9", "6.841300015124187E-9", "-9.727936081236949E-10"], ["3.045424264552346E-13", "-4.36076928735141E-13", "-7.782905411815094E-10", "3.155454947577274E-10", "-9.727936081236949E-10", "3.995976426270729E-10"]], "elements": [{"name": "e", "sigma": 8.52148404069378e-08, "title": "eccentricity", "value": ".2877432540810692", "units": null, "label": "e"}, {"sigma": 1.20760820319408e-07, "name": "q", "value": ".9802235964146661", "title": "perihelion distance", "units": "au", "label": "q"}, {"label": "tp", "units": "TDB", "title": "time of perihelion passage", "value": "2454244.620140017798", "sigma": 6.74608502487914e-05, "name": "tp"}, {"units": "deg", "value": "228.0245308106839", "title": "longitude of the ascending node", "name": "om", "sigma": 2.79241425449617e-05, "label": "node"}, {"value": "149.3742795985595", "title": "argument of perihelion", "units": "deg", "name": "w", "sigma": 8.27121515566134e-05, "label": "peri"}, {"title": "inclination", "value": "10.14017858983585", "units": "deg", "sigma": 1.99899385348498e-05, "name": "i", "label": "i"}], "epoch": "2454323.5"}, "elements": [{"sigma": "8.5657E-8", "name": "e", "title": "eccentricity", "value": ".2877200521325136", "units": null, "label": "e"}, {"label": "a", "name": "a", "sigma": "6.7614E-9", "value": "1.376251699396061", "title": "semi-major axis", "units": "au"}, {"label": "q", "units": "au", "value": ".980276488698366", "title": "perihelion distance", "name": "q", "sigma": "1.213E-7"}, {"label": "i", "sigma": "1.9993E-5", "name": "i", "title": "inclination; angle with respect to x-y ecliptic plane", "value": "10.14279317285025", "units": "deg"}, {"label": "node", "value": "227.9346915162651", "title": "longitude of the ascending node", "units": "deg", "sigma": "2.7921E-5", "name": "om"}, {"label": "peri", "title": "argument of perihelion", "value": "149.473095244487", "units": "deg", "sigma": "8.2694E-5", "name": "w"}, {"units": "deg", "value": "286.2367350040294", "title": "mean anomaly", "sigma": "6.6084E-5", "name": "ma", "label": "M"}, {"label": "tp", "units": "TDB", "value": "2461321.332249360310", "title": "time of perihelion passage", "sigma": ".00010903", "name": "tp"}, {"units": "d", "title": "sidereal orbital period", "value": "589.7191477639692", "sigma": "4.3459E-6", "name": "per", "label": "period"}, {"title": "mean motion", "value": ".6104600831853731", "units": "deg/d", "name": "n", "sigma": "4.4987E-9", "label": "n"}, {"label": "Q", "title": "aphelion distance", "value": "1.772226910093756", "units": "au", "sigma": "8.7068E-9", "name": "ad"}], "epoch": "2461200.5"}