{"spkid": "50290903", "covariance": {"data": [["1.184578974896153E-13", "-1.304736113101879E-13", "-5.25082555114992E-12", "1.019118859345344E-11", "-2.523562250723522E-11", "3.514339094921021E-12"], ["-1.304736113101879E-13", "1.437085360329605E-13", "5.781230859056131E-12", "-1.122875289237302E-11", "2.779730673150718E-11", "-3.870213634299259E-12"], ["-5.25082555114992E-12", "5.781230859056131E-12", "2.71089842248992E-10", "-3.728699766275402E-10", "1.080060385011224E-9", "-1.642144439093746E-10"], ["1.019118859345344E-11", "-1.122875289237302E-11", "-3.728699766275402E-10", "2.054439764913928E-9", "-3.24730542989959E-9", "5.060923270494692E-10"], ["-2.523562250723522E-11", "2.779730673150718E-11", "1.080060385011224E-9", "-3.24730542989959E-9", "6.395776711808422E-9", "-9.600571053469116E-10"], ["3.514339094921021E-12", "-3.870213634299259E-12", "-1.642144439093746E-10", "5.060923270494692E-10", "-9.600571053469116E-10", "1.713599714868069E-10"]], "elements": [{"label": "e", "value": ".2975814501115054", "title": "eccentricity", "units": null, "name": "e", "sigma": 3.44177130979987e-07}, {"title": "perihelion distance", "value": ".7906459413514699", "units": "au", "name": "q", "sigma": 3.79089087198459e-07, "label": "q"}, {"label": "tp", "name": "tp", "sigma": 1.64648061710119e-05, "title": "time of perihelion passage", "value": "2459832.150017914297", "units": "TDB"}, {"units": "deg", "title": "longitude of the ascending node", "value": "176.1291493910105", "sigma": 4.5325928174875e-05, "name": "om", "label": "node"}, {"label": "peri", "name": "w", "sigma": 7.99736000928333e-05, "units": "deg", "value": "289.9401469583185", "title": "argument of perihelion"}, {"units": "deg", "value": "6.143319106597842", "title": "inclination", "sigma": 1.30904534484794e-05, "name": "i", "label": "i"}], "labels": ["e", "q", "tp", "node", "peri", "i"], "epoch": "2459834.5"}, "elements": [{"label": "e", "name": "e", "sigma": "3.4298E-7", "units": null, "value": ".2979603544979822", "title": "eccentricity"}, {"title": "semi-major axis", "value": "1.126680137148763", "units": "au", "sigma": "8.9527E-9", "name": "a", "label": "a"}, {"name": "q", "sigma": "3.8022E-7", "value": ".7909741240780822", "title": "perihelion distance", "units": "au", "label": "q"}, {"label": "i", "name": "i", "sigma": "1.3101E-5", "title": "inclination; angle with respect to x-y ecliptic plane", "value": "6.124588982060683", "units": "deg"}, {"label": "node", "units": "deg", "value": "176.0255696586997", "title": "longitude of the ascending node", "sigma": "4.5526E-5", "name": "om"}, {"label": "peri", "units": "deg", "value": "290.1976431011697", "title": "argument of perihelion", "sigma": "8.0351E-5", "name": "w"}, {"label": "M", "name": "ma", "sigma": "6.1092E-6", "title": "mean anomaly", "value": "48.53679922589206", "units": "deg"}, {"label": "tp", "value": "2461141.606411663536", "title": "time of perihelion passage", "units": "TDB", "name": "tp", "sigma": "6.9928E-6"}, {"label": "period", "sigma": "5.2065E-6", "name": "per", "units": "d", "title": "sidereal orbital period", "value": "436.8168511164782"}, {"title": "mean motion", "value": ".8241440298831447", "units": "deg/d", "name": "n", "sigma": "9.8231E-9", "label": "n"}, {"title": "aphelion distance", "value": "1.462386150219444", "units": "au", "sigma": "1.162E-8", "name": "ad", "label": "Q"}], "epoch": "2461200.5"}