{"spkid": "50303241", "covariance": {"data": [["3.453493013625144E-15", "-6.737600692534278E-15", "1.805924666671624E-12", "-9.15457276252615E-14", "1.057607189112223E-12", "-5.824074098873114E-14"], ["-6.737600692534278E-15", "1.314586028815897E-14", "-3.513946658047953E-12", "1.781004205888801E-13", "-2.061202325372284E-12", "1.132803194054137E-13"], ["1.805924666671624E-12", "-3.513946658047953E-12", "1.027608467009515E-9", "-4.842107390876653E-11", "5.764265032181555E-10", "-3.334956068017463E-11"], ["-9.15457276252615E-14", "1.781004205888801E-13", "-4.842107390876653E-11", "1.041127737741069E-10", "-1.268981471314666E-10", "-1.812733475530962E-11"], ["1.057607189112223E-12", "-2.061202325372284E-12", "5.764265032181555E-10", "-1.268981471314666E-10", "4.374614482430003E-10", "-2.31537199105381E-13"], ["-5.824074098873114E-14", "1.132803194054137E-13", "-3.334956068017463E-11", "-1.812733475530962E-11", "-2.31537199105381E-13", "6.846682648186826E-11"]], "elements": [{"label": "e", "value": ".584902436012502", "title": "eccentricity", "units": null, "name": "e", "sigma": 5.87664276064586e-08}, {"label": "q", "name": "q", "sigma": 1.14655397989624e-07, "title": "perihelion distance", "value": ".8331697211834019", "units": "au"}, {"title": "time of perihelion passage", "value": "2457903.779191042411", "units": "TDB", "sigma": 3.20563327130462e-05, "name": "tp", "label": "tp"}, {"label": "node", "value": "247.2538091366413", "title": "longitude of the ascending node", "units": "deg", "sigma": 1.02035667182661e-05, "name": "om"}, {"name": "w", "sigma": 2.09155790797912e-05, "units": "deg", "value": "241.6709834596332", "title": "argument of perihelion", "label": "peri"}, {"sigma": 8.27446835040586e-06, "name": "i", "value": "10.9342406652531", "title": "inclination", "units": "deg", "label": "i"}], "labels": ["e", "q", "tp", "node", "peri", "i"], "epoch": "2458181.5"}, "elements": [{"label": "e", "sigma": "5.8247E-8", "name": "e", "value": ".583670969006578", "title": "eccentricity", "units": null}, {"title": "semi-major axis", "value": "2.008709942327647", "units": "au", "sigma": "7.9482E-9", "name": "a", "label": "a"}, {"sigma": "1.1384E-7", "name": "q", "units": "au", "value": ".8362842638361216", "title": "perihelion distance", "label": "q"}, {"label": "i", "sigma": "8.263E-6", "name": "i", "units": "deg", "value": "10.90736489242197", "title": "inclination; angle with respect to x-y ecliptic plane"}, {"label": "node", "value": "246.8496784201349", "title": "longitude of the ascending node", "units": "deg", "name": "om", "sigma": "1.0259E-5"}, {"title": "argument of perihelion", "value": "242.1286620842831", "units": "deg", "name": "w", "sigma": "2.1306E-5", "label": "peri"}, {"value": "61.52559630681007", "title": "mean anomaly", "units": "deg", "name": "ma", "sigma": "1.856E-5", "label": "M"}, {"units": "TDB", "title": "time of perihelion passage", "value": "2461022.783561423395", "name": "tp", "sigma": "5.2557E-5", "label": "tp"}, {"units": "d", "value": "1039.858558518293", "title": "sidereal orbital period", "name": "per", "sigma": "6.1719E-6", "label": "period"}, {"label": "n", "name": "n", "sigma": "2.0548E-9", "value": ".3462009299735613", "title": "mean motion", "units": "deg/d"}, {"title": "aphelion distance", "value": "3.181135620819171", "units": "au", "sigma": "1.2587E-8", "name": "ad", "label": "Q"}], "epoch": "2461200.5"}