{"spkid": "50311888", "covariance": {"labels": ["e", "q", "tp", "node", "peri", "i"], "data": [["1.179117151241569E-13", "-3.219543344510718E-13", "-4.207555387158043E-11", "-5.904723791753643E-11", "4.218660552101519E-12", "6.934934835916225E-12"], ["-3.219543344510718E-13", "8.902654946633792E-13", "1.279788205341583E-10", "1.939380623354427E-10", "-3.513731435793842E-11", "-2.210873483733964E-11"], ["-4.207555387158043E-11", "1.279788205341583E-10", "3.931152824482681E-8", "8.550695059316667E-8", "-4.985477099695078E-8", "-8.571514160399613E-9"], ["-5.904723791753643E-11", "1.939380623354427E-10", "8.550695059316667E-8", "3.109502120735114E-7", "-2.407898263927788E-7", "-2.335567170746971E-8"], ["4.218660552101519E-12", "-3.513731435793842E-11", "-4.985477099695078E-8", "-2.407898263927788E-7", "2.068465604435571E-7", "1.610207951585019E-8"], ["6.934934835916225E-12", "-2.210873483733964E-11", "-8.571514160399613E-9", "-2.335567170746971E-8", "1.610207951585019E-8", "2.090546289627338E-9"]], "elements": [{"label": "e", "units": null, "title": "eccentricity", "value": ".6426333678025171", "sigma": 3.43382753096536e-07, "name": "e"}, {"label": "q", "value": ".8784336543390378", "title": "perihelion distance", "units": "au", "name": "q", "sigma": 9.43538814603501e-07}, {"name": "tp", "sigma": 0.000198271350035316, "value": "2453695.412218844325", "title": "time of perihelion passage", "units": "TDB", "label": "tp"}, {"label": "node", "name": "om", "sigma": 0.00055762909901969, "units": "deg", "title": "longitude of the ascending node", "value": "13.16630482341147"}, {"name": "w", "sigma": 0.000454803870304065, "units": "deg", "value": "39.91501312755137", "title": "argument of perihelion", "label": "peri"}, {"label": "i", "sigma": 4.57224921633471e-05, "name": "i", "units": "deg", "value": "4.777300640414318", "title": "inclination"}], "epoch": "2453870.5"}, "elements": [{"label": "e", "sigma": "3.85E-7", "name": "e", "units": null, "title": "eccentricity", "value": ".636284977050688"}, {"units": "au", "title": "semi-major axis", "value": "2.468262627710306", "name": "a", "sigma": "4.1287E-7", "label": "a"}, {"units": "au", "value": ".8977441982825831", "title": "perihelion distance", "name": "q", "sigma": "1.0654E-6", "label": "q"}, {"value": "4.706759871893643", "title": "inclination; angle with respect to x-y ecliptic plane", "units": "deg", "sigma": "4.5797E-5", "name": "i", "label": "i"}, {"value": "12.2875289801124", "title": "longitude of the ascending node", "units": "deg", "name": "om", "sigma": ".00056151", "label": "node"}, {"title": "argument of perihelion", "value": "40.85355598501996", "units": "deg", "name": "w", "sigma": ".0004601", "label": "peri"}, {"value": "111.4353024149878", "title": "mean anomaly", "units": "deg", "sigma": ".00053901", "name": "ma", "label": "M"}, {"name": "tp", "sigma": ".0020107", "title": "time of perihelion passage", "value": "2460762.064437573767", "units": "TDB", "label": "tp"}, {"name": "per", "sigma": ".00035539", "value": "1416.398565381513", "title": "sidereal orbital period", "units": "d", "label": "period"}, {"sigma": "6.3773E-8", "name": "n", "units": "deg/d", "title": "mean motion", "value": ".2541657474095454", "label": "n"}, {"label": "Q", "sigma": "6.7558E-7", "name": "ad", "value": "4.038781057138029", "title": "aphelion distance", "units": "au"}], "epoch": "2461200.5"}