{"spkid": "50321690", "covariance": {"labels": ["e", "q", "tp", "node", "peri", "i"], "elements": [{"label": "e", "sigma": 7.96877220357835e-08, "name": "e", "value": ".6580587654049739", "title": "eccentricity", "units": null}, {"label": "q", "value": ".9930954022362805", "title": "perihelion distance", "units": "au", "sigma": 2.17418732962587e-07, "name": "q"}, {"label": "tp", "name": "tp", "sigma": 7.73602403598501e-05, "title": "time of perihelion passage", "value": "2453773.309453501691", "units": "TDB"}, {"sigma": 0.000284241844440651, "name": "om", "units": "deg", "value": "111.4843350474382", "title": "longitude of the ascending node", "label": "node"}, {"label": "peri", "name": "w", "sigma": 0.000254792532497999, "units": "deg", "title": "argument of perihelion", "value": "30.14636100782158"}, {"label": "i", "units": "deg", "title": "inclination", "value": "12.91772918691607", "sigma": 3.21449266241457e-05, "name": "i"}], "data": [["6.350133043252292E-15", "-1.629147150068293E-14", "2.842201321779839E-12", "1.544998430292899E-11", "-1.484943545637593E-11", "-1.456953590594158E-12"], ["-1.629147150068293E-14", "4.727090544305692E-14", "-7.030780740979313E-12", "-4.261239506801055E-11", "4.191355548860764E-11", "3.909242835656059E-12"], ["2.842201321779839E-12", "-7.030780740979313E-12", "5.984606788533778E-9", "1.904920789368761E-8", "-1.532508041104327E-8", "-2.145172126033409E-9"], ["1.544998430292899E-11", "-4.261239506801055E-11", "1.904920789368761E-8", "8.079342613102349E-8", "-7.145250600366814E-8", "-7.348496863357627E-9"], ["-1.484943545637593E-11", "4.191355548860764E-11", "-1.532508041104327E-8", "-7.145250600366814E-8", "6.491923461674396E-8", "6.222128864995291E-9"], ["-1.456953590594158E-12", "3.909242835656059E-12", "-2.145172126033409E-9", "-7.348496863357627E-9", "6.222128864995291E-9", "1.033296307671712E-9"]], "epoch": "2453898.5"}, "elements": [{"label": "e", "title": "eccentricity", "value": ".6626657042636899", "units": null, "sigma": "8.6086E-8", "name": "e"}, {"sigma": "2.4677E-7", "name": "a", "value": "2.88990429114337", "title": "semi-major axis", "units": "au", "label": "a"}, {"title": "perihelion distance", "value": ".9748638287981892", "units": "au", "sigma": "2.3486E-7", "name": "q", "label": "q"}, {"label": "i", "units": "deg", "value": "12.89086999665487", "title": "inclination; angle with respect to x-y ecliptic plane", "name": "i", "sigma": "3.1683E-5"}, {"label": "node", "name": "om", "sigma": ".00028768", "value": "111.1951004553893", "title": "longitude of the ascending node", "units": "deg"}, {"sigma": ".00025752", "name": "w", "units": "deg", "value": "30.51528273917339", "title": "argument of perihelion", "label": "peri"}, {"label": "M", "units": "deg", "title": "mean anomaly", "value": "50.22617215681386", "sigma": ".00018212", "name": "ma"}, {"label": "tp", "sigma": ".00087577", "name": "tp", "units": "TDB", "value": "2460950.147924127442", "title": "time of perihelion passage"}, {"units": "d", "value": "1794.417998503471", "title": "sidereal orbital period", "name": "per", "sigma": ".00022984", "label": "period"}, {"name": "n", "sigma": "2.5697E-8", "units": "deg/d", "title": "mean motion", "value": ".2006221517507274", "label": "n"}, {"label": "Q", "units": "au", "title": "aphelion distance", "value": "4.804944753488551", "sigma": "4.1029E-7", "name": "ad"}], "epoch": "2461200.5"}