{"spkid": "50330709", "covariance": {"epoch": "2456451.5", "labels": ["e", "q", "tp", "node", "peri", "i"], "elements": [{"label": "e", "units": null, "value": ".3098956912816659", "title": "eccentricity", "name": "e", "sigma": 3.81591940810479e-08}, {"name": "q", "sigma": 5.66197354056493e-08, "value": "1.021781527393917", "title": "perihelion distance", "units": "au", "label": "q"}, {"value": "2456486.390351885288", "title": "time of perihelion passage", "units": "TDB", "name": "tp", "sigma": 5.5135036708396e-05, "label": "tp"}, {"name": "om", "sigma": 0.000429552705826425, "units": "deg", "value": "180.3948385452791", "title": "longitude of the ascending node", "label": "node"}, {"name": "w", "sigma": 0.000483066485044727, "title": "argument of perihelion", "value": "38.09970943897532", "units": "deg", "label": "peri"}, {"name": "i", "sigma": 6.56703080597707e-06, "title": "inclination", "value": "1.00205276976852", "units": "deg", "label": "i"}], "data": [["1.456124092915081E-15", "-2.160526516531657E-15", "-1.814965977354979E-12", "1.313390389586374E-11", "-1.513146768035025E-11", "1.714087167227223E-13"], ["-2.160526516531657E-15", "3.205794437405732E-15", "2.688777230387323E-12", "-1.946640313022122E-11", "2.242550939337549E-11", "-2.537542737077805E-13"], ["-1.814965977354979E-12", "2.688777230387323E-12", "3.039872272836175E-9", "-2.044997585450821E-8", "2.380299097900135E-8", "-3.067755246642134E-10"], ["1.313390389586374E-11", "-1.946640313022122E-11", "-2.044997585450821E-8", "1.845155270828029E-7", "-2.070847469894703E-7", "2.734131111010223E-9"], ["-1.513146768035025E-11", "2.242550939337549E-11", "2.380299097900135E-8", "-2.070847469894703E-7", "2.333532289734679E-7", "-3.073268267320754E-9"], ["1.714087167227223E-13", "-2.537542737077805E-13", "-3.067755246642134E-10", "2.734131111010223E-9", "-3.073268267320754E-9", "4.312589360665185E-11"]]}, "elements": [{"label": "e", "name": "e", "sigma": "4.0472E-8", "title": "eccentricity", "value": ".3114536649498824", "units": null}, {"sigma": "5.3404E-9", "name": "a", "units": "au", "title": "semi-major axis", "value": "1.484712751620367", "label": "a"}, {"label": "q", "units": "au", "value": "1.022293523730379", "title": "perihelion distance", "name": "q", "sigma": "5.6494E-8"}, {"value": ".984267629759027", "title": "inclination; angle with respect to x-y ecliptic plane", "units": "deg", "sigma": "6.3947E-6", "name": "i", "label": "i"}, {"name": "om", "sigma": ".00045003", "units": "deg", "title": "longitude of the ascending node", "value": "178.6707678795952", "label": "node"}, {"label": "peri", "sigma": ".00050408", "name": "w", "title": "argument of perihelion", "value": "40.10966321366707", "units": "deg"}, {"sigma": "2.0849E-5", "name": "ma", "value": "50.30288673143274", "title": "mean anomaly", "units": "deg", "label": "M"}, {"label": "tp", "name": "tp", "sigma": "3.852E-5", "units": "TDB", "value": "2461108.167946928039", "title": "time of perihelion passage"}, {"units": "d", "value": "660.787904347754", "title": "sidereal orbital period", "name": "per", "sigma": "3.5652E-6", "label": "period"}, {"name": "n", "sigma": "2.9394E-9", "title": "mean motion", "value": ".5448041612616175", "units": "deg/d", "label": "n"}, {"label": "Q", "sigma": "7.0037E-9", "name": "ad", "title": "aphelion distance", "value": "1.947131979510355", "units": "au"}], "epoch": "2461200.5"}