{"spkid": "50333633", "covariance": {"epoch": "2459647.5", "labels": ["e", "q", "tp", "node", "peri", "i"], "data": [["2.036373535682801E-15", "-2.509837886191529E-15", "-1.794716874001764E-13", "-2.62131922914227E-13", "-9.3153622289606E-14", "-3.266763695605716E-14"], ["-2.509837886191529E-15", "3.096509637921173E-15", "2.025530836752921E-13", "3.238588599106777E-13", "1.001999722117824E-13", "4.170580866758464E-14"], ["-1.794716874001764E-13", "2.025530836752921E-13", "4.511498869771691E-10", "2.077753594752224E-11", "3.436380776705754E-10", "-4.909951707221898E-11"], ["-2.62131922914227E-13", "3.238588599106777E-13", "2.077753594752224E-11", "4.398284485064453E-10", "-3.90014925211396E-10", "6.350884213412105E-12"], ["-9.3153622289606E-14", "1.001999722117824E-13", "3.436380776705754E-10", "-3.90014925211396E-10", "6.626272987072651E-10", "-3.822998441883812E-11"], ["-3.266763695605716E-14", "4.170580866758464E-14", "-4.909951707221898E-11", "6.350884213412105E-12", "-3.822998441883812E-11", "1.601167171127866E-11"]], "elements": [{"name": "e", "sigma": 4.51261956703953e-08, "value": ".1756683904769653", "title": "eccentricity", "units": null, "label": "e"}, {"name": "q", "sigma": 5.56462904237216e-08, "units": "au", "value": "1.026145880612205", "title": "perihelion distance", "label": "q"}, {"units": "TDB", "value": "2459801.566203896506", "title": "time of perihelion passage", "sigma": 2.12402892394894e-05, "name": "tp", "label": "tp"}, {"value": "88.65441672624192", "title": "longitude of the ascending node", "units": "deg", "sigma": 2.09720873664603e-05, "name": "om", "label": "node"}, {"name": "w", "sigma": 2.57415481023824e-05, "title": "argument of perihelion", "value": "18.26436542871588", "units": "deg", "label": "peri"}, {"value": "9.606536850213688", "title": "inclination", "units": "deg", "sigma": 4.00145869793487e-06, "name": "i", "label": "i"}]}, "elements": [{"label": "e", "sigma": "4.4883E-8", "name": "e", "title": "eccentricity", "value": ".1753315683881891", "units": null}, {"label": "a", "sigma": "2.2718E-9", "name": "a", "value": "1.244262142638359", "title": "semi-major axis", "units": "au"}, {"sigma": "5.5769E-8", "name": "q", "value": "1.026103709683527", "title": "perihelion distance", "units": "au", "label": "q"}, {"title": "inclination; angle with respect to x-y ecliptic plane", "value": "9.607555492378685", "units": "deg", "sigma": "4.0021E-6", "name": "i", "label": "i"}, {"label": "node", "name": "om", "sigma": "2.0975E-5", "units": "deg", "title": "longitude of the ascending node", "value": "88.61571724888098"}, {"value": "18.36840688780601", "title": "argument of perihelion", "units": "deg", "sigma": "2.579E-5", "name": "w", "label": "peri"}, {"label": "M", "sigma": "1.3703E-5", "name": "ma", "value": "273.1370200106437", "title": "mean anomaly", "units": "deg"}, {"label": "tp", "units": "TDB", "title": "time of perihelion passage", "value": "2461322.820284396320", "name": "tp", "sigma": "1.9139E-5"}, {"title": "sidereal orbital period", "value": "506.9513202065014", "units": "d", "name": "per", "sigma": "1.3884E-6", "label": "period"}, {"value": ".7101273547396182", "title": "mean motion", "units": "deg/d", "name": "n", "sigma": "1.9449E-9", "label": "n"}, {"value": "1.462420575593191", "title": "aphelion distance", "units": "au", "sigma": "2.6701E-9", "name": "ad", "label": "Q"}], "epoch": "2461200.5"}