{"spkid": "50335636", "covariance": {"data": [["4.163646354040625E-15", "-9.242616281324202E-15", "3.123322433029605E-12", "-1.584747948998341E-12", "2.517352787046982E-12", "-7.785964352304773E-13"], ["-9.242616281324202E-15", "2.052800084047741E-14", "-6.865173655463154E-12", "3.571539506070619E-12", "-5.630135697714316E-12", "1.765983752528861E-12"], ["3.123322433029605E-12", "-6.865173655463154E-12", "2.956056550471526E-9", "-1.982504275526318E-9", "2.769913156243487E-9", "-8.082230981456392E-10"], ["-1.584747948998341E-12", "3.571539506070619E-12", "-1.982504275526318E-9", "1.023778606973879E-8", "-1.035086792475781E-8", "4.195474318521573E-9"], ["2.517352787046982E-12", "-5.630135697714316E-12", "2.769913156243487E-9", "-1.035086792475781E-8", "1.074487494121176E-8", "-4.195114488029082E-9"], ["-7.785964352304773E-13", "1.765983752528861E-12", "-8.082230981456392E-10", "4.195474318521573E-9", "-4.195114488029082E-9", "1.974652756555764E-9"]], "elements": [{"label": "e", "sigma": 6.45263229545945e-08, "name": "e", "title": "eccentricity", "value": ".6977656315979254", "units": null}, {"units": "au", "value": ".702415626962697", "title": "perihelion distance", "name": "q", "sigma": 1.43275960441651e-07, "label": "q"}, {"sigma": 5.4369628934466e-05, "name": "tp", "value": "2456534.197048455598", "title": "time of perihelion passage", "units": "TDB", "label": "tp"}, {"name": "om", "sigma": 0.000101181945374354, "units": "deg", "value": "66.59663167643799", "title": "longitude of the ascending node", "label": "node"}, {"units": "deg", "title": "argument of perihelion", "value": "274.86677594362", "sigma": 0.000103657488592054, "name": "w", "label": "peri"}, {"value": "5.941716933132916", "title": "inclination", "units": "deg", "sigma": 4.44370651208624e-05, "name": "i", "label": "i"}], "labels": ["e", "q", "tp", "node", "peri", "i"], "epoch": "2456891.5"}, "elements": [{"label": "e", "sigma": "7.0219E-8", "name": "e", "units": null, "value": ".7016498032862104", "title": "eccentricity"}, {"units": "au", "value": "2.315871065760565", "title": "semi-major axis", "sigma": "6.4835E-8", "name": "a", "label": "a"}, {"sigma": "1.4472E-7", "name": "q", "units": "au", "title": "perihelion distance", "value": ".6909405880334383", "label": "q"}, {"sigma": "4.438E-5", "name": "i", "units": "deg", "title": "inclination; angle with respect to x-y ecliptic plane", "value": "5.953852183396108", "label": "i"}, {"label": "node", "title": "longitude of the ascending node", "value": "65.36800178436773", "units": "deg", "sigma": ".0001021", "name": "om"}, {"name": "w", "sigma": ".00010386", "title": "argument of perihelion", "value": "276.18206083", "units": "deg", "label": "peri"}, {"units": "deg", "value": "222.5599120854174", "title": "mean anomaly", "sigma": "3.9666E-5", "name": "ma", "label": "M"}, {"sigma": ".00016234", "name": "tp", "title": "time of perihelion passage", "value": "2461691.951783516466", "units": "TDB", "label": "tp"}, {"sigma": "5.4057E-5", "name": "per", "value": "1287.271019325039", "title": "sidereal orbital period", "units": "d", "label": "period"}, {"label": "n", "sigma": "1.1744E-8", "name": "n", "units": "deg/d", "value": ".2796613880026294", "title": "mean motion"}, {"name": "ad", "sigma": "1.1033E-7", "units": "au", "value": "3.940801543487693", "title": "aphelion distance", "label": "Q"}], "epoch": "2461200.5"}