{"spkid": "50348167", "covariance": {"elements": [{"label": "e", "value": ".3975111426355846", "title": "eccentricity", "units": null, "name": "e", "sigma": 4.62381341754193e-06}, {"sigma": 4.33103145743393e-06, "name": "q", "units": "au", "value": ".5665143236061859", "title": "perihelion distance", "label": "q"}, {"label": "tp", "name": "tp", "sigma": 0.000351566637591816, "units": "TDB", "value": "2455433.460542847293", "title": "time of perihelion passage"}, {"label": "node", "sigma": 2.84594305782495e-05, "name": "om", "title": "longitude of the ascending node", "value": "195.4149687037275", "units": "deg"}, {"label": "peri", "sigma": 0.000112063072312032, "name": "w", "title": "argument of perihelion", "value": "315.2254782329803", "units": "deg"}, {"title": "inclination", "value": "11.60721137660799", "units": "deg", "sigma": 7.34705117735414e-05, "name": "i", "label": "i"}], "data": [["2.137965052024079E-11", "-2.002587186328061E-11", "-1.601565179670489E-9", "9.661802791718024E-11", "4.596231841588163E-10", "2.472415884569926E-10"], ["-2.002587186328061E-11", "1.875783348528231E-11", "1.500392862007184E-9", "-9.050703149296236E-11", "-4.303323967384347E-10", "-2.314474151658095E-10"], ["-1.601565179670489E-9", "1.500392862007184E-9", "1.235991006676156E-7", "-7.351337450726726E-9", "-3.154977037763604E-8", "-1.647785692032155E-8"], ["9.661802791718024E-11", "-9.050703149296236E-11", "-7.351337450726726E-9", "8.099391888382003E-10", "1.620469073297532E-9", "1.251819915962971E-9"], ["4.596231841588163E-10", "-4.303323967384347E-10", "-3.154977037763604E-8", "1.620469073297532E-9", "1.255813217601173E-8", "6.76750370950493E-9"], ["2.472415884569926E-10", "-2.314474151658095E-10", "-1.647785692032155E-8", "1.251819915962971E-9", "6.76750370950493E-9", "5.397916100266086E-9"]], "labels": ["e", "q", "tp", "node", "peri", "i"], "epoch": "2455433.5"}, "elements": [{"name": "e", "sigma": "4.6252E-6", "units": null, "value": ".3974610259359521", "title": "eccentricity", "label": "e"}, {"label": "a", "title": "semi-major axis", "value": ".9404432290582058", "units": "au", "sigma": "3.3416E-8", "name": "a"}, {"sigma": "4.3298E-6", "name": "q", "units": "au", "value": ".5666536984022117", "title": "perihelion distance", "label": "q"}, {"label": "i", "name": "i", "sigma": "7.3507E-5", "units": "deg", "value": "11.60932324244743", "title": "inclination; angle with respect to x-y ecliptic plane"}, {"name": "om", "sigma": "2.8024E-5", "units": "deg", "title": "longitude of the ascending node", "value": "195.3212193738746", "label": "node"}, {"label": "peri", "name": "w", "sigma": ".0001144", "title": "argument of perihelion", "value": "315.2958825855935", "units": "deg"}, {"label": "M", "title": "mean anomaly", "value": "113.9810105791738", "units": "deg", "name": "ma", "sigma": ".00016036"}, {"label": "tp", "name": "tp", "sigma": ".00015151", "units": "TDB", "title": "time of perihelion passage", "value": "2461095.030398454799"}, {"label": "period", "units": "d", "value": "333.1173882679172", "title": "sidereal orbital period", "sigma": "1.7755E-5", "name": "per"}, {"name": "n", "sigma": "5.76E-8", "units": "deg/d", "value": "1.080700115571457", "title": "mean motion", "label": "n"}, {"units": "au", "value": "1.3142327597142", "title": "aphelion distance", "sigma": "4.6698E-8", "name": "ad", "label": "Q"}], "epoch": "2461200.5"}