{"spkid": "50358245", "covariance": {"epoch": "2454657.5", "labels": ["e", "q", "tp", "node", "peri", "i"], "data": [["1.532088388177621E-11", "-1.452610658134428E-11", "-1.059272676979003E-9", "-6.861915469938956E-11", "-6.311904917386685E-10", "2.2294774535408E-10"], ["-1.452610658134428E-11", "1.377257778411186E-11", "1.004400173912623E-9", "6.505026473526531E-11", "5.985120360405435E-10", "-2.113189636767809E-10"], ["-1.059272676979003E-9", "1.004400173912623E-9", "7.389420527989918E-8", "4.615565809564582E-9", "4.433750278249138E-8", "-1.486751790591652E-8"], ["-6.861915469938956E-11", "6.505026473526531E-11", "4.615565809564582E-9", "4.460225906524137E-10", "2.582963169851381E-9", "-8.178373979650045E-10"], ["-6.311904917386685E-10", "5.985120360405435E-10", "4.433750278249138E-8", "2.582963169851381E-9", "2.686170040669982E-8", "-8.848540445636106E-9"], ["2.2294774535408E-10", "-2.113189636767809E-10", "-1.486751790591652E-8", "-8.178373979650045E-10", "-8.848540445636106E-9", "4.989653044875488E-9"]], "elements": [{"units": null, "title": "eccentricity", "value": ".2907322591985244", "name": "e", "sigma": 3.91419006715006e-06, "label": "e"}, {"units": "au", "title": "perihelion distance", "value": ".6626505557480159", "name": "q", "sigma": 3.7111423826245e-06, "label": "q"}, {"units": "TDB", "title": "time of perihelion passage", "value": "2454796.415267564962", "name": "tp", "sigma": 0.000271834886061188, "label": "tp"}, {"title": "longitude of the ascending node", "value": "47.37497684364561", "units": "deg", "name": "om", "sigma": 2.11192469243677e-05, "label": "node"}, {"units": "deg", "value": "126.4558526364368", "title": "argument of perihelion", "name": "w", "sigma": 0.000163895394708637, "label": "peri"}, {"label": "i", "name": "i", "sigma": 7.06374762068655e-05, "units": "deg", "value": "9.819358519155418", "title": "inclination"}]}, "elements": [{"label": "e", "sigma": "4.0099E-6", "name": "e", "units": null, "value": ".2906961845308287", "title": "eccentricity"}, {"sigma": "8.0964E-8", "name": "a", "value": ".9343893420302587", "title": "semi-major axis", "units": "au", "label": "a"}, {"label": "q", "name": "q", "sigma": "3.6894E-6", "value": ".662765925435791", "title": "perihelion distance", "units": "au"}, {"label": "i", "units": "deg", "value": "9.812320883264565", "title": "inclination; angle with respect to x-y ecliptic plane", "sigma": "6.8742E-5", "name": "i"}, {"label": "node", "name": "om", "sigma": "2.0592E-5", "value": "47.16977084235439", "title": "longitude of the ascending node", "units": "deg"}, {"sigma": ".00014425", "name": "w", "units": "deg", "value": "126.6742596531812", "title": "argument of perihelion", "label": "peri"}, {"label": "M", "sigma": ".0006619", "name": "ma", "units": "deg", "value": "150.0940218532352", "title": "mean anomaly"}, {"label": "tp", "value": "2461062.952996009608", "title": "time of perihelion passage", "units": "TDB", "name": "tp", "sigma": ".00062441"}, {"label": "period", "value": "329.9060204073943", "title": "sidereal orbital period", "units": "d", "name": "per", "sigma": "4.2879E-5"}, {"label": "n", "name": "n", "sigma": "1.4183E-7", "title": "mean motion", "value": "1.091219855749959", "units": "deg/d"}, {"label": "Q", "sigma": "1.045E-7", "name": "ad", "title": "aphelion distance", "value": "1.206012758624726", "units": "au"}], "epoch": "2461200.5"}