{"spkid": "50351858", "covariance": {"epoch": "2456996.5", "data": [["4.027021650366122E-15", "-1.052083305275008E-14", "5.095669170078189E-13", "-1.819057463683888E-12", "1.842388915762146E-12", "-1.513481733487064E-13"], ["-1.052083305275008E-14", "2.75051932439432E-14", "-1.515789357015624E-12", "4.937146344461414E-12", "-5.052285245339105E-12", "3.759610694094014E-13"], ["5.095669170078189E-13", "-1.515789357015624E-12", "2.349841840928032E-9", "-2.562001368217139E-9", "3.291142387455671E-9", "2.520999653996184E-10"], ["-1.819057463683888E-12", "4.937146344461414E-12", "-2.562001368217139E-9", "1.678294978040303E-8", "-1.754402694472913E-8", "-8.226845702329912E-10"], ["1.842388915762146E-12", "-5.052285245339105E-12", "3.291142387455671E-9", "-1.754402694472913E-8", "1.8558579716382E-8", "9.100354914186168E-10"], ["-1.513481733487064E-13", "3.759610694094014E-13", "2.520999653996184E-10", "-8.226845702329912E-10", "9.100354914186168E-10", "9.487603428904682E-11"]], "elements": [{"label": "e", "title": "eccentricity", "value": ".8111057935674053", "units": null, "sigma": 6.34588185390031e-08, "name": "e"}, {"sigma": 1.65846896998235e-07, "name": "q", "units": "au", "title": "perihelion distance", "value": ".4678138427030745", "label": "q"}, {"value": "2456828.834050092652", "title": "time of perihelion passage", "units": "TDB", "name": "tp", "sigma": 4.84751672604441e-05, "label": "tp"}, {"name": "om", "sigma": 0.000129549024621581, "units": "deg", "title": "longitude of the ascending node", "value": "47.7063068518009", "label": "node"}, {"name": "w", "sigma": 0.000136229878207323, "units": "deg", "value": "235.7185536255938", "title": "argument of perihelion", "label": "peri"}, {"label": "i", "sigma": 9.74043296209398e-06, "name": "i", "units": "deg", "value": "3.728605401207205", "title": "inclination"}], "labels": ["e", "q", "tp", "node", "peri", "i"]}, "elements": [{"label": "e", "units": null, "title": "eccentricity", "value": ".8120644630590438", "sigma": "6.4349E-8", "name": "e"}, {"name": "a", "sigma": "2.8301E-8", "title": "semi-major axis", "value": "2.475753651109503", "units": "au", "label": "a"}, {"name": "q", "sigma": "1.6308E-7", "units": "au", "title": "perihelion distance", "value": ".4652820917547973", "label": "q"}, {"label": "i", "units": "deg", "title": "inclination; angle with respect to x-y ecliptic plane", "value": "3.721738768647125", "sigma": "9.7514E-6", "name": "i"}, {"title": "longitude of the ascending node", "value": "47.48199124275178", "units": "deg", "sigma": ".00013008", "name": "om", "label": "node"}, {"sigma": ".00013671", "name": "w", "title": "argument of perihelion", "value": "235.9359246832534", "units": "deg", "label": "peri"}, {"name": "ma", "sigma": "2.3364E-5", "title": "mean anomaly", "value": "25.32003802286679", "units": "deg", "label": "M"}, {"value": "2461100.425962473414", "title": "time of perihelion passage", "units": "TDB", "sigma": "9.1016E-5", "name": "tp", "label": "tp"}, {"sigma": "2.4398E-5", "name": "per", "title": "sidereal orbital period", "value": "1422.851477435966", "units": "d", "label": "period"}, {"label": "n", "name": "n", "sigma": "4.3384E-9", "units": "deg/d", "title": "mean motion", "value": ".2530130556203478"}, {"label": "Q", "sigma": "5.1284E-8", "name": "ad", "title": "aphelion distance", "value": "4.48622521046421", "units": "au"}], "epoch": "2461200.5"}