{"spkid": "50358545", "covariance": {"labels": ["e", "q", "tp", "node", "peri", "i"], "elements": [{"name": "e", "sigma": 9.78412966699195e-08, "title": "eccentricity", "value": ".3035997064385036", "units": null, "label": "e"}, {"label": "q", "sigma": 7.97691372141053e-08, "name": "q", "title": "perihelion distance", "value": ".5693865779132852", "units": "au"}, {"sigma": 2.40222875927989e-05, "name": "tp", "units": "TDB", "title": "time of perihelion passage", "value": "2458759.253098672240", "label": "tp"}, {"name": "om", "sigma": 9.41221675519906e-05, "units": "deg", "title": "longitude of the ascending node", "value": "96.60395883101695", "label": "node"}, {"sigma": 9.14178728040152e-05, "name": "w", "units": "deg", "title": "argument of perihelion", "value": "115.2123151665019", "label": "peri"}, {"label": "i", "sigma": 8.67153886383712e-06, "name": "i", "units": "deg", "value": "5.860930954019381", "title": "inclination"}], "data": [["9.572919334051202E-15", "-7.804406420709062E-15", "-6.248250156894546E-13", "-4.632162507239787E-12", "4.196633454909508E-12", "6.937647741313057E-13"], ["-7.804406420709062E-15", "6.363115251882763E-15", "5.102885484896421E-13", "3.791211099507615E-12", "-3.434432483092362E-12", "-5.664892874062012E-13"], ["-6.248250156894546E-13", "5.102885484896421E-13", "5.770703011911415E-10", "5.014412361409539E-10", "-8.206060079314746E-11", "-7.979764307318338E-11"], ["-4.632162507239787E-12", "3.791211099507615E-12", "5.014412361409539E-10", "8.85898242468499E-9", "-8.451948905704001E-9", "-6.37336969373383E-10"], ["4.196633454909508E-12", "-3.434432483092362E-12", "-8.206060079314746E-11", "-8.451948905704001E-9", "8.357227468011111E-9", "5.791665443430546E-10"], ["6.937647741313057E-13", "-5.664892874062012E-13", "-7.979764307318338E-11", "-6.37336969373383E-10", "5.791665443430546E-10", "7.51955862670375E-11"]], "epoch": "2458719.5"}, "elements": [{"label": "e", "value": ".3034250315201028", "title": "eccentricity", "units": null, "name": "e", "sigma": "9.7932E-8"}, {"name": "a", "sigma": "1.2487E-9", "units": "au", "value": ".8176103524555437", "title": "semi-major axis", "label": "a"}, {"label": "q", "title": "perihelion distance", "value": ".569526905490558", "units": "au", "name": "q", "sigma": "7.9637E-8"}, {"sigma": "8.6737E-6", "name": "i", "value": "5.863780978914026", "title": "inclination; angle with respect to x-y ecliptic plane", "units": "deg", "label": "i"}, {"units": "deg", "value": "96.43652108305118", "title": "longitude of the ascending node", "name": "om", "sigma": "9.3868E-5", "label": "node"}, {"title": "argument of perihelion", "value": "115.2722704166651", "units": "deg", "sigma": "9.1255E-5", "name": "w", "label": "peri"}, {"name": "ma", "sigma": "3.039E-5", "units": "deg", "value": "14.61968654225242", "title": "mean anomaly", "label": "M"}, {"label": "tp", "sigma": "2.2803E-5", "name": "tp", "units": "TDB", "value": "2461189.533865710055", "title": "time of perihelion passage"}, {"units": "d", "title": "sidereal orbital period", "value": "270.0337201464927", "name": "per", "sigma": "6.1863E-7", "label": "period"}, {"title": "mean motion", "value": "1.333166834885291", "units": "deg/d", "sigma": "3.0542E-9", "name": "n", "label": "n"}, {"title": "aphelion distance", "value": "1.065693799420529", "units": "au", "sigma": "1.6276E-9", "name": "ad", "label": "Q"}], "epoch": "2461200.5"}