{"spkid": "50363719", "covariance": {"epoch": "2454487.5", "labels": ["e", "q", "tp", "node", "peri", "i"], "data": [["7.612925145294191E-12", "-6.399792364784855E-12", "1.379633722963709E-9", "9.898731553524073E-11", "7.095927490849885E-10", "3.507754310389789E-10"], ["-6.399792364784855E-12", "5.379976698998866E-12", "-1.159787270108011E-9", "-8.321543571105868E-11", "-5.965168274662163E-10", "-2.94888363082661E-10"], ["1.379633722963709E-9", "-1.159787270108011E-9", "2.534766828485E-7", "1.751038875144946E-8", "1.313612951652386E-7", "6.263070609669422E-8"], ["9.898731553524073E-11", "-8.321543571105868E-11", "1.751038875144946E-8", "1.665873071841867E-9", "8.567505303106017E-9", "4.995453701597092E-9"], ["7.095927490849885E-10", "-5.965168274662163E-10", "1.313612951652386E-7", "8.567505303106017E-9", "6.867026738372008E-8", "3.164180896944678E-8"], ["3.507754310389789E-10", "-2.94888363082661E-10", "6.263070609669422E-8", "4.995453701597092E-9", "3.164180896944678E-8", "1.737496149813837E-8"]], "elements": [{"label": "e", "units": null, "value": ".3011288793781305", "title": "eccentricity", "sigma": 2.75915297605881e-06, "name": "e"}, {"units": "au", "value": ".5864115698345018", "title": "perihelion distance", "sigma": 2.31947767805574e-06, "name": "q", "label": "q"}, {"units": "TDB", "title": "time of perihelion passage", "value": "2454545.105221414567", "name": "tp", "sigma": 0.000503464678848973, "label": "tp"}, {"name": "om", "sigma": 4.08151083771912e-05, "value": "266.8476066848871", "title": "longitude of the ascending node", "units": "deg", "label": "node"}, {"label": "peri", "units": "deg", "value": "29.03846423598776", "title": "argument of perihelion", "name": "w", "sigma": 0.000262050123800238}, {"label": "i", "name": "i", "sigma": 0.000131814117218674, "value": "8.468346530372937", "title": "inclination", "units": "deg"}]}, "elements": [{"value": ".3012626109257903", "title": "eccentricity", "units": null, "sigma": "2.7557E-6", "name": "e", "label": "e"}, {"sigma": "1.1897E-8", "name": "a", "units": "au", "title": "semi-major axis", "value": ".8388991057733111", "label": "a"}, {"label": "q", "units": "au", "value": ".5861701708647327", "title": "perihelion distance", "name": "q", "sigma": "2.3199E-6"}, {"label": "i", "sigma": ".00013206", "name": "i", "units": "deg", "value": "8.465790676942499", "title": "inclination; angle with respect to x-y ecliptic plane"}, {"units": "deg", "title": "longitude of the ascending node", "value": "266.6492010497279", "name": "om", "sigma": "4.3945E-5", "label": "node"}, {"label": "peri", "name": "w", "sigma": ".00026666", "units": "deg", "value": "29.09123650758206", "title": "argument of perihelion"}, {"label": "M", "sigma": ".00051898", "name": "ma", "title": "mean anomaly", "value": "255.799272511728", "units": "deg"}, {"label": "tp", "units": "TDB", "value": "2461281.732772171765", "title": "time of perihelion passage", "name": "tp", "sigma": ".0004029"}, {"value": "280.6486930249781", "title": "sidereal orbital period", "units": "d", "name": "per", "sigma": "5.9702E-6", "label": "period"}, {"label": "n", "units": "deg/d", "value": "1.28274247821977", "title": "mean motion", "name": "n", "sigma": "2.7288E-8"}, {"name": "ad", "sigma": "1.5481E-8", "units": "au", "value": "1.091628040681889", "title": "aphelion distance", "label": "Q"}], "epoch": "2461200.5"}