{"spkid": "50368427", "covariance": {"data": [["3.114910199411683E-12", "-3.359763173660639E-12", "-3.689395249201848E-10", "8.553488813007139E-11", "-2.168760634356957E-10", "5.893504307563117E-11"], ["-3.359763173660639E-12", "3.623863869669972E-12", "3.97954925170973E-10", "-9.225995309699456E-11", "2.339369596049067E-10", "-6.356774353851306E-11"], ["-3.689395249201848E-10", "3.97954925170973E-10", "4.456933570049695E-8", "-1.021471594200411E-8", "2.652564836560812E-8", "-6.959014875681222E-9"], ["8.553488813007139E-11", "-9.225995309699456E-11", "-1.021471594200411E-8", "2.514762826890624E-9", "-6.194132309931473E-9", "1.615088688231453E-9"], ["-2.168760634356957E-10", "2.339369596049067E-10", "2.652564836560812E-8", "-6.194132309931473E-9", "1.606748931926139E-8", "-4.080834081339632E-9"], ["5.893504307563117E-11", "-6.356774353851306E-11", "-6.959014875681222E-9", "1.615088688231453E-9", "-4.080834081339632E-9", "1.117899002640561E-9"]], "elements": [{"name": "e", "sigma": 1.76491081911004e-06, "units": null, "title": "eccentricity", "value": ".1160792385244475", "label": "e"}, {"sigma": 1.90364489064268e-06, "name": "q", "units": "au", "title": "perihelion distance", "value": ".8753987696276344", "label": "q"}, {"units": "TDB", "title": "time of perihelion passage", "value": "2455498.528528963614", "name": "tp", "sigma": 0.00021111450850308, "label": "tp"}, {"units": "deg", "value": "330.6049502740998", "title": "longitude of the ascending node", "name": "om", "sigma": 5.01474109689685e-05, "label": "node"}, {"label": "peri", "units": "deg", "value": "75.24246551470564", "title": "argument of perihelion", "name": "w", "sigma": 0.000126757600637048}, {"label": "i", "name": "i", "sigma": 3.34349966747503e-05, "value": "2.5286815334782", "title": "inclination", "units": "deg"}], "labels": ["e", "q", "tp", "node", "peri", "i"], "epoch": "2455506.5"}, "elements": [{"label": "e", "sigma": "1.7758E-6", "name": "e", "units": null, "value": ".115633731391416", "title": "eccentricity"}, {"label": "a", "units": "au", "value": ".9874711321930323", "title": "semi-major axis", "name": "a", "sigma": "7.7562E-8"}, {"sigma": "1.822E-6", "name": "q", "units": "au", "title": "perihelion distance", "value": ".8732861605362457", "label": "q"}, {"label": "i", "title": "inclination; angle with respect to x-y ecliptic plane", "value": "2.623531158735556", "units": "deg", "sigma": "3.0357E-5", "name": "i"}, {"label": "node", "sigma": ".00011232", "name": "om", "units": "deg", "value": "328.9727320101107", "title": "longitude of the ascending node"}, {"label": "peri", "name": "w", "sigma": ".00022629", "units": "deg", "title": "argument of perihelion", "value": "77.60182807277576"}, {"units": "deg", "title": "mean anomaly", "value": "324.5234812074039", "name": "ma", "sigma": ".0010307", "label": "M"}, {"sigma": ".0010303", "name": "tp", "title": "time of perihelion passage", "value": "2461235.820231037434", "units": "TDB", "label": "tp"}, {"label": "period", "name": "per", "sigma": "4.2228E-5", "title": "sidereal orbital period", "value": "358.4140610811522", "units": "d"}, {"label": "n", "title": "mean motion", "value": "1.004424879186", "units": "deg/d", "name": "n", "sigma": "1.1834E-7"}, {"name": "ad", "sigma": "8.6531E-8", "units": "au", "title": "aphelion distance", "value": "1.101656103849819", "label": "Q"}], "epoch": "2461200.5"}