{"spkid": "50367927", "covariance": {"elements": [{"title": "eccentricity", "value": ".3868132386617172", "units": null, "name": "e", "sigma": 4.90420105174768e-07, "label": "e"}, {"label": "q", "name": "q", "sigma": 4.20492698933965e-07, "units": "au", "title": "perihelion distance", "value": ".5243857952714719"}, {"label": "tp", "value": "2457531.405123689848", "title": "time of perihelion passage", "units": "TDB", "name": "tp", "sigma": 4.16774091563098e-05}, {"sigma": 3.81564482358386e-05, "name": "om", "units": "deg", "value": "321.6527012341729", "title": "longitude of the ascending node", "label": "node"}, {"label": "peri", "units": "deg", "title": "argument of perihelion", "value": "44.48843380839793", "sigma": 3.45212330155705e-05, "name": "w"}, {"label": "i", "value": "2.893149637752174", "title": "inclination", "units": "deg", "sigma": 1.14788829430105e-05, "name": "i"}], "data": [["2.405118795596307E-13", "-2.062175968382895E-13", "2.235884279733428E-12", "5.648612477109251E-12", "1.617722560492994E-12", "2.9839712772303E-12", "1.776727159854604E-20"], ["-2.062175968382895E-13", "1.768141098567698E-13", "-1.881655708335731E-12", "-4.832750607539016E-12", "-1.378798852209512E-12", "-2.558912376648351E-12", "-1.523877861743531E-20"], ["2.235884279733428E-12", "-1.881655708335731E-12", "1.737006433982453E-9", "5.917052085819834E-10", "3.197329445770104E-10", "4.28905081729773E-11", "-1.329201442114871E-19"], ["5.648612477109251E-12", "-4.832750607539016E-12", "5.917052085819834E-10", "1.455914541974234E-9", "-9.479907262299172E-10", "2.842926730829533E-10", "3.698108730622009E-19"], ["1.617722560492994E-12", "-1.378798852209512E-12", "3.197329445770104E-10", "-9.479907262299172E-10", "1.191715528915318E-9", "-1.878682388598394E-10", "1.028730975716223E-19"], ["2.9839712772303E-12", "-2.558912376648351E-12", "4.28905081729773E-11", "2.842926730829533E-10", "-1.878682388598394E-10", "1.317647536193383E-10", "2.151623430577458E-19"], ["1.776727159854604E-20", "-1.523877861743531E-20", "-1.329201442114871E-19", "3.698108730622009E-19", "1.028730975716223E-19", "2.151623430577458E-19", "1.425258391356958E-27"]], "labels": ["e", "q", "tp", "node", "peri", "i", "A2"], "epoch": "2457484.5"}, "elements": [{"label": "e", "sigma": "4.9226E-7", "name": "e", "value": ".3868625038936767", "title": "eccentricity", "units": null}, {"name": "a", "sigma": "1.9776E-8", "units": "au", "value": ".8550891355630648", "title": "semi-major axis", "label": "a"}, {"label": "q", "units": "au", "title": "perihelion distance", "value": ".5242872115268581", "sigma": "4.0953E-7", "name": "q"}, {"label": "i", "name": "i", "sigma": "1.1479E-5", "units": "deg", "title": "inclination; angle with respect to x-y ecliptic plane", "value": "2.891006015847698"}, {"sigma": "3.7991E-5", "name": "om", "units": "deg", "value": "321.5169991737324", "title": "longitude of the ascending node", "label": "node"}, {"label": "peri", "sigma": "3.4846E-5", "name": "w", "units": "deg", "value": "44.61926785428723", "title": "argument of perihelion"}, {"units": "deg", "value": "252.6416722073826", "title": "mean anomaly", "sigma": "8.7767E-5", "name": "ma", "label": "M"}, {"label": "tp", "units": "TDB", "title": "time of perihelion passage", "value": "2461286.628869564410", "sigma": "7.2763E-5", "name": "tp"}, {"label": "period", "units": "d", "title": "sidereal orbital period", "value": "288.8121832810406", "name": "per", "sigma": "1.0019E-5"}, {"label": "n", "units": "deg/d", "title": "mean motion", "value": "1.246484812067942", "sigma": "4.3241E-8", "name": "n"}, {"label": "Q", "sigma": "2.7426E-8", "name": "ad", "units": "au", "value": "1.185891059599272", "title": "aphelion distance"}], "epoch": "2461200.5"}