{"spkid": "50363720", "covariance": {"labels": ["e", "q", "tp", "node", "peri", "i"], "elements": [{"label": "e", "value": ".213889716718918", "title": "eccentricity", "units": null, "name": "e", "sigma": 1.8306926660583e-07}, {"title": "perihelion distance", "value": ".685880545508716", "units": "au", "name": "q", "sigma": 1.62995065129015e-07, "label": "q"}, {"sigma": 4.49851925969453e-05, "name": "tp", "value": "2455141.769520338600", "title": "time of perihelion passage", "units": "TDB", "label": "tp"}, {"label": "node", "value": "296.7649383372616", "title": "longitude of the ascending node", "units": "deg", "name": "om", "sigma": 0.000261839395151943}, {"value": "343.3036222055574", "title": "argument of perihelion", "units": "deg", "name": "w", "sigma": 0.000265015805790753, "label": "peri"}, {"title": "inclination", "value": ".5377340832948874", "units": "deg", "sigma": 6.48693404371122e-06, "name": "i", "label": "i"}], "data": [["3.351435637559659E-14", "-2.983604423286681E-14", "-3.134282660970458E-12", "1.891302718958235E-13", "-9.773877492871558E-13", "1.967498409444674E-13"], ["-2.983604423286681E-14", "2.656739125641185E-14", "2.753004880862829E-12", "-1.357088056189588E-13", "7.981233296657988E-13", "-1.758161676186371E-13"], ["-3.134282660970458E-12", "2.753004880862829E-12", "2.023667552984261E-9", "-2.422603281975125E-10", "1.739723342060763E-9", "-1.756497651381576E-11"], ["1.891302718958235E-13", "-1.357088056189588E-13", "-2.422603281975125E-10", "6.85598688535356E-8", "-6.879281596447125E-8", "-1.325443288563884E-9"], ["-9.773877492871558E-13", "7.981233296657988E-13", "1.739723342060763E-9", "-6.879281596447125E-8", "7.023337731892189E-8", "1.322720740089902E-9"], ["1.967498409444674E-13", "-1.758161676186371E-13", "-1.756497651381576E-11", "-1.325443288563884E-9", "1.322720740089902E-9", "4.208031328745956E-11"]], "epoch": "2455188.5"}, "elements": [{"label": "e", "sigma": "1.7957E-7", "name": "e", "units": null, "value": ".2143078957844979", "title": "eccentricity"}, {"units": "au", "title": "semi-major axis", "value": ".8724107488704874", "name": "a", "sigma": "8.4175E-9", "label": "a"}, {"label": "q", "name": "q", "sigma": "1.5168E-7", "units": "au", "value": ".6854462370202752", "title": "perihelion distance"}, {"label": "i", "units": "deg", "title": "inclination; angle with respect to x-y ecliptic plane", "value": ".5163462862766747", "name": "i", "sigma": "6.6853E-6"}, {"label": "node", "name": "om", "sigma": ".00024001", "units": "deg", "value": "292.9813278855971", "title": "longitude of the ascending node"}, {"label": "peri", "name": "w", "sigma": ".00024268", "units": "deg", "title": "argument of perihelion", "value": "347.0295325540666"}, {"label": "M", "title": "mean anomaly", "value": "123.2969848256231", "units": "deg", "sigma": "4.4223E-5", "name": "ma"}, {"value": "2461098.563458659584", "title": "time of perihelion passage", "units": "TDB", "name": "tp", "sigma": "3.7731E-5", "label": "tp"}, {"name": "per", "sigma": "4.3076E-6", "units": "d", "title": "sidereal orbital period", "value": "297.6322165091852", "label": "period"}, {"label": "n", "title": "mean motion", "value": "1.209546480627342", "units": "deg/d", "sigma": "1.7506E-8", "name": "n"}, {"value": "1.0593752607207", "title": "aphelion distance", "units": "au", "sigma": "1.0221E-8", "name": "ad", "label": "Q"}], "epoch": "2461200.5"}