{"spkid": "50373941", "covariance": {"epoch": "2458999.5", "labels": ["e", "q", "tp", "node", "peri", "i"], "data": [["4.688357031199157E-14", "-5.731535578554679E-14", "5.652195987347963E-13", "2.493798481652086E-13", "4.143081917634937E-12", "-1.752001211732011E-12"], ["-5.731535578554679E-14", "7.006850738888753E-14", "-6.887457120492199E-13", "-3.110882703336803E-13", "-5.057947396635058E-12", "2.141296224917815E-12"], ["5.652195987347963E-13", "-6.887457120492199E-13", "3.485566744224373E-10", "-7.281587492336717E-11", "3.119221538702839E-10", "-5.516820082570721E-11"], ["2.493798481652086E-13", "-3.110882703336803E-13", "-7.281587492336717E-11", "1.978562949152698E-9", "-1.989868461605597E-9", "1.041793719038901E-10"], ["4.143081917634937E-12", "-5.057947396635058E-12", "3.119221538702839E-10", "-1.989868461605597E-9", "2.5219336571963E-9", "-2.887275091060746E-10"], ["-1.752001211732011E-12", "2.141296224917815E-12", "-5.516820082570721E-11", "1.041793719038901E-10", "-2.887275091060746E-10", "1.028296814577188E-10"]], "elements": [{"label": "e", "sigma": 2.16526142329261e-07, "name": "e", "units": null, "value": ".4567696697522746", "title": "eccentricity"}, {"label": "q", "sigma": 2.64704566241097e-07, "name": "q", "title": "perihelion distance", "value": ".6532856356442431", "units": "au"}, {"label": "tp", "units": "TDB", "value": "2458948.863579674425", "title": "time of perihelion passage", "name": "tp", "sigma": 1.8669672584768e-05}, {"label": "node", "units": "deg", "value": "160.8497415006786", "title": "longitude of the ascending node", "sigma": 4.44810403335252e-05, "name": "om"}, {"label": "peri", "units": "deg", "value": "295.4379667381585", "title": "argument of perihelion", "name": "w", "sigma": 5.02188575855355e-05}, {"name": "i", "sigma": 1.01404971011149e-05, "units": "deg", "value": "3.157922876922477", "title": "inclination", "label": "i"}]}, "elements": [{"label": "e", "title": "eccentricity", "value": ".4566349069073374", "units": null, "name": "e", "sigma": "2.164E-7"}, {"name": "a", "sigma": "8.0744E-9", "title": "semi-major axis", "value": "1.202903497945459", "units": "au", "label": "a"}, {"label": "q", "units": "au", "value": ".6536157711426239", "title": "perihelion distance", "sigma": "2.6468E-7", "name": "q"}, {"units": "deg", "value": "3.157902963961841", "title": "inclination; angle with respect to x-y ecliptic plane", "name": "i", "sigma": "1.0137E-5", "label": "i"}, {"label": "node", "name": "om", "sigma": "4.448E-5", "title": "longitude of the ascending node", "value": "160.8004394164147", "units": "deg"}, {"units": "deg", "title": "argument of perihelion", "value": "295.4715528160453", "name": "w", "sigma": "5.0242E-5", "label": "peri"}, {"label": "M", "units": "deg", "title": "mean anomaly", "value": "242.4122911859677", "name": "ma", "sigma": "2.0374E-5"}, {"units": "TDB", "title": "time of perihelion passage", "value": "2461357.899749204629", "sigma": "2.8439E-5", "name": "tp", "label": "tp"}, {"name": "per", "sigma": "4.8519E-6", "title": "sidereal orbital period", "value": "481.8863322125093", "units": "d", "label": "period"}, {"name": "n", "sigma": "7.5219E-9", "title": "mean motion", "value": ".7470641434197016", "units": "deg/d", "label": "n"}, {"label": "Q", "name": "ad", "sigma": "1.1761E-8", "value": "1.752191224748295", "title": "aphelion distance", "units": "au"}], "epoch": "2461200.5"}