{"spkid": "50384090", "covariance": {"epoch": "2457143.5", "labels": ["e", "q", "tp", "node", "peri", "i"], "elements": [{"label": "e", "title": "eccentricity", "value": ".6296194403164609", "units": null, "name": "e", "sigma": 1.26706281842698e-07}, {"name": "q", "sigma": 2.43153492464552e-07, "units": "au", "title": "perihelion distance", "value": ".7109809571315873", "label": "q"}, {"sigma": 2.18373884745573e-05, "name": "tp", "units": "TDB", "title": "time of perihelion passage", "value": "2457349.343255753077", "label": "tp"}, {"title": "longitude of the ascending node", "value": "164.4015519007936", "units": "deg", "sigma": 5.09542065440993e-05, "name": "om", "label": "node"}, {"units": "deg", "title": "argument of perihelion", "value": "285.9020556618426", "name": "w", "sigma": 5.6291804616132e-05, "label": "peri"}, {"label": "i", "name": "i", "sigma": 2.05757511785502e-05, "value": "5.651962666278004", "title": "inclination", "units": "deg"}], "data": [["1.605448185840125E-14", "-3.080795239232079E-14", "-5.349393605869747E-13", "1.067061600363465E-14", "2.462707531700448E-12", "-1.025257695796922E-13"], ["-3.080795239232079E-14", "5.91236208977091E-14", "9.874535572170267E-13", "-3.891230447639105E-14", "-4.741049393293918E-12", "1.777024256708132E-13"], ["-5.349393605869747E-13", "9.874535572170267E-13", "4.768715353887262E-10", "4.480580283278541E-11", "2.704608689011055E-10", "1.176910545072753E-10"], ["1.067061600363465E-14", "-3.891230447639105E-14", "4.480580283278541E-11", "2.596331164538733E-9", "-2.516153074795687E-9", "8.616000991726185E-10"], ["2.462707531700448E-12", "-4.741049393293918E-12", "2.704608689011055E-10", "-2.516153074795687E-9", "3.168767266940785E-9", "-7.572508338811959E-10"], ["-1.025257695796922E-13", "1.777024256708132E-13", "1.176910545072753E-10", "8.616000991726185E-10", "-7.572508338811959E-10", "4.23361536561612E-10"]]}, "elements": [{"units": null, "title": "eccentricity", "value": ".6296510646786938", "sigma": "1.289E-7", "name": "e", "label": "e"}, {"label": "a", "units": "au", "value": "1.918773501931687", "title": "semi-major axis", "sigma": "4.2978E-9", "name": "a"}, {"name": "q", "sigma": "2.4711E-7", "units": "au", "title": "perihelion distance", "value": ".7106157235631346", "label": "q"}, {"units": "deg", "title": "inclination; angle with respect to x-y ecliptic plane", "value": "5.657868168057479", "name": "i", "sigma": "2.0618E-5", "label": "i"}, {"label": "node", "sigma": "5.1096E-5", "name": "om", "units": "deg", "value": "163.8474240332519", "title": "longitude of the ascending node"}, {"units": "deg", "title": "argument of perihelion", "value": "286.6165814029267", "name": "w", "sigma": "5.6535E-5", "label": "peri"}, {"label": "M", "value": "347.3736461599538", "title": "mean anomaly", "units": "deg", "sigma": "4.6824E-6", "name": "ma"}, {"label": "tp", "name": "tp", "sigma": "1.2556E-5", "units": "TDB", "title": "time of perihelion passage", "value": "2461234.549398972680"}, {"label": "period", "name": "per", "sigma": "3.2617E-6", "value": "970.8094502537665", "title": "sidereal orbital period", "units": "d"}, {"name": "n", "sigma": "1.2459E-9", "title": "mean motion", "value": ".3708245731496507", "units": "deg/d", "label": "n"}, {"label": "Q", "sigma": "7.0038E-9", "name": "ad", "units": "au", "title": "aphelion distance", "value": "3.12693128030024"}], "epoch": "2461200.5"}