{"spkid": "50388334", "covariance": {"elements": [{"units": null, "title": "eccentricity", "value": ".5393703204640978", "name": "e", "sigma": 1.55765863738644e-07, "label": "e"}, {"units": "au", "title": "perihelion distance", "value": ".3654437073419528", "sigma": 1.24620168279472e-07, "name": "q", "label": "q"}, {"label": "tp", "units": "TDB", "title": "time of perihelion passage", "value": "2458935.591711936479", "sigma": 1.72778531697787e-05, "name": "tp"}, {"units": "deg", "value": "183.5216518499497", "title": "longitude of the ascending node", "sigma": 6.77765163755839e-06, "name": "om", "label": "node"}, {"value": "29.96260800061696", "title": "argument of perihelion", "units": "deg", "name": "w", "sigma": 8.39677489902601e-06, "label": "peri"}, {"label": "i", "units": "deg", "value": "10.59057870096172", "title": "inclination", "sigma": 8.97635451230592e-06, "name": "i"}], "data": [["2.426300430624567E-14", "-1.94109988167255E-14", "2.201104077734469E-12", "1.051185429318724E-13", "4.780586852279719E-14", "5.737226040188632E-13", "-1.043309801278444E-21"], ["-1.94109988167255E-14", "1.553018634200395E-14", "-1.757895264632048E-12", "-8.344955631307299E-14", "-3.71313050068059E-14", "-4.587133639807395E-13", "8.393335855543627E-22"], ["2.201104077734469E-12", "-1.757895264632048E-12", "2.98524210156431E-10", "9.328476902147564E-12", "5.853116643144401E-11", "4.329079934253276E-11", "-7.496959947867895E-20"], ["1.051185429318724E-13", "-8.344955631307299E-14", "9.328476902147564E-12", "4.593656172009798E-11", "-4.189333503289506E-11", "2.996073162232284E-11", "-8.35729352368003E-23"], ["4.780586852279719E-14", "-3.71313050068059E-14", "5.853116643144401E-11", "-4.189333503289506E-11", "7.050582870491335E-11", "-2.931590399685175E-11", "5.909891057031343E-21"], ["5.737226040188632E-13", "-4.587133639807395E-13", "4.329079934253276E-11", "2.996073162232284E-11", "-2.931590399685175E-11", "8.057494033059482E-11", "-2.296772109590036E-20"], ["-1.043309801278444E-21", "8.393335855543627E-22", "-7.496959947867895E-20", "-8.35729352368003E-23", "5.909891057031343E-21", "-2.296772109590036E-20", "7.713692259295671E-29"]], "labels": ["e", "q", "tp", "node", "peri", "i", "A2"], "epoch": "2458809.5"}, "elements": [{"units": null, "value": ".5394045424247055", "title": "eccentricity", "sigma": "1.5548E-7", "name": "e", "label": "e"}, {"name": "a", "sigma": "6.6973E-9", "units": "au", "title": "semi-major axis", "value": ".7933045977723291", "label": "a"}, {"label": "q", "title": "perihelion distance", "value": ".3653924942075309", "units": "au", "sigma": "1.2567E-7", "name": "q"}, {"units": "deg", "value": "10.58902230046886", "title": "inclination; angle with respect to x-y ecliptic plane", "name": "i", "sigma": "8.972E-6", "label": "i"}, {"label": "node", "title": "longitude of the ascending node", "value": "183.4719892637744", "units": "deg", "name": "om", "sigma": "6.7939E-6"}, {"label": "peri", "sigma": "8.4169E-6", "name": "w", "value": "30.00183393840884", "title": "argument of perihelion", "units": "deg"}, {"label": "M", "value": "279.2274177896765", "title": "mean anomaly", "units": "deg", "sigma": "2.7881E-5", "name": "ma"}, {"sigma": "2.0483E-5", "name": "tp", "title": "time of perihelion passage", "value": "2461258.405504552447", "units": "TDB", "label": "tp"}, {"label": "period", "title": "sidereal orbital period", "value": "258.0823971257997", "units": "d", "sigma": "3.2682E-6", "name": "per"}, {"label": "n", "units": "deg/d", "title": "mean motion", "value": "1.394903348733705", "sigma": "1.7664E-8", "name": "n"}, {"value": "1.221216701337127", "title": "aphelion distance", "units": "au", "name": "ad", "sigma": "1.031E-8", "label": "Q"}], "epoch": "2461200.5"}