{"spkid": "50381472", "covariance": {"labels": ["e", "q", "tp", "node", "peri", "i"], "data": [["4.490724354418854E-16", "-9.338702171162129E-16", "6.041374934715577E-14", "-4.579950578236184E-14", "1.15772232294749E-13", "-1.091138088586679E-14"], ["-9.338702171162129E-16", "1.94557831366233E-15", "-1.119056261089695E-13", "9.347786404080807E-14", "-2.391938080255086E-13", "2.183908500175535E-14"], ["6.041374934715577E-14", "-1.119056261089695E-13", "8.365803576966576E-11", "6.460009931569558E-11", "-4.469303058935017E-11", "5.907904767245805E-12"], ["-4.579950578236184E-14", "9.347786404080807E-14", "6.460009931569558E-11", "1.511530513186971E-9", "-1.481778822693446E-9", "-1.095779864483033E-10"], ["1.15772232294749E-13", "-2.391938080255086E-13", "-4.469303058935017E-11", "-1.481778822693446E-9", "1.472469342985575E-9", "1.114970423813771E-10"], ["-1.091138088586679E-14", "2.183908500175535E-14", "5.907904767245805E-12", "-1.095779864483033E-10", "1.114970423813771E-10", "4.237089507075639E-11"]], "elements": [{"label": "e", "sigma": 2.11913292514152e-08, "name": "e", "value": ".8009060589234306", "title": "eccentricity", "units": null}, {"label": "q", "title": "perihelion distance", "value": ".4261666756188226", "units": "au", "name": "q", "sigma": 4.41087101790829e-08}, {"title": "time of perihelion passage", "value": "2455529.893578808226", "units": "TDB", "sigma": 9.14647668611612e-06, "name": "tp", "label": "tp"}, {"sigma": 3.88784067727443e-05, "name": "om", "value": "180.2086153984054", "title": "longitude of the ascending node", "units": "deg", "label": "node"}, {"name": "w", "sigma": 3.83727682476203e-05, "title": "argument of perihelion", "value": "261.1557411907244", "units": "deg", "label": "peri"}, {"title": "inclination", "value": "5.883549174757103", "units": "deg", "sigma": 6.50929297779385e-06, "name": "i", "label": "i"}], "epoch": "2456035.5"}, "elements": [{"label": "e", "name": "e", "sigma": "2.1073E-8", "value": ".8029012074546065", "title": "eccentricity", "units": null}, {"label": "a", "name": "a", "sigma": "1.0733E-8", "units": "au", "title": "semi-major axis", "value": "2.135937900113514"}, {"label": "q", "sigma": "4.3797E-8", "name": "q", "title": "perihelion distance", "value": ".4209907810643169", "units": "au"}, {"sigma": "6.5229E-6", "name": "i", "value": "5.880576120840775", "title": "inclination; angle with respect to x-y ecliptic plane", "units": "deg", "label": "i"}, {"label": "node", "sigma": "3.9226E-5", "name": "om", "value": "179.3753493441864", "title": "longitude of the ascending node", "units": "deg"}, {"label": "peri", "value": "262.0609951020497", "title": "argument of perihelion", "units": "deg", "sigma": "3.8699E-5", "name": "w"}, {"label": "M", "sigma": "1.6331E-5", "name": "ma", "units": "deg", "value": "347.2667764513127", "title": "mean anomaly"}, {"label": "tp", "name": "tp", "sigma": "5.2028E-5", "units": "TDB", "title": "time of perihelion passage", "value": "2461240.828978588181"}, {"label": "period", "title": "sidereal orbital period", "value": "1140.200848295167", "units": "d", "name": "per", "sigma": "8.5944E-6"}, {"value": ".3157338468378387", "title": "mean motion", "units": "deg/d", "name": "n", "sigma": "2.3799E-9", "label": "n"}, {"name": "ad", "sigma": "1.9351E-8", "units": "au", "title": "aphelion distance", "value": "3.85088501916271", "label": "Q"}], "epoch": "2461200.5"}