{"spkid": "50387115", "covariance": {"labels": ["e", "q", "tp", "node", "peri", "i"], "elements": [{"label": "e", "sigma": 1.21953224957384e-07, "name": "e", "units": null, "value": ".24827752365437", "title": "eccentricity"}, {"units": "au", "title": "perihelion distance", "value": ".6278773212334688", "sigma": 9.94606841762025e-08, "name": "q", "label": "q"}, {"label": "tp", "units": "TDB", "value": "2456734.537271995079", "title": "time of perihelion passage", "sigma": 3.7285699162105e-05, "name": "tp"}, {"label": "node", "sigma": 1.51746368044105e-05, "name": "om", "units": "deg", "value": "193.6851879554044", "title": "longitude of the ascending node"}, {"label": "peri", "name": "w", "sigma": 3.01881623261928e-05, "value": "345.6664331453094", "title": "argument of perihelion", "units": "deg"}, {"sigma": 2.59709955176047e-05, "name": "i", "value": "6.8843866610896", "title": "inclination", "units": "deg", "label": "i"}], "data": [["1.487258907750619E-14", "-1.212899470603753E-14", "-1.647646406239771E-12", "-7.919868217323894E-13", "-1.736216343615725E-12", "2.785012549917048E-12"], ["-1.212899470603753E-14", "9.892427696798294E-15", "1.320537941897129E-12", "6.380999518753988E-13", "1.401412796452913E-12", "-2.262162914934809E-12"], ["-1.647646406239771E-12", "1.320537941897129E-12", "1.390223362006994E-9", "3.006412821545058E-10", "1.032850004895021E-9", "-5.006526973710149E-10"], ["-7.919868217323894E-13", "6.380999518753988E-13", "3.006412821545058E-10", "2.302696021457693E-10", "1.087946994401141E-10", "-2.848077687091189E-10"], ["-1.736216343615725E-12", "1.401412796452913E-12", "1.032850004895021E-9", "1.087946994401141E-10", "9.113251446325684E-10", "-3.823615732283986E-10"], ["2.785012549917048E-12", "-2.262162914934809E-12", "-5.006526973710149E-10", "-2.848077687091189E-10", "-3.823615732283986E-10", "6.744926081754409E-10"]], "epoch": "2456659.5"}, "elements": [{"label": "e", "sigma": "1.2646E-7", "name": "e", "units": null, "title": "eccentricity", "value": ".2486601492904863"}, {"sigma": "1.7166E-9", "name": "a", "units": "au", "title": "semi-major axis", "value": ".8350985609781011", "label": "a"}, {"label": "q", "name": "q", "sigma": "1.0468E-7", "title": "perihelion distance", "value": ".6274428281330162", "units": "au"}, {"label": "i", "sigma": "2.5824E-5", "name": "i", "units": "deg", "value": "6.879973855731913", "title": "inclination; angle with respect to x-y ecliptic plane"}, {"sigma": "1.4214E-5", "name": "om", "units": "deg", "title": "longitude of the ascending node", "value": "193.3733452101612", "label": "node"}, {"units": "deg", "value": "345.9922359818183", "title": "argument of perihelion", "sigma": "3.0924E-5", "name": "w", "label": "peri"}, {"sigma": "4.1877E-5", "name": "ma", "units": "deg", "title": "mean anomaly", "value": "6.684942776477687", "label": "M"}, {"label": "tp", "value": "2461195.323929021404", "title": "time of perihelion passage", "units": "TDB", "name": "tp", "sigma": "3.2416E-5"}, {"name": "per", "sigma": "8.5947E-7", "units": "d", "value": "278.7436803275709", "title": "sidereal orbital period", "label": "period"}, {"label": "n", "units": "deg/d", "value": "1.291509101038414", "title": "mean motion", "sigma": "3.9822E-9", "name": "n"}, {"label": "Q", "name": "ad", "sigma": "2.1435E-9", "units": "au", "title": "aphelion distance", "value": "1.042754293823186"}], "epoch": "2461200.5"}