{"spkid": "50387481", "covariance": {"labels": ["e", "q", "tp", "node", "peri", "i"], "elements": [{"name": "e", "sigma": 6.7253210389052e-08, "units": null, "title": "eccentricity", "value": ".417709396229603", "label": "e"}, {"label": "q", "sigma": 9.41891679241537e-08, "name": "q", "title": "perihelion distance", "value": ".7928614614275761", "units": "au"}, {"label": "tp", "title": "time of perihelion passage", "value": "2458383.413495186032", "units": "TDB", "name": "tp", "sigma": 2.31115315495808e-05}, {"label": "node", "title": "longitude of the ascending node", "value": "13.71457470370259", "units": "deg", "name": "om", "sigma": 7.66746662966941e-06}, {"title": "argument of perihelion", "value": "282.3550708215302", "units": "deg", "sigma": 1.59980238371497e-05, "name": "w", "label": "peri"}, {"label": "i", "value": "20.10757239031205", "title": "inclination", "units": "deg", "name": "i", "sigma": 2.07606740742862e-05}], "data": [["4.522994307634096E-15", "-6.334171880723673E-15", "-1.743523262622254E-13", "-1.370260622710796E-16", "1.021975529613044E-13", "-3.238803022960313E-13"], ["-6.334171880723673E-15", "8.871599354244425E-15", "2.376483662509013E-13", "2.009003907594364E-16", "-1.473772812854831E-13", "4.563191417292366E-13"], ["-1.743523262622254E-13", "2.376483662509013E-13", "5.341428905672707E-10", "1.223983892299657E-11", "3.170709932979318E-10", "1.438792936241556E-11"], ["-1.370260622710796E-16", "2.009003907594364E-16", "1.223983892299657E-11", "5.879004451709399E-11", "-4.648791256414251E-11", "-1.419563042119265E-11"], ["1.021975529613044E-13", "-1.473772812854831E-13", "3.170709932979318E-10", "-4.648791256414251E-11", "2.559367666940087E-10", "8.965005737504768E-12"], ["-3.238803022960313E-13", "4.563191417292366E-13", "1.438792936241556E-11", "-1.419563042119265E-11", "8.965005737504768E-12", "4.310055880187407E-10"]], "epoch": "2458466.5"}, "elements": [{"label": "e", "sigma": "6.7335E-8", "name": "e", "title": "eccentricity", "value": ".4178868609149547", "units": null}, {"label": "a", "units": "au", "value": "1.361580210985084", "title": "semi-major axis", "sigma": "4.759E-9", "name": "a"}, {"sigma": "9.4264E-8", "name": "q", "title": "perihelion distance", "value": ".7925937307326054", "units": "au", "label": "q"}, {"title": "inclination; angle with respect to x-y ecliptic plane", "value": "20.10591032495001", "units": "deg", "sigma": "2.0765E-5", "name": "i", "label": "i"}, {"label": "node", "sigma": "7.6654E-6", "name": "om", "title": "longitude of the ascending node", "value": "13.64670008029898", "units": "deg"}, {"label": "peri", "name": "w", "sigma": "1.598E-5", "units": "deg", "title": "argument of perihelion", "value": "282.4390864317085"}, {"sigma": "1.7016E-5", "name": "ma", "units": "deg", "title": "mean anomaly", "value": "307.4872854411674", "label": "M"}, {"label": "tp", "title": "time of perihelion passage", "value": "2461285.149664531725", "units": "TDB", "sigma": "2.7669E-5", "name": "tp"}, {"label": "period", "sigma": "3.0425E-6", "name": "per", "units": "d", "title": "sidereal orbital period", "value": "580.3143007829005"}, {"units": "deg/d", "value": ".6203534869196312", "title": "mean motion", "sigma": "3.2524E-9", "name": "n", "label": "n"}, {"sigma": "6.7478E-9", "name": "ad", "value": "1.930566691237562", "title": "aphelion distance", "units": "au", "label": "Q"}], "epoch": "2461200.5"}