{"spkid": "50393840", "covariance": {"data": [["6.416280005314434E-14", "-1.498023598448299E-13", "-2.814993060817346E-11", "2.23999150374238E-10", "-2.6188428619896E-10", "-1.662884057559713E-12"], ["-1.498023598448299E-13", "3.497472911919241E-13", "6.571529866226862E-11", "-5.22569113718418E-10", "6.110121773716539E-10", "3.880382059983055E-12"], ["-2.814993060817346E-11", "6.571529866226862E-11", "1.264471524942639E-8", "-9.731504239761858E-8", "1.142904035765368E-7", "7.061051104286033E-10"], ["2.23999150374238E-10", "-5.22569113718418E-10", "-9.731504239761858E-8", "2.88897326798682E-6", "-3.018812297788308E-6", "-1.846544796176098E-8"], ["-2.6188428619896E-10", "6.110121773716539E-10", "1.142904035765368E-7", "-3.018812297788308E-6", "3.171448400025991E-6", "1.941128156262902E-8"], ["-1.662884057559713E-12", "3.880382059983055E-12", "7.061051104286033E-10", "-1.846544796176098E-8", "1.941128156262902E-8", "1.21112457208705E-10"]], "elements": [{"sigma": 2.53303770309769e-07, "name": "e", "units": null, "value": ".5863624444732765", "title": "eccentricity", "label": "e"}, {"sigma": 5.91394361819526e-07, "name": "q", "title": "perihelion distance", "value": ".9703165741245898", "units": "au", "label": "q"}, {"sigma": 0.000112448722755869, "name": "tp", "value": "2459652.083393058464", "title": "time of perihelion passage", "units": "TDB", "label": "tp"}, {"title": "longitude of the ascending node", "value": "107.5041701279082", "units": "deg", "sigma": 0.0016996979931702, "name": "om", "label": "node"}, {"label": "peri", "sigma": 0.00178085608627592, "name": "w", "units": "deg", "title": "argument of perihelion", "value": "269.0744674819283"}, {"label": "i", "sigma": 1.10051105041569e-05, "name": "i", "value": ".6015659346697687", "title": "inclination", "units": "deg"}], "labels": ["e", "q", "tp", "node", "peri", "i"], "epoch": "2459437.5"}, "elements": [{"name": "e", "sigma": "2.5319E-7", "units": null, "value": ".5869783839775986", "title": "eccentricity", "label": "e"}, {"label": "a", "units": "au", "title": "semi-major axis", "value": "2.352704042682839", "sigma": "2.6533E-8", "name": "a"}, {"label": "q", "sigma": "5.8517E-7", "name": "q", "units": "au", "value": ".9717176257313028", "title": "perihelion distance"}, {"title": "inclination; angle with respect to x-y ecliptic plane", "value": ".6045403394262939", "units": "deg", "name": "i", "sigma": "1.1128E-5", "label": "i"}, {"sigma": ".0016834", "name": "om", "value": "107.0238551599751", "title": "longitude of the ascending node", "units": "deg", "label": "node"}, {"label": "peri", "value": "269.6511121319796", "title": "argument of perihelion", "units": "deg", "name": "w", "sigma": ".0017644"}, {"units": "deg", "title": "mean anomaly", "value": "64.11906895906053", "sigma": "2.8325E-5", "name": "ma", "label": "M"}, {"label": "tp", "units": "TDB", "title": "time of perihelion passage", "value": "2460965.734604700525", "sigma": ".00010731", "name": "tp"}, {"title": "sidereal orbital period", "value": "1318.103080407694", "units": "d", "sigma": "2.2298E-5", "name": "per", "label": "period"}, {"title": "mean motion", "value": ".2731197622940466", "units": "deg/d", "name": "n", "sigma": "4.6203E-9", "label": "n"}, {"value": "3.733690459634375", "title": "aphelion distance", "units": "au", "sigma": "4.2108E-8", "name": "ad", "label": "Q"}], "epoch": "2461200.5"}