{"spkid": "50397879", "covariance": {"epoch": "2458298.5", "data": [["3.117056224717042E-13", "-8.588649874522848E-13", "3.058068964492614E-11", "-7.091264969552277E-11", "1.761923108014093E-11", "-1.833891648103307E-12"], ["-8.588649874522848E-13", "2.36650638321876E-12", "-8.418995853305144E-11", "1.953388181961121E-10", "-4.846428120358064E-11", "5.051039934012061E-12"], ["3.058068964492614E-11", "-8.418995853305144E-11", "4.010044205826015E-9", "-7.3790545808841E-9", "2.869614571944407E-9", "-2.079433316454258E-10"], ["-7.091264969552277E-11", "1.953388181961121E-10", "-7.3790545808841E-9", "5.806887827988706E-8", "-4.602681151237267E-8", "8.315269525164936E-10"], ["1.761923108014093E-11", "-4.846428120358064E-11", "2.869614571944407E-9", "-4.602681151237267E-8", "4.377145247203492E-8", "-5.406145155041229E-10"], ["-1.833891648103307E-12", "5.051039934012061E-12", "-2.079433316454258E-10", "8.315269525164936E-10", "-5.406145155041229E-10", "7.867866719835807E-11"]], "elements": [{"name": "e", "sigma": 5.58306029406547e-07, "units": null, "value": ".6214195666258248", "title": "eccentricity", "label": "e"}, {"units": "au", "title": "perihelion distance", "value": "1.04835109331288", "sigma": 1.53834533938864e-06, "name": "q", "label": "q"}, {"label": "tp", "name": "tp", "sigma": 6.33249098366987e-05, "units": "TDB", "value": "2457756.651602485915", "title": "time of perihelion passage"}, {"label": "node", "name": "om", "sigma": 0.000240974849890786, "units": "deg", "value": "167.4810943708098", "title": "longitude of the ascending node"}, {"units": "deg", "title": "argument of perihelion", "value": "197.0884737560345", "sigma": 0.000209216281565357, "name": "w", "label": "peri"}, {"label": "i", "name": "i", "sigma": 8.87009961603352e-06, "units": "deg", "title": "inclination", "value": "3.438568812849033"}], "labels": ["e", "q", "tp", "node", "peri", "i"]}, "elements": [{"label": "e", "value": ".6209311510781441", "title": "eccentricity", "units": null, "name": "e", "sigma": "5.6082E-7"}, {"label": "a", "value": "2.771960034224402", "title": "semi-major axis", "units": "au", "sigma": "1.5285E-8", "name": "a"}, {"label": "q", "sigma": "1.5501E-6", "name": "q", "units": "au", "value": "1.050763699430832", "title": "perihelion distance"}, {"label": "i", "sigma": "8.8591E-6", "name": "i", "units": "deg", "value": "3.437883230794408", "title": "inclination; angle with respect to x-y ecliptic plane"}, {"label": "node", "sigma": ".00024102", "name": "om", "value": "167.4423910340894", "title": "longitude of the ascending node", "units": "deg"}, {"sigma": ".00020927", "name": "w", "value": "197.1189707728945", "title": "argument of perihelion", "units": "deg", "label": "peri"}, {"units": "deg", "value": "16.14839744368827", "title": "mean anomaly", "name": "ma", "sigma": "1.9728E-5", "label": "M"}, {"name": "tp", "sigma": "9.1787E-5", "units": "TDB", "value": "2461124.885375051285", "title": "time of perihelion passage", "label": "tp"}, {"units": "d", "title": "sidereal orbital period", "value": "1685.694514050809", "name": "per", "sigma": "1.3943E-5", "label": "period"}, {"label": "n", "title": "mean motion", "value": ".2135618268905092", "units": "deg/d", "sigma": "1.7664E-9", "name": "n"}, {"sigma": "2.4776E-8", "name": "ad", "value": "4.493156369017972", "title": "aphelion distance", "units": "au", "label": "Q"}], "epoch": "2461200.5"}