{"spkid": "50390130", "covariance": {"epoch": "2457417.5", "labels": ["e", "q", "tp", "node", "peri", "i"], "data": [["1.414692761871443E-15", "-2.77573985764053E-15", "-1.081081104955321E-13", "-6.601739830731861E-14", "3.225491521688905E-13", "6.863447529149227E-15"], ["-2.77573985764053E-15", "5.446395120637927E-15", "2.139690221286285E-13", "1.386125274637281E-13", "-6.409079571511142E-13", "-1.370503736587726E-14"], ["-1.081081104955321E-13", "2.139690221286285E-13", "4.353763857363671E-11", "1.519335527262291E-10", "-1.503663440533264E-10", "-5.078718634423289E-12"], ["-6.601739830731861E-14", "1.386125274637281E-13", "1.519335527262291E-10", "4.487462088147379E-9", "-4.408494882976598E-9", "-6.187794651444282E-10"], ["3.225491521688905E-13", "-6.409079571511142E-13", "-1.503663440533264E-10", "-4.408494882976598E-9", "4.393471762121582E-9", "6.165428422354524E-10"], ["6.863447529149227E-15", "-1.370503736587726E-14", "-5.078718634423289E-12", "-6.187794651444282E-10", "6.165428422354524E-10", "1.156529729186645E-10"]], "elements": [{"name": "e", "sigma": 3.76124017030479e-08, "units": null, "value": ".8056592451382153", "title": "eccentricity", "label": "e"}, {"units": "au", "value": ".3816182534821811", "title": "perihelion distance", "name": "q", "sigma": 7.3799695938655e-08, "label": "q"}, {"units": "TDB", "value": "2457476.431896411347", "title": "time of perihelion passage", "name": "tp", "sigma": 6.59830573508357e-06, "label": "tp"}, {"label": "node", "units": "deg", "value": "67.15243371820482", "title": "longitude of the ascending node", "name": "om", "sigma": 6.69885220627189e-05}, {"label": "peri", "units": "deg", "title": "argument of perihelion", "value": "95.62073266581027", "sigma": 6.62832690965192e-05, "name": "w"}, {"label": "i", "name": "i", "sigma": 1.07542072194404e-05, "title": "inclination", "value": "4.182815398521257", "units": "deg"}]}, "elements": [{"label": "e", "name": "e", "sigma": "3.707E-8", "units": null, "value": ".8047175401704837", "title": "eccentricity"}, {"units": "au", "value": "1.967272502336331", "title": "semi-major axis", "name": "a", "sigma": "2.2119E-9", "label": "a"}, {"label": "q", "sigma": "7.2586E-8", "name": "q", "units": "au", "title": "perihelion distance", "value": ".3841738134112065"}, {"label": "i", "value": "4.187288107550386", "title": "inclination; angle with respect to x-y ecliptic plane", "units": "deg", "sigma": "1.0771E-5", "name": "i"}, {"sigma": "6.6996E-5", "name": "om", "value": "66.81956448887621", "title": "longitude of the ascending node", "units": "deg", "label": "node"}, {"value": "95.92492156874563", "title": "argument of perihelion", "units": "deg", "sigma": "6.6283E-5", "name": "w", "label": "peri"}, {"sigma": "2.8684E-6", "name": "ma", "title": "mean anomaly", "value": "252.2023345089607", "units": "deg", "label": "M"}, {"label": "tp", "value": "2461502.288067617209", "title": "time of perihelion passage", "units": "TDB", "name": "tp", "sigma": "7.9089E-6"}, {"label": "period", "sigma": "1.6997E-6", "name": "per", "title": "sidereal orbital period", "value": "1007.848396783939", "units": "d"}, {"label": "n", "title": "mean motion", "value": ".3571965795141074", "units": "deg/d", "sigma": "6.0241E-10", "name": "n"}, {"label": "Q", "sigma": "3.9918E-9", "name": "ad", "units": "au", "value": "3.550371191261455", "title": "aphelion distance"}], "epoch": "2461200.5"}