{"spkid": "50392107", "covariance": {"epoch": "2455504.5", "elements": [{"label": "e", "units": null, "title": "eccentricity", "value": ".6649768240482876", "name": "e", "sigma": 1.64769690798887e-06}, {"label": "q", "sigma": 3.22598430325023e-06, "name": "q", "units": "au", "title": "perihelion distance", "value": ".6558998844425247"}, {"label": "tp", "sigma": 9.35125801381054e-05, "name": "tp", "units": "TDB", "value": "2455340.231862548076", "title": "time of perihelion passage"}, {"label": "node", "sigma": 1.42347102123622e-05, "name": "om", "title": "longitude of the ascending node", "value": "33.48950052745153", "units": "deg"}, {"label": "peri", "sigma": 0.000260963283332674, "name": "w", "value": "261.6131714239879", "title": "argument of perihelion", "units": "deg"}, {"name": "i", "sigma": 0.000120668175950088, "units": "deg", "title": "inclination", "value": "51.17508513783427", "label": "i"}], "data": [["2.71490510059608E-12", "-5.315440563476014E-12", "1.371278195226832E-10", "1.204502417276138E-11", "-4.279002820389522E-10", "8.616708166529679E-11"], ["-5.315440563476014E-12", "1.040697472481689E-11", "-2.683701950688632E-10", "-2.357240697351071E-11", "8.378328054547676E-10", "-1.686940934371751E-10"], ["1.371278195226832E-10", "-2.683701950688632E-10", "8.744602644085592E-9", "8.168528538636355E-10", "-2.058281574426145E-8", "3.984696634327117E-9"], ["1.204502417276138E-11", "-2.357240697351071E-11", "8.168528538636355E-10", "2.026269748299278E-10", "-1.852657715270957E-9", "1.215617929686695E-9"], ["-4.279002820389522E-10", "8.378328054547676E-10", "-2.058281574426145E-8", "-1.852657715270957E-9", "6.810183524776961E-8", "-1.432329764897396E-8"], ["8.616708166529679E-11", "-1.686940934371751E-10", "3.984696634327117E-9", "1.215617929686695E-9", "-1.432329764897396E-8", "1.456080868712139E-8"]], "labels": ["e", "q", "tp", "node", "peri", "i"]}, "elements": [{"label": "e", "name": "e", "sigma": "1.6533E-6", "title": "eccentricity", "value": ".6651307875491718", "units": null}, {"units": "au", "title": "semi-major axis", "value": "1.957786449752948", "name": "a", "sigma": "1.1192E-8", "label": "a"}, {"units": "au", "value": ".6556024065756728", "title": "perihelion distance", "sigma": "3.2368E-6", "name": "q", "label": "q"}, {"label": "i", "name": "i", "sigma": ".00012042", "title": "inclination; angle with respect to x-y ecliptic plane", "value": "51.14497886961185", "units": "deg"}, {"sigma": "1.4463E-5", "name": "om", "units": "deg", "title": "longitude of the ascending node", "value": "33.30725720165935", "label": "node"}, {"label": "peri", "name": "w", "sigma": ".00026055", "units": "deg", "value": "261.6219986533023", "title": "argument of perihelion"}, {"label": "M", "sigma": "4.0878E-5", "name": "ma", "units": "deg", "title": "mean anomaly", "value": "308.6064962239045"}, {"value": "2461343.340752862097", "title": "time of perihelion passage", "units": "TDB", "name": "tp", "sigma": ".00011444", "label": "tp"}, {"sigma": "8.5799E-6", "name": "per", "value": "1000.567528035966", "title": "sidereal orbital period", "units": "d", "label": "period"}, {"name": "n", "sigma": "3.0853E-9", "units": "deg/d", "title": "mean motion", "value": ".3597958057929894", "label": "n"}, {"label": "Q", "name": "ad", "sigma": "1.8636E-8", "title": "aphelion distance", "value": "3.259970492930223", "units": "au"}], "epoch": "2461200.5"}