{"spkid": "50395979", "covariance": {"epoch": "2459280.5", "elements": [{"label": "e", "units": null, "title": "eccentricity", "value": ".4279067223967997", "sigma": 1.51649329653906e-07, "name": "e"}, {"name": "q", "sigma": 1.20893844503464e-07, "value": ".4543399658813561", "title": "perihelion distance", "units": "au", "label": "q"}, {"name": "tp", "sigma": 4.45676365537756e-05, "units": "TDB", "value": "2459244.900570021088", "title": "time of perihelion passage", "label": "tp"}, {"name": "om", "sigma": 1.4966566096553e-05, "units": "deg", "value": "55.34172872971218", "title": "longitude of the ascending node", "label": "node"}, {"title": "argument of perihelion", "value": "204.1760941826979", "units": "deg", "sigma": 2.9671216519345e-05, "name": "w", "label": "peri"}, {"sigma": 1.20364063978688e-05, "name": "i", "units": "deg", "value": "6.460635509017805", "title": "inclination", "label": "i"}], "data": [["2.299751918447907E-14", "-1.833339969214422E-14", "1.034977062265632E-12", "-1.961737166679485E-13", "-8.923702540208012E-14", "5.194070226202066E-13"], ["-1.833339969214422E-14", "1.461532163882775E-14", "-8.342353477446288E-13", "1.552659643458828E-13", "6.646484795449412E-14", "-4.148811497487263E-13"], ["1.034977062265632E-12", "-8.342353477446288E-13", "1.986274227989433E-9", "7.570844272800239E-11", "1.127043202389316E-9", "-3.501059616732147E-11"], ["-1.961737166679485E-13", "1.552659643458828E-13", "7.570844272800239E-11", "2.239981007224902E-10", "-1.676285017927691E-10", "7.22252092027174E-11"], ["-8.923702540208012E-14", "6.646484795449412E-14", "1.127043202389316E-9", "-1.676285017927691E-10", "8.803810897378495E-10", "-1.188652944861552E-10"], ["5.194070226202066E-13", "-4.148811497487263E-13", "-3.501059616732147E-11", "7.22252092027174E-11", "-1.188652944861552E-10", "1.448750789746573E-10"]], "labels": ["e", "q", "tp", "node", "peri", "i"]}, "elements": [{"sigma": "1.5161E-7", "name": "e", "title": "eccentricity", "value": ".4280111146782383", "units": null, "label": "e"}, {"units": "au", "value": ".79388609592573", "title": "semi-major axis", "name": "a", "sigma": "2.1412E-9", "label": "a"}, {"value": ".4540940230810035", "title": "perihelion distance", "units": "au", "sigma": "1.206E-7", "name": "q", "label": "q"}, {"sigma": "1.2039E-5", "name": "i", "units": "deg", "value": "6.462166953224052", "title": "inclination; angle with respect to x-y ecliptic plane", "label": "i"}, {"label": "node", "sigma": "1.4911E-5", "name": "om", "title": "longitude of the ascending node", "value": "55.29450928711079", "units": "deg"}, {"label": "peri", "title": "argument of perihelion", "value": "204.1606110278889", "units": "deg", "sigma": "2.9667E-5", "name": "w"}, {"title": "mean anomaly", "value": "203.9870838102109", "units": "deg", "sigma": "5.7769E-5", "name": "ma", "label": "M"}, {"name": "tp", "sigma": "4.1018E-5", "units": "TDB", "value": "2461312.467962295913", "title": "time of perihelion passage", "label": "tp"}, {"label": "period", "sigma": "1.0453E-6", "name": "per", "units": "d", "value": "258.3662135864041", "title": "sidereal orbital period"}, {"label": "n", "sigma": "5.6372E-9", "name": "n", "title": "mean motion", "value": "1.393371041061478", "units": "deg/d"}, {"title": "aphelion distance", "value": "1.133678168770456", "units": "au", "name": "ad", "sigma": "3.0577E-9", "label": "Q"}], "epoch": "2461200.5"}