{"spkid": "50403172", "covariance": {"epoch": "2458392.5", "labels": ["e", "q", "tp", "node", "peri", "i", "A2"], "data": [["1.114587549614234E-14", "-1.016283503912806E-14", "-1.48562707639021E-12", "5.896445065549285E-13", "-3.329641778433303E-13", "-2.924168154812953E-13", "1.126409135013053E-20"], ["-1.016283503912806E-14", "9.436130587461385E-15", "8.412597898584311E-13", "-5.465477665925831E-13", "1.992929466484694E-13", "3.148405181789595E-13", "-9.048110134228323E-21"], ["-1.48562707639021E-12", "8.412597898584311E-13", "1.816844596590969E-9", "-2.392737328234444E-11", "3.781333348959215E-10", "-1.203714098155899E-10", "-5.210628192139132E-18"], ["5.896445065549285E-13", "-5.465477665925831E-13", "-2.392737328234444E-11", "2.126444807078448E-10", "-1.719942636306572E-10", "5.124919436469213E-12", "5.303002152909357E-19"], ["-3.329641778433303E-13", "1.992929466484694E-13", "3.781333348959215E-10", "-1.719942636306572E-10", "2.481730489751081E-10", "-5.293784013253625E-11", "-1.090920836341332E-18"], ["-2.924168154812953E-13", "3.148405181789595E-13", "-1.203714098155899E-10", "5.124919436469213E-12", "-5.293784013253625E-11", "5.153075957827733E-11", "5.414196940836122E-20"], ["1.126409135013053E-20", "-9.048110134228323E-21", "-5.210628192139132E-18", "5.303002152909357E-19", "-1.090920836341332E-18", "5.414196940836122E-20", "2.019939798706174E-26"]], "elements": [{"sigma": 1.05574028511478e-07, "name": "e", "value": ".2332273429693019", "title": "eccentricity", "units": null, "label": "e"}, {"label": "q", "name": "q", "sigma": 9.71397477218331e-08, "units": "au", "title": "perihelion distance", "value": ".808703427091445"}, {"label": "tp", "name": "tp", "sigma": 4.26244600738938e-05, "units": "TDB", "title": "time of perihelion passage", "value": "2458397.709222694697"}, {"value": "141.5457908391957", "title": "longitude of the ascending node", "units": "deg", "sigma": 1.45823345424471e-05, "name": "om", "label": "node"}, {"units": "deg", "value": "275.0308822511181", "title": "argument of perihelion", "name": "w", "sigma": 1.57535091003595e-05, "label": "peri"}, {"label": "i", "name": "i", "sigma": 7.17849284866101e-06, "units": "deg", "value": "4.224722749028595", "title": "inclination"}]}, "elements": [{"label": "e", "name": "e", "sigma": "1.077E-7", "units": null, "title": "eccentricity", "value": ".2328987575765863"}, {"name": "a", "sigma": "7.5745E-8", "title": "semi-major axis", "value": "1.053488782693981", "units": "au", "label": "a"}, {"label": "q", "value": ".8081325540836828", "title": "perihelion distance", "units": "au", "name": "q", "sigma": "8.1021E-8"}, {"sigma": "7.2047E-6", "name": "i", "units": "deg", "value": "4.224047424511192", "title": "inclination; angle with respect to x-y ecliptic plane", "label": "i"}, {"sigma": "1.463E-5", "name": "om", "value": "141.4248359641689", "title": "longitude of the ascending node", "units": "deg", "label": "node"}, {"label": "peri", "units": "deg", "value": "274.6548316578374", "title": "argument of perihelion", "name": "w", "sigma": "1.5476E-5"}, {"label": "M", "value": "33.70210800376914", "title": "mean anomaly", "units": "deg", "name": "ma", "sigma": ".00015339"}, {"label": "tp", "name": "tp", "sigma": ".00016432", "units": "TDB", "value": "2461163.525878357970", "title": "time of perihelion passage"}, {"label": "period", "name": "per", "sigma": "4.2595E-5", "value": "394.9510751565549", "title": "sidereal orbital period", "units": "d"}, {"label": "n", "value": ".9115053044413144", "title": "mean motion", "units": "deg/d", "name": "n", "sigma": "9.8305E-8"}, {"label": "Q", "units": "au", "title": "aphelion distance", "value": "1.29884501130428", "sigma": "9.3386E-8", "name": "ad"}], "epoch": "2461200.5"}