{"spkid": "50404549", "covariance": {"labels": ["e", "q", "tp", "node", "peri", "i"], "data": [["3.116019539584059E-15", "-3.203181727319019E-15", "5.200288307647153E-13", "1.0009687529359E-12", "-7.50318906094699E-13", "-1.232486847049136E-13"], ["-3.203181727319019E-15", "3.297167032131101E-15", "-5.372660846059159E-13", "-1.070823719138299E-12", "8.063017643765287E-13", "1.287044645856302E-13"], ["5.200288307647153E-13", "-5.372660846059159E-13", "1.47448615966242E-10", "3.606202801604362E-10", "-2.741366772665384E-10", "-3.235358331101198E-11"], ["1.0009687529359E-12", "-1.070823719138299E-12", "3.606202801604362E-10", "3.255243029541815E-9", "-2.988465379146267E-9", "-2.343870411209285E-10"], ["-7.50318906094699E-13", "8.063017643765287E-13", "-2.741366772665384E-10", "-2.988465379146267E-9", "2.784977738923452E-9", "2.121461873876761E-10"], ["-1.232486847049136E-13", "1.287044645856302E-13", "-3.235358331101198E-11", "-2.343870411209285E-10", "2.121461873876761E-10", "4.739816026494913E-11"]], "elements": [{"label": "e", "units": null, "value": ".5387789219516745", "title": "eccentricity", "sigma": 5.58213179670998e-08, "name": "e"}, {"units": "au", "title": "perihelion distance", "value": ".5088340191214581", "sigma": 5.74209633507755e-08, "name": "q", "label": "q"}, {"label": "tp", "units": "TDB", "title": "time of perihelion passage", "value": "2455446.240164264183", "name": "tp", "sigma": 1.21428421700293e-05}, {"name": "om", "sigma": 5.70547371349813e-05, "units": "deg", "title": "longitude of the ascending node", "value": "184.8705442605498", "label": "node"}, {"label": "peri", "sigma": 5.27728882943075e-05, "name": "w", "units": "deg", "title": "argument of perihelion", "value": "102.2191502131848"}, {"label": "i", "sigma": 6.88463218080306e-06, "name": "i", "value": "3.168715865583452", "title": "inclination", "units": "deg"}], "epoch": "2455372.5"}, "elements": [{"name": "e", "sigma": "5.4468E-8", "title": "eccentricity", "value": ".538750930087131", "units": null, "label": "e"}, {"label": "a", "sigma": "8.7999E-9", "name": "a", "title": "semi-major axis", "value": "1.102635761605661", "units": "au"}, {"label": "q", "value": ".5085897194932788", "title": "perihelion distance", "units": "au", "name": "q", "sigma": "5.6615E-8"}, {"units": "deg", "value": "3.167719428368286", "title": "inclination; angle with respect to x-y ecliptic plane", "sigma": "6.7489E-6", "name": "i", "label": "i"}, {"name": "om", "sigma": "5.7716E-5", "units": "deg", "title": "longitude of the ascending node", "value": "184.5617624762471", "label": "node"}, {"label": "peri", "value": "102.5662849547829", "title": "argument of perihelion", "units": "deg", "sigma": "5.3429E-5", "name": "w"}, {"value": "215.2272183378435", "title": "mean anomaly", "units": "deg", "sigma": "6.9364E-5", "name": "ma", "label": "M"}, {"units": "TDB", "value": "2461370.571270381576", "title": "time of perihelion passage", "name": "tp", "sigma": "8.349E-5", "label": "tp"}, {"label": "period", "units": "d", "value": "422.908620214567", "title": "sidereal orbital period", "sigma": "5.0627E-6", "name": "per"}, {"label": "n", "name": "n", "sigma": "1.019E-8", "value": ".8512477230124805", "title": "mean motion", "units": "deg/d"}, {"label": "Q", "name": "ad", "sigma": "1.3541E-8", "units": "au", "title": "aphelion distance", "value": "1.696681803718042"}], "epoch": "2461200.5"}