{"spkid": "50401405", "covariance": {"data": [["1.365600700212119E-14", "-3.214885625479657E-14", "-1.876731747038777E-12", "3.077719742259135E-13", "-3.659804576553493E-12", "8.794441665453103E-13"], ["-3.214885625479657E-14", "7.574034550649238E-14", "4.507359508947378E-12", "-7.160042085296715E-13", "8.614343052891112E-12", "-2.02358829616388E-12"], ["-1.876731747038777E-12", "4.507359508947378E-12", "9.16413898328242E-10", "-1.068728993860362E-10", "6.713304413088587E-10", "-3.7941672285164E-10"], ["3.077719742259135E-13", "-7.160042085296715E-13", "-1.068728993860362E-10", "7.970877550422417E-10", "-8.177741939237057E-10", "1.046889186009868E-9"], ["-3.659804576553493E-12", "8.614343052891112E-12", "6.713304413088587E-10", "-8.177741939237057E-10", "1.798453179435614E-9", "-1.20108554257035E-9"], ["8.794441665453103E-13", "-2.02358829616388E-12", "-3.7941672285164E-10", "1.046889186009868E-9", "-1.20108554257035E-9", "2.190379465586121E-9"]], "elements": [{"label": "e", "value": ".6892494742816239", "title": "eccentricity", "units": null, "name": "e", "sigma": 1.16858919223657e-07}, {"label": "q", "title": "perihelion distance", "value": ".7245277297337803", "units": "au", "sigma": 2.75209639196181e-07, "name": "q"}, {"units": "TDB", "title": "time of perihelion passage", "value": "2455753.756596403579", "sigma": 3.02723289214464e-05, "name": "tp", "label": "tp"}, {"label": "node", "units": "deg", "value": "133.5418914371146", "title": "longitude of the ascending node", "sigma": 2.82327426057449e-05, "name": "om"}, {"sigma": 4.24081734979899e-05, "name": "w", "value": "294.4003849112913", "title": "argument of perihelion", "units": "deg", "label": "peri"}, {"title": "inclination", "value": "22.11479020226213", "units": "deg", "name": "i", "sigma": 4.68014899932269e-05, "label": "i"}], "labels": ["e", "q", "tp", "node", "peri", "i"], "epoch": "2455358.5"}, "elements": [{"value": ".688226743802369", "title": "eccentricity", "units": null, "sigma": "1.1962E-7", "name": "e", "label": "e"}, {"label": "a", "title": "semi-major axis", "value": "2.333929802162867", "units": "au", "sigma": "2.5616E-8", "name": "a"}, {"label": "q", "name": "q", "sigma": "2.8319E-7", "value": ".7276568941570096", "title": "perihelion distance", "units": "au"}, {"label": "i", "title": "inclination; angle with respect to x-y ecliptic plane", "value": "22.13932503178658", "units": "deg", "name": "i", "sigma": "4.6821E-5"}, {"name": "om", "sigma": "2.8223E-5", "value": "133.3029809175993", "title": "longitude of the ascending node", "units": "deg", "label": "node"}, {"label": "peri", "value": "294.5855781547606", "title": "argument of perihelion", "units": "deg", "name": "w", "sigma": "4.2477E-5"}, {"label": "M", "units": "deg", "value": "66.01240797285138", "title": "mean anomaly", "sigma": "3.0649E-5", "name": "ma"}, {"label": "tp", "name": "tp", "sigma": ".00010703", "units": "TDB", "title": "time of perihelion passage", "value": "2460961.689627772140"}, {"title": "sidereal orbital period", "value": "1302.357187718203", "units": "d", "name": "per", "sigma": "2.1441E-5", "label": "period"}, {"label": "n", "sigma": "4.5508E-9", "name": "n", "title": "mean motion", "value": ".2764218629074705", "units": "deg/d"}, {"sigma": "4.3246E-8", "name": "ad", "value": "3.940202710168724", "title": "aphelion distance", "units": "au", "label": "Q"}], "epoch": "2461200.5"}