{"spkid": "50407503", "covariance": {"labels": ["e", "q", "tp", "node", "peri", "i"], "elements": [{"sigma": 1.05767061574337e-07, "name": "e", "title": "eccentricity", "value": ".2758434324261845", "units": null, "label": "e"}, {"label": "q", "units": "au", "title": "perihelion distance", "value": ".8982908970312484", "name": "q", "sigma": 1.35147150636701e-07}, {"units": "TDB", "value": "2457018.465368069583", "title": "time of perihelion passage", "name": "tp", "sigma": 3.78062750965061e-05, "label": "tp"}, {"units": "deg", "title": "longitude of the ascending node", "value": "336.0369969413798", "name": "om", "sigma": 0.000307533660260674, "label": "node"}, {"sigma": 0.000298957470605831, "name": "w", "units": "deg", "title": "argument of perihelion", "value": "141.2097359036913", "label": "peri"}, {"label": "i", "units": "deg", "value": ".7385451248650026", "title": "inclination", "sigma": 5.7343399856983e-06, "name": "i"}], "data": [["1.118667131406962E-14", "-1.429363681076827E-14", "-3.325828990420504E-12", "-7.936147923682609E-12", "4.993275292489378E-12", "-1.713498844936626E-13"], ["-1.429363681076827E-14", "1.826475232521924E-14", "4.268867314955794E-12", "1.020394347336576E-11", "-6.42781243828126E-12", "2.197383335482754E-13"], ["-3.325828990420504E-12", "4.268867314955794E-12", "1.429314436672699E-9", "3.57810017830523E-9", "-2.311124444166216E-9", "6.337239266626289E-11"], ["-7.936147923682609E-12", "1.020394347336576E-11", "3.57810017830523E-9", "9.457695219332769E-8", "-9.141061117522622E-8", "1.563404632436747E-9"], ["4.993275292489378E-12", "-6.42781243828126E-12", "-2.311124444166216E-9", "-9.141061117522622E-8", "8.937556923103642E-8", "-1.508016040738085E-9"], ["-1.713498844936626E-13", "2.197383335482754E-13", "6.337239266626289E-11", "1.563404632436747E-9", "-1.508016040738085E-9", "3.288265507157839E-11"]], "epoch": "2456843.5"}, "elements": [{"label": "e", "units": null, "value": ".2760499863531235", "title": "eccentricity", "name": "e", "sigma": "1.0662E-7"}, {"label": "a", "name": "a", "sigma": "2.6095E-9", "title": "semi-major axis", "value": "1.240732353887794", "units": "au"}, {"units": "au", "title": "perihelion distance", "value": ".8982282045291897", "name": "q", "sigma": "1.3413E-7", "label": "q"}, {"name": "i", "sigma": "5.7304E-6", "title": "inclination; angle with respect to x-y ecliptic plane", "value": ".7374298262738076", "units": "deg", "label": "i"}, {"label": "node", "sigma": ".00030847", "name": "om", "units": "deg", "value": "335.6677217708112", "title": "longitude of the ascending node"}, {"sigma": ".00029967", "name": "w", "title": "argument of perihelion", "value": "141.4825772798423", "units": "deg", "label": "peri"}, {"label": "M", "name": "ma", "sigma": "4.6399E-5", "units": "deg", "value": "104.2227660669104", "title": "mean anomaly"}, {"units": "TDB", "value": "2461054.357786124685", "title": "time of perihelion passage", "sigma": "6.4652E-5", "name": "tp", "label": "tp"}, {"sigma": "1.5925E-6", "name": "per", "units": "d", "title": "sidereal orbital period", "value": "504.7956313243249", "label": "period"}, {"label": "n", "units": "deg/d", "value": ".7131598961257739", "title": "mean motion", "sigma": "2.2499E-9", "name": "n"}, {"units": "au", "title": "aphelion distance", "value": "1.583236503246399", "name": "ad", "sigma": "3.3298E-9", "label": "Q"}], "epoch": "2461200.5"}