{"spkid": "50405171", "covariance": {"elements": [{"label": "e", "name": "e", "sigma": 6.9904656252349e-08, "title": "eccentricity", "value": ".6737944789868401", "units": null}, {"sigma": 6.63646013767049e-08, "name": "q", "value": ".312614655770563", "title": "perihelion distance", "units": "au", "label": "q"}, {"label": "tp", "name": "tp", "sigma": 8.63142123889174e-06, "units": "TDB", "title": "time of perihelion passage", "value": "2457526.087446723875"}, {"units": "deg", "value": "225.3560595925572", "title": "longitude of the ascending node", "sigma": 9.17257398015566e-05, "name": "om", "label": "node"}, {"units": "deg", "title": "argument of perihelion", "value": "145.8192720549467", "sigma": 9.1827284711064e-05, "name": "w", "label": "peri"}, {"label": "i", "units": "deg", "value": "1.795649484632495", "title": "inclination", "name": "i", "sigma": 5.07429900812332e-06}], "data": [["4.886660965759075E-15", "-4.638909363856021E-15", "-2.955537560989083E-13", "1.176573307932879E-13", "-2.812945732965377E-13", "4.922744778853518E-15"], ["-4.638909363856021E-15", "4.404260315888942E-15", "2.813579544545128E-13", "-1.125239070315747E-13", "2.683429078912341E-13", "-4.612882832419292E-15"], ["-2.955537560989083E-13", "2.813579544545128E-13", "7.450143260319149E-11", "1.173143544380388E-11", "2.465443017034818E-11", "-1.544771134535213E-12"], ["1.176573307932879E-13", "-1.125239070315747E-13", "1.173143544380388E-11", "8.413611342142859E-9", "-8.407745050211673E-9", "-1.23786761373379E-10"], ["-2.812945732965377E-13", "2.683429078912341E-13", "2.465443017034818E-11", "-8.407745050211673E-9", "8.432250217406809E-9", "1.226811555164134E-10"], ["4.922744778853518E-15", "-4.612882832419292E-15", "-1.544771134535213E-12", "-1.23786761373379E-10", "1.226811555164134E-10", "2.574851042384133E-11"]], "labels": ["e", "q", "tp", "node", "peri", "i"], "epoch": "2457679.5"}, "elements": [{"name": "e", "sigma": "7.064E-8", "units": null, "value": ".6736788166029433", "title": "eccentricity", "label": "e"}, {"label": "a", "name": "a", "sigma": "9.8926E-9", "title": "semi-major axis", "value": ".9577906649028127", "units": "au"}, {"sigma": "6.5382E-8", "name": "q", "units": "au", "title": "perihelion distance", "value": ".3125473832177397", "label": "q"}, {"label": "i", "name": "i", "sigma": "5.1198E-6", "value": "1.783029482598912", "title": "inclination; angle with respect to x-y ecliptic plane", "units": "deg"}, {"label": "node", "sigma": "9.2E-5", "name": "om", "value": "224.860630170697", "title": "longitude of the ascending node", "units": "deg"}, {"sigma": "9.1835E-5", "name": "w", "units": "deg", "title": "argument of perihelion", "value": "146.3599323785492", "label": "peri"}, {"title": "mean anomaly", "value": "260.7324030628166", "units": "deg", "name": "ma", "sigma": "2.3736E-5", "label": "M"}, {"name": "tp", "sigma": "2.3952E-5", "title": "time of perihelion passage", "value": "2461294.908116779190", "units": "TDB", "label": "tp"}, {"sigma": "5.3044E-6", "name": "per", "title": "sidereal orbital period", "value": "342.3767985641426", "units": "d", "label": "period"}, {"sigma": "1.629E-8", "name": "n", "units": "deg/d", "value": "1.05147311824214", "title": "mean motion", "label": "n"}, {"label": "Q", "sigma": "1.6557E-8", "name": "ad", "units": "au", "title": "aphelion distance", "value": "1.603033946587886"}], "epoch": "2461200.5"}