{"spkid": "50405214", "covariance": {"epoch": "2457954.5", "data": [["2.196889574177111E-13", "-2.959246789532985E-13", "-1.996446945969926E-11", "-2.295836427781254E-12", "-1.56278015746326E-11", "-1.664642614905609E-11"], ["-2.959246789532985E-13", "3.986157656839425E-13", "2.688975698196749E-11", "3.099147911849612E-12", "2.104111891786057E-11", "2.242081172114901E-11"], ["-1.996446945969926E-11", "2.688975698196749E-11", "2.055647886550448E-9", "-1.095308320404683E-10", "1.929848300852524E-9", "1.622163729285867E-9"], ["-2.295836427781254E-12", "3.099147911849612E-12", "-1.095308320404683E-10", "8.534954670531756E-10", "-9.227273945319091E-10", "-9.921008508539624E-11"], ["-1.56278015746326E-11", "2.104111891786057E-11", "1.929848300852524E-9", "-9.227273945319091E-10", "2.616019920468942E-9", "1.548764181215561E-9"], ["-1.664642614905609E-11", "2.242081172114901E-11", "1.622163729285867E-9", "-9.921008508539624E-11", "1.548764181215561E-9", "1.410696833597824E-9"]], "elements": [{"label": "e", "sigma": 4.68709886195833e-07, "name": "e", "units": null, "value": ".5275934266413075", "title": "eccentricity"}, {"label": "q", "name": "q", "sigma": 6.31360250319849e-07, "title": "perihelion distance", "value": ".6258695849883847", "units": "au"}, {"sigma": 4.53392532641468e-05, "name": "tp", "value": "2457815.688482612031", "title": "time of perihelion passage", "units": "TDB", "label": "tp"}, {"label": "node", "value": "180.5585517963599", "title": "longitude of the ascending node", "units": "deg", "name": "om", "sigma": 2.92146447360425e-05}, {"label": "peri", "name": "w", "sigma": 5.11470421478011e-05, "units": "deg", "value": "249.6287272807463", "title": "argument of perihelion"}, {"label": "i", "units": "deg", "value": "9.966892362729723", "title": "inclination", "sigma": 3.75592443161178e-05, "name": "i"}], "labels": ["e", "q", "tp", "node", "peri", "i"]}, "elements": [{"label": "e", "units": null, "value": ".5276373864250961", "title": "eccentricity", "name": "e", "sigma": "4.6907E-7"}, {"label": "a", "name": "a", "sigma": "1.9739E-8", "title": "semi-major axis", "value": "1.324661790706074", "units": "au"}, {"units": "au", "value": ".6257207055607333", "title": "perihelion distance", "sigma": "6.3067E-7", "name": "q", "label": "q"}, {"label": "i", "units": "deg", "title": "inclination; angle with respect to x-y ecliptic plane", "value": "9.966894223816961", "name": "i", "sigma": "3.7553E-5"}, {"label": "node", "name": "om", "sigma": "2.9255E-5", "value": "180.4552562386212", "title": "longitude of the ascending node", "units": "deg"}, {"label": "peri", "name": "w", "sigma": "5.0949E-5", "value": "249.7882010603943", "title": "argument of perihelion", "units": "deg"}, {"label": "M", "sigma": "8.186E-5", "name": "ma", "units": "deg", "value": "27.83010339090748", "title": "mean anomaly"}, {"units": "TDB", "title": "time of perihelion passage", "value": "2461157.450485292332", "name": "tp", "sigma": ".00012567", "label": "tp"}, {"label": "period", "title": "sidereal orbital period", "value": "556.8727171823472", "units": "d", "name": "per", "sigma": "1.2447E-5"}, {"value": ".6464672965512127", "title": "mean motion", "units": "deg/d", "sigma": "1.445E-8", "name": "n", "label": "n"}, {"label": "Q", "units": "au", "value": "2.023602875851414", "title": "aphelion distance", "sigma": "3.0154E-8", "name": "ad"}], "epoch": "2461200.5"}