{"spkid": "50409647", "covariance": {"epoch": "2457175.5", "elements": [{"label": "e", "title": "eccentricity", "value": ".3557324365670783", "units": null, "name": "e", "sigma": 1.08682805158964e-07}, {"name": "q", "sigma": 1.44224943334795e-07, "value": ".8801218335391965", "title": "perihelion distance", "units": "au", "label": "q"}, {"label": "tp", "units": "TDB", "value": "2457000.345820705988", "title": "time of perihelion passage", "name": "tp", "sigma": 4.24714626017086e-05}, {"value": "196.7001837764442", "title": "longitude of the ascending node", "units": "deg", "name": "om", "sigma": 5.4360856498836e-05, "label": "node"}, {"label": "peri", "name": "w", "sigma": 6.85077975796205e-05, "units": "deg", "value": "115.9610955997664", "title": "argument of perihelion"}, {"label": "i", "units": "deg", "title": "inclination", "value": "16.31723362711789", "name": "i", "sigma": 1.66227774745906e-05}], "data": [["1.181195213722136E-14", "-1.566620256648556E-14", "-1.035778797289444E-12", "2.39461163960307E-12", "-3.420011087717014E-12", "5.923352256370153E-13"], ["-1.566620256648556E-14", "2.080083427992491E-14", "1.551664889932303E-12", "-3.283909581453911E-12", "4.719073003740344E-12", "-8.246748335078364E-13"], ["-1.035778797289444E-12", "1.551664889932303E-12", "1.803825135528333E-9", "-1.265944638596454E-9", "2.141249642987029E-9", "-4.151118057407687E-10"], ["2.39461163960307E-12", "-3.283909581453911E-12", "-1.265944638596454E-9", "2.955102719287035E-9", "-3.583886541528832E-9", "8.227104588459186E-10"], ["-3.420011087717014E-12", "4.719073003740344E-12", "2.141249642987029E-9", "-3.583886541528832E-9", "4.693318329210254E-9", "-1.017091568598505E-9"], ["5.923352256370153E-13", "-8.246748335078364E-13", "-4.151118057407687E-10", "8.227104588459186E-10", "-1.017091568598505E-9", "2.76316730969758E-10"]], "labels": ["e", "q", "tp", "node", "peri", "i"]}, "elements": [{"sigma": "1.0877E-7", "name": "e", "units": null, "value": ".3556376564906881", "title": "eccentricity", "label": "e"}, {"label": "a", "value": "1.365864617944987", "title": "semi-major axis", "units": "au", "sigma": "9.2386E-9", "name": "a"}, {"label": "q", "name": "q", "sigma": "1.4451E-7", "value": ".8801117261354825", "title": "perihelion distance", "units": "au"}, {"label": "i", "name": "i", "sigma": "1.6621E-5", "units": "deg", "title": "inclination; angle with respect to x-y ecliptic plane", "value": "16.31888324801823"}, {"sigma": "5.4372E-5", "name": "om", "units": "deg", "value": "196.6335520634476", "title": "longitude of the ascending node", "label": "node"}, {"name": "w", "sigma": "6.8524E-5", "title": "argument of perihelion", "value": "116.0397806349426", "units": "deg", "label": "peri"}, {"label": "M", "name": "ma", "sigma": "4.6837E-5", "units": "deg", "value": "72.85777311539616", "title": "mean anomaly"}, {"label": "tp", "sigma": "7.4826E-5", "name": "tp", "value": "2461082.499648343752", "title": "time of perihelion passage", "units": "TDB"}, {"units": "d", "value": "583.0555173429061", "title": "sidereal orbital period", "sigma": "5.9156E-6", "name": "per", "label": "period"}, {"units": "deg/d", "value": ".6174369151681951", "title": "mean motion", "name": "n", "sigma": "6.2644E-9", "label": "n"}, {"units": "au", "title": "aphelion distance", "value": "1.851617509754491", "sigma": "1.2524E-8", "name": "ad", "label": "Q"}], "epoch": "2461200.5"}