{"spkid": "50402155", "covariance": {"data": [["1.851500697845695E-14", "-3.75801034330143E-14", "3.687914354891356E-12", "-2.380739136395282E-12", "7.701362413681145E-12", "1.378617079162161E-13"], ["-3.75801034330143E-14", "7.627791094645311E-14", "-7.487839850718838E-12", "4.829140921842786E-12", "-1.562888164534219E-11", "-2.796061797918181E-13"], ["3.687914354891356E-12", "-7.487839850718838E-12", "7.407125769661072E-10", "-4.501908206347638E-10", "1.512546724362878E-9", "2.592245887065183E-11"], ["-2.380739136395282E-12", "4.829140921842786E-12", "-4.501908206347638E-10", "4.472474047084219E-9", "-5.122931275380129E-9", "-4.031551540347402E-10"], ["7.701362413681145E-12", "-1.562888164534219E-11", "1.512546724362878E-9", "-5.122931275380129E-9", "7.305558650332534E-9", "4.408121707803193E-10"], ["1.378617079162161E-13", "-2.796061797918181E-13", "2.592245887065183E-11", "-4.031551540347402E-10", "4.408121707803193E-10", "4.367959873963191E-11"]], "elements": [{"sigma": 1.36069860654213e-07, "name": "e", "units": null, "value": ".5952500539809585", "title": "eccentricity", "label": "e"}, {"label": "q", "sigma": 2.76184559572857e-07, "name": "q", "units": "au", "title": "perihelion distance", "value": ".7996744043559857"}, {"label": "tp", "value": "2458499.548820922903", "title": "time of perihelion passage", "units": "TDB", "name": "tp", "sigma": 2.72160352910946e-05}, {"name": "om", "sigma": 6.68765582778018e-05, "units": "deg", "title": "longitude of the ascending node", "value": "178.7950266688852", "label": "node"}, {"value": "235.7925867926739", "title": "argument of perihelion", "units": "deg", "sigma": 8.54725608036435e-05, "name": "w", "label": "peri"}, {"label": "i", "value": "1.065908983981904", "title": "inclination", "units": "deg", "sigma": 6.60905429994579e-06, "name": "i"}], "labels": ["e", "q", "tp", "node", "peri", "i"], "epoch": "2458832.5"}, "elements": [{"label": "e", "title": "eccentricity", "value": ".5932974918933903", "units": null, "name": "e", "sigma": "1.3478E-7"}, {"label": "a", "units": "au", "title": "semi-major axis", "value": "1.967040578839867", "sigma": "2.9698E-8", "name": "a"}, {"sigma": "2.7582E-7", "name": "q", "value": ".8000003369616514", "title": "perihelion distance", "units": "au", "label": "q"}, {"label": "i", "units": "deg", "value": "1.081807160303982", "title": "inclination; angle with respect to x-y ecliptic plane", "name": "i", "sigma": "6.6046E-6"}, {"name": "om", "sigma": "6.5302E-5", "units": "deg", "title": "longitude of the ascending node", "value": "178.6034788167275", "label": "node"}, {"label": "peri", "units": "deg", "value": "236.1889844386386", "title": "argument of perihelion", "name": "w", "sigma": "8.449E-5"}, {"title": "mean anomaly", "value": "242.4939898933881", "units": "deg", "sigma": "9.7568E-6", "name": "ma", "label": "M"}, {"label": "tp", "units": "TDB", "value": "2461529.409172499815", "title": "time of perihelion passage", "sigma": "3.4577E-5", "name": "tp"}, {"sigma": "2.282E-5", "name": "per", "value": "1007.670177827533", "title": "sidereal orbital period", "units": "d", "label": "period"}, {"name": "n", "sigma": "8.0908E-9", "title": "mean motion", "value": ".3572597541550103", "units": "deg/d", "label": "n"}, {"label": "Q", "title": "aphelion distance", "value": "3.134080820718083", "units": "au", "sigma": "4.7318E-8", "name": "ad"}], "epoch": "2461200.5"}