{"spkid": "50414447", "covariance": {"labels": ["e", "q", "tp", "node", "peri", "i"], "elements": [{"label": "e", "name": "e", "sigma": 3.62407567241889e-07, "title": "eccentricity", "value": ".3020231721597061", "units": null}, {"label": "q", "value": ".6715659791489785", "title": "perihelion distance", "units": "au", "sigma": 3.30423284483597e-07, "name": "q"}, {"sigma": 9.04911378578159e-06, "name": "tp", "units": "TDB", "value": "2459734.174680436439", "title": "time of perihelion passage", "label": "tp"}, {"label": "node", "sigma": 9.98711762640824e-06, "name": "om", "value": "104.8181901116343", "title": "longitude of the ascending node", "units": "deg"}, {"value": "52.49242558626174", "title": "argument of perihelion", "units": "deg", "sigma": 1.63848456258067e-05, "name": "w", "label": "peri"}, {"label": "i", "sigma": 1.47250860829729e-05, "name": "i", "title": "inclination", "value": "10.01491990755003", "units": "deg"}], "data": [["1.313392447941846E-13", "-1.197426904997051E-13", "-1.694850863055045E-12", "-1.504253277199514E-12", "2.039923640192078E-12", "2.994949449633671E-12"], ["-1.197426904997051E-13", "1.091795469289283E-13", "1.567701033460405E-12", "1.353056828953856E-12", "-1.816680187733012E-12", "-2.742779430583317E-12"], ["-1.694850863055045E-12", "1.567701033460405E-12", "8.188646030802238E-11", "-1.360348030643563E-11", "7.381364714237729E-11", "-8.74888441614129E-11"], ["-1.504253277199514E-12", "1.353056828953856E-12", "-1.360348030643563E-11", "9.974251848371409E-11", "-1.446893486129194E-10", "-5.123706684832089E-11"], ["2.039923640192078E-12", "-1.816680187733012E-12", "7.381364714237729E-11", "-1.446893486129194E-10", "2.684631661815162E-10", "1.55507710600642E-11"], ["2.994949449633671E-12", "-2.742779430583317E-12", "-8.74888441614129E-11", "-5.123706684832089E-11", "1.55507710600642E-11", "2.168281601509617E-10"]], "epoch": "2459722.5"}, "elements": [{"label": "e", "name": "e", "sigma": "3.6196E-7", "units": null, "title": "eccentricity", "value": ".302113878235402"}, {"units": "au", "value": ".9621821976424207", "title": "semi-major axis", "name": "a", "sigma": "2.6792E-8", "label": "a"}, {"sigma": "3.2977E-7", "name": "q", "value": ".6714936023436069", "title": "perihelion distance", "units": "au", "label": "q"}, {"title": "inclination; angle with respect to x-y ecliptic plane", "value": "10.01996633426361", "units": "deg", "sigma": "1.472E-5", "name": "i", "label": "i"}, {"sigma": "9.9625E-6", "name": "om", "value": "104.77481382641", "title": "longitude of the ascending node", "units": "deg", "label": "node"}, {"label": "peri", "units": "deg", "title": "argument of perihelion", "value": "52.46049457096566", "name": "w", "sigma": "1.6374E-5"}, {"units": "deg", "value": "91.07566888524278", "title": "mean anomaly", "sigma": "6.0809E-5", "name": "ma", "label": "M"}, {"sigma": "5.4637E-5", "name": "tp", "units": "TDB", "value": "2461113.286388372487", "title": "time of perihelion passage", "label": "tp"}, {"name": "per", "sigma": "1.4399E-5", "units": "d", "title": "sidereal orbital period", "value": "344.7342256191999", "label": "period"}, {"label": "n", "sigma": "4.3617E-8", "name": "n", "title": "mean motion", "value": "1.044282735064614", "units": "deg/d"}, {"label": "Q", "sigma": "3.4886E-8", "name": "ad", "value": "1.252870792941235", "title": "aphelion distance", "units": "au"}], "epoch": "2461200.5"}