{"spkid": "50427464", "covariance": {"labels": ["e", "q", "tp", "node", "peri", "i"], "elements": [{"units": null, "title": "eccentricity", "value": ".7021311911225859", "name": "e", "sigma": 3.59434948255917e-06, "label": "e"}, {"label": "q", "name": "q", "sigma": 3.92779047265287e-06, "units": "au", "title": "perihelion distance", "value": ".3253902736078616"}, {"title": "time of perihelion passage", "value": "2457286.527022225424", "units": "TDB", "sigma": 0.000214959999635134, "name": "tp", "label": "tp"}, {"name": "om", "sigma": 9.47206483432497e-05, "value": "6.795632570471889", "title": "longitude of the ascending node", "units": "deg", "label": "node"}, {"label": "peri", "value": "122.600476331991", "title": "argument of perihelion", "units": "deg", "sigma": 0.000304927903227032, "name": "w"}, {"label": "i", "units": "deg", "title": "inclination", "value": "16.84597640837064", "name": "i", "sigma": 0.00014838090602066}], "data": [["1.291934820277339E-11", "-1.411785151333393E-11", "-7.72124996137053E-10", "1.043396472899491E-10", "1.050998917606882E-9", "1.140293860496777E-10"], ["-1.411785151333393E-11", "1.542753799706265E-11", "8.437526261939251E-10", "-1.140334146496358E-10", "-1.148485235948978E-9", "-1.246003713033998E-10"], ["-7.72124996137053E-10", "8.437526261939251E-10", "4.620780144313661E-8", "-6.20540718587866E-9", "-6.280159304423421E-8", "-6.685392968752809E-9"], ["1.043396472899491E-10", "-1.140334146496358E-10", "-6.20540718587866E-9", "8.972001222565573E-9", "7.099274232868469E-10", "-1.161946489294575E-8"], ["1.050998917606882E-9", "-1.148485235948978E-9", "-6.280159304423421E-8", "7.099274232868469E-10", "9.298102616643401E-8", "2.139162982624183E-8"], ["1.140293860496777E-10", "-1.246003713033998E-10", "-6.685392968752809E-9", "-1.161946489294575E-8", "2.139162982624183E-8", "2.201689327151191E-8"]], "epoch": "2457268.5"}, "elements": [{"sigma": "3.5947E-6", "name": "e", "value": ".7020542430605786", "title": "eccentricity", "units": null, "label": "e"}, {"title": "semi-major axis", "value": "1.092045570602479", "units": "au", "sigma": "3.5454E-9", "name": "a", "label": "a"}, {"label": "q", "name": "q", "sigma": "3.9247E-6", "units": "au", "title": "perihelion distance", "value": ".3253703441454978"}, {"label": "i", "sigma": ".00014862", "name": "i", "value": "16.87273158812089", "title": "inclination; angle with respect to x-y ecliptic plane", "units": "deg"}, {"title": "longitude of the ascending node", "value": "6.68316739107807", "units": "deg", "sigma": "9.4183E-5", "name": "om", "label": "node"}, {"units": "deg", "value": "122.7291705381511", "title": "argument of perihelion", "sigma": ".00030452", "name": "w", "label": "peri"}, {"name": "ma", "sigma": ".00018345", "value": "139.5921570617556", "title": "mean anomaly", "units": "deg", "label": "M"}, {"sigma": ".00021309", "name": "tp", "title": "time of perihelion passage", "value": "2461038.871446246707", "units": "TDB", "label": "tp"}, {"sigma": "2.0299E-6", "name": "per", "units": "d", "title": "sidereal orbital period", "value": "416.8305768456877", "label": "period"}, {"sigma": "4.2059E-9", "name": "n", "value": ".8636602495053366", "title": "mean motion", "units": "deg/d", "label": "n"}, {"name": "ad", "sigma": "6.0345E-9", "value": "1.858720797059459", "title": "aphelion distance", "units": "au", "label": "Q"}], "epoch": "2461200.5"}