{"spkid": "50427817", "covariance": {"data": [["1.637654687326051E-16", "-4.401970142895819E-16", "-7.843024905671149E-14", "1.614613004361083E-14", "-6.835408252475929E-14", "-1.338362265964551E-14"], ["-4.401970142895819E-16", "1.184195465027273E-15", "2.169676230668127E-13", "-4.404119630764099E-14", "1.844854442419159E-13", "3.713203610170318E-14"], ["-7.843024905671149E-14", "2.169676230668127E-13", "7.777096634360954E-11", "-9.807108731726738E-12", "3.565704085262362E-11", "8.635419359122554E-12"], ["1.614613004361083E-14", "-4.404119630764099E-14", "-9.807108731726738E-12", "7.659954590469091E-11", "-7.973404355587125E-11", "-6.016917317089026E-11"], ["-6.835408252475929E-14", "1.844854442419159E-13", "3.565704085262362E-11", "-7.973404355587125E-11", "9.961390744115207E-11", "6.298151581142801E-11"], ["-1.338362265964551E-14", "3.713203610170318E-14", "8.635419359122554E-12", "-6.016917317089026E-11", "6.298151581142801E-11", "1.100479696460089E-10"]], "elements": [{"name": "e", "sigma": 1.27970882911936e-08, "value": ".7232582962250482", "title": "eccentricity", "units": null, "label": "e"}, {"label": "q", "name": "q", "sigma": 3.44121412444398e-08, "value": ".7242756466571216", "title": "perihelion distance", "units": "au"}, {"value": "2457975.114416906652", "title": "time of perihelion passage", "units": "TDB", "name": "tp", "sigma": 8.81878485640791e-06, "label": "tp"}, {"sigma": 8.75211665282696e-06, "name": "om", "units": "deg", "value": "15.38650329568967", "title": "longitude of the ascending node", "label": "node"}, {"label": "peri", "name": "w", "sigma": 9.98067670256642e-06, "units": "deg", "title": "argument of perihelion", "value": "103.0813713617097"}, {"sigma": 1.04903750955821e-05, "name": "i", "units": "deg", "title": "inclination", "value": "8.298780658582528", "label": "i"}], "labels": ["e", "q", "tp", "node", "peri", "i"], "epoch": "2458670.5"}, "elements": [{"value": ".7264291982899447", "title": "eccentricity", "units": null, "name": "e", "sigma": "1.3255E-8", "label": "e"}, {"label": "a", "sigma": "6.1671E-9", "name": "a", "units": "au", "value": "2.608104716302628", "title": "semi-major axis"}, {"units": "au", "title": "perihelion distance", "value": ".7135012981826864", "sigma": "3.5972E-8", "name": "q", "label": "q"}, {"units": "deg", "value": "8.346204933241804", "title": "inclination; angle with respect to x-y ecliptic plane", "name": "i", "sigma": "1.055E-5", "label": "i"}, {"sigma": "8.6023E-6", "name": "om", "title": "longitude of the ascending node", "value": "14.76715887649064", "units": "deg", "label": "node"}, {"name": "w", "sigma": "9.6974E-6", "units": "deg", "value": "103.8313629209733", "title": "argument of perihelion", "label": "peri"}, {"units": "deg", "title": "mean anomaly", "value": "33.01158090323415", "sigma": "4.4169E-6", "name": "ma", "label": "M"}, {"name": "tp", "sigma": "1.8395E-5", "value": "2461059.425088746815", "title": "time of perihelion passage", "units": "TDB", "label": "tp"}, {"label": "period", "value": "1538.459130449305", "title": "sidereal orbital period", "units": "d", "sigma": "5.4567E-6", "name": "per"}, {"units": "deg/d", "title": "mean motion", "value": ".2340003662592339", "name": "n", "sigma": "8.2997E-10", "label": "n"}, {"title": "aphelion distance", "value": "4.50270813442257", "units": "au", "sigma": "1.0647E-8", "name": "ad", "label": "Q"}], "epoch": "2461200.5"}