{"spkid": "50423223", "covariance": {"data": [["6.250296346635474E-12", "-1.184594765169128E-11", "-9.767339156350441E-10", "-4.810789097837314E-11", "-1.538837802731536E-9", "3.471940857074342E-10"], ["-1.184594765169128E-11", "2.2451579187146E-11", "1.859211913514835E-9", "9.4239148972374E-11", "2.917111866237837E-9", "-6.585080518152823E-10"], ["-9.767339156350441E-10", "1.859211913514835E-9", "3.123996008502053E-7", "6.89796687204801E-8", "2.52070790541009E-7", "-6.3212686333683E-8"], ["-4.810789097837314E-11", "9.4239148972374E-11", "6.89796687204801E-8", "3.856935743029726E-8", "2.482439696280865E-9", "9.266247728964644E-9"], ["-1.538837802731536E-9", "2.917111866237837E-9", "2.52070790541009E-7", "2.482439696280865E-9", "3.928642511686778E-7", "-1.0073370972879E-7"], ["3.471940857074342E-10", "-6.585080518152823E-10", "-6.3212686333683E-8", "9.266247728964644E-9", "-1.0073370972879E-7", "3.628837238477632E-8"]], "elements": [{"label": "e", "sigma": 2.50005926862454e-06, "name": "e", "units": null, "title": "eccentricity", "value": ".5976531951925451"}, {"name": "q", "sigma": 4.73830973946892e-06, "units": "au", "title": "perihelion distance", "value": ".7598805529362993", "label": "q"}, {"label": "tp", "name": "tp", "sigma": 0.000558927187431606, "value": "2458417.515502827886", "title": "time of perihelion passage", "units": "TDB"}, {"value": "122.4532826048048", "title": "longitude of the ascending node", "units": "deg", "name": "om", "sigma": 0.000196390828274381, "label": "node"}, {"label": "peri", "name": "w", "sigma": 0.00062678884097332, "units": "deg", "title": "argument of perihelion", "value": "109.4572673021159"}, {"label": "i", "units": "deg", "value": "17.10125689891264", "title": "inclination", "name": "i", "sigma": 0.000190495071812308}], "labels": ["e", "q", "tp", "node", "peri", "i"], "epoch": "2458652.5"}, "elements": [{"label": "e", "sigma": "2.5395E-6", "name": "e", "units": null, "value": ".5968513327479252", "title": "eccentricity"}, {"label": "a", "name": "a", "sigma": "6.6063E-8", "value": "1.888887155821206", "title": "semi-major axis", "units": "au"}, {"value": ".7615023394588811", "title": "perihelion distance", "units": "au", "sigma": "4.8173E-6", "name": "q", "label": "q"}, {"label": "i", "units": "deg", "value": "17.11093798751346", "title": "inclination; angle with respect to x-y ecliptic plane", "sigma": ".00019031", "name": "i"}, {"name": "om", "sigma": ".00019622", "units": "deg", "value": "122.3343221844531", "title": "longitude of the ascending node", "label": "node"}, {"label": "peri", "value": "109.5170358418272", "title": "argument of perihelion", "units": "deg", "sigma": ".00062767", "name": "w"}, {"label": "M", "title": "mean anomaly", "value": "336.9791103027163", "units": "deg", "name": "ma", "sigma": ".00026593"}, {"label": "tp", "value": "2461261.135512169861", "title": "time of perihelion passage", "units": "TDB", "name": "tp", "sigma": ".00070362"}, {"label": "period", "title": "sidereal orbital period", "value": "948.2163664476216", "units": "d", "name": "per", "sigma": "4.9745E-5"}, {"value": ".3796601838340933", "title": "mean motion", "units": "deg/d", "sigma": "1.9918E-8", "name": "n", "label": "n"}, {"label": "Q", "units": "au", "title": "aphelion distance", "value": "3.01627197218353", "sigma": "1.0549E-7", "name": "ad"}], "epoch": "2461200.5"}