{"spkid": "50423344", "covariance": {"epoch": "2458075.5", "labels": ["e", "q", "tp", "node", "peri", "i"], "elements": [{"label": "e", "units": null, "title": "eccentricity", "value": ".2728041174986393", "sigma": 6.22447114169358e-08, "name": "e"}, {"sigma": 7.29901601349733e-08, "name": "q", "title": "perihelion distance", "value": ".8446875077336354", "units": "au", "label": "q"}, {"title": "time of perihelion passage", "value": "2457967.482634830996", "units": "TDB", "sigma": 4.43351812263997e-05, "name": "tp", "label": "tp"}, {"name": "om", "sigma": 6.58486984587207e-05, "units": "deg", "value": "117.1020210581259", "title": "longitude of the ascending node", "label": "node"}, {"label": "peri", "sigma": 7.93947713583069e-05, "name": "w", "value": "295.1929453182155", "title": "argument of perihelion", "units": "deg"}, {"name": "i", "sigma": 6.24692976048077e-06, "units": "deg", "title": "inclination", "value": "2.679868577970686", "label": "i"}], "data": [["3.874404099377624E-15", "-4.541856960602465E-15", "-1.872186891535688E-12", "1.029947731944455E-12", "-2.019445934879973E-12", "-8.54061186908182E-14"], ["-4.541856960602465E-15", "5.327563476529042E-15", "2.243953529393541E-12", "-1.226068634013587E-12", "2.418278124285254E-12", "9.95777981178827E-14"], ["-1.872186891535688E-12", "2.243953529393541E-12", "1.965608294377707E-9", "-9.8843472487543E-10", "2.202354277320068E-9", "8.635850068403725E-11"], ["1.029947731944455E-12", "-1.226068634013587E-12", "-9.8843472487543E-10", "4.336051088707519E-9", "-4.934250807049683E-9", "1.477338188770499E-10"], ["-2.019445934879973E-12", "2.418278124285254E-12", "2.202354277320068E-9", "-4.934250807049683E-9", "6.303529719037836E-9", "-9.566539337748992E-11"], ["-8.54061186908182E-14", "9.95777981178827E-14", "8.635850068403725E-11", "1.477338188770499E-10", "-9.566539337748992E-11", "3.902413143238034E-11"]]}, "elements": [{"sigma": "6.2337E-8", "name": "e", "title": "eccentricity", "value": ".2730211763394361", "units": null, "label": "e"}, {"label": "a", "units": "au", "value": "1.162338050034325", "title": "semi-major axis", "name": "a", "sigma": "1.4484E-9"}, {"label": "q", "sigma": "7.2198E-8", "name": "q", "value": ".8449951483098674", "title": "perihelion distance", "units": "au"}, {"label": "i", "sigma": "6.2385E-6", "name": "i", "value": "2.681318731104937", "title": "inclination; angle with respect to x-y ecliptic plane", "units": "deg"}, {"name": "om", "sigma": "6.5955E-5", "title": "longitude of the ascending node", "value": "116.6991848303319", "units": "deg", "label": "node"}, {"label": "peri", "title": "argument of perihelion", "value": "295.4745615080441", "units": "deg", "sigma": "7.9426E-5", "name": "w"}, {"sigma": "3.7813E-5", "name": "ma", "value": "23.74152675731195", "title": "mean anomaly", "units": "deg", "label": "M"}, {"units": "TDB", "value": "2461170.314160920215", "title": "time of perihelion passage", "sigma": "4.8079E-5", "name": "tp", "label": "tp"}, {"title": "sidereal orbital period", "value": "457.7170701701273", "units": "d", "sigma": "8.5553E-7", "name": "per", "label": "period"}, {"label": "n", "sigma": "1.4701E-9", "name": "n", "units": "deg/d", "value": ".7865120692706367", "title": "mean motion"}, {"label": "Q", "name": "ad", "sigma": "1.8438E-9", "title": "aphelion distance", "value": "1.479680951758783", "units": "au"}], "epoch": "2461200.5"}