{"spkid": "50427764", "covariance": {"epoch": "2454931.5", "labels": ["e", "q", "tp", "node", "peri", "i"], "elements": [{"name": "e", "sigma": 7.21273220259559e-08, "units": null, "title": "eccentricity", "value": ".6365105223951282", "label": "e"}, {"label": "q", "units": "au", "title": "perihelion distance", "value": ".9331712500992685", "name": "q", "sigma": 1.63782568156645e-07}, {"name": "tp", "sigma": 2.26916067589429e-05, "title": "time of perihelion passage", "value": "2454838.332597447756", "units": "TDB", "label": "tp"}, {"label": "node", "name": "om", "sigma": 0.000334497479243436, "units": "deg", "value": "285.365851453986", "title": "longitude of the ascending node"}, {"units": "deg", "title": "argument of perihelion", "value": "166.0157820828964", "sigma": 0.000329961055871151, "name": "w", "label": "peri"}, {"label": "i", "value": "1.852223243313715", "title": "inclination", "units": "deg", "name": "i", "sigma": 9.85722398198869e-06}], "data": [["5.202350582635942E-15", "-1.095469230732821E-14", "1.28217304371734E-12", "5.658251059397701E-12", "-4.408148938624843E-12", "2.919040918170707E-14"], ["-1.095469230732821E-14", "2.682472963198593E-14", "-2.907592412509633E-12", "-1.350929399697645E-11", "1.070534070327632E-11", "-6.900963703322187E-14"], ["1.28217304371734E-12", "-2.907592412509633E-12", "5.149090173025021E-10", "1.637518179280574E-9", "-1.145628017410818E-9", "7.889615643862006E-12"], ["5.658251059397701E-12", "-1.350929399697645E-11", "1.637518179280574E-9", "1.118885636202129E-7", "-1.101257317415407E-7", "2.336551328903596E-9"], ["-4.408148938624843E-12", "1.070534070327632E-11", "-1.145628017410818E-9", "-1.101257317415407E-7", "1.088742983916049E-7", "-2.328229394865551E-9"], ["2.919040918170707E-14", "-6.900963703322187E-14", "7.889615643862006E-12", "2.336551328903596E-9", "-2.328229394865551E-9", "9.716486463109289E-11"]]}, "elements": [{"label": "e", "value": ".6440577079169074", "title": "eccentricity", "units": null, "name": "e", "sigma": "7.4451E-8"}, {"sigma": "1.5662E-7", "name": "a", "value": "2.550989543248663", "title": "semi-major axis", "units": "au", "label": "a"}, {"name": "q", "sigma": "1.63E-7", "title": "perihelion distance", "value": ".9080050651039305", "units": "au", "label": "q"}, {"label": "i", "title": "inclination; angle with respect to x-y ecliptic plane", "value": "1.89863904481381", "units": "deg", "name": "i", "sigma": "1.0156E-5"}, {"label": "node", "name": "om", "sigma": ".00032633", "units": "deg", "value": "284.6854814790517", "title": "longitude of the ascending node"}, {"label": "peri", "sigma": ".00032187", "name": "w", "units": "deg", "title": "argument of perihelion", "value": "167.008666796497"}, {"name": "ma", "sigma": ".00016605", "units": "deg", "title": "mean anomaly", "value": "89.2728670212115", "label": "M"}, {"label": "tp", "name": "tp", "sigma": ".00065247", "title": "time of perihelion passage", "value": "2460831.455764349754", "units": "TDB"}, {"sigma": ".00013706", "name": "per", "units": "d", "value": "1488.200494362096", "title": "sidereal orbital period", "label": "period"}, {"name": "n", "sigma": "2.2278E-8", "value": ".2419028896736867", "title": "mean motion", "units": "deg/d", "label": "n"}, {"label": "Q", "units": "au", "title": "aphelion distance", "value": "4.193974021393395", "sigma": "2.575E-7", "name": "ad"}], "epoch": "2461200.5"}