{"spkid": "50426660", "covariance": {"epoch": "2459488.5", "elements": [{"label": "e", "sigma": 1.33879980069876e-07, "name": "e", "title": "eccentricity", "value": ".5333393137386934", "units": null}, {"label": "q", "units": "au", "value": ".9270114861790223", "title": "perihelion distance", "name": "q", "sigma": 2.65901884632435e-07}, {"label": "tp", "title": "time of perihelion passage", "value": "2459867.972935270345", "units": "TDB", "sigma": 3.05473313141619e-05, "name": "tp"}, {"label": "node", "sigma": 5.30940506388383e-05, "name": "om", "units": "deg", "value": "135.7853408027182", "title": "longitude of the ascending node"}, {"label": "peri", "title": "argument of perihelion", "value": "255.9164364055278", "units": "deg", "name": "w", "sigma": 7.30732661969467e-05}, {"label": "i", "value": "4.3993570568667", "title": "inclination", "units": "deg", "name": "i", "sigma": 1.55934289275856e-05}], "data": [["1.792384906351036E-14", "-3.559885505818779E-14", "2.977149387415365E-12", "-1.280103556197405E-12", "6.868963129629593E-12", "-4.943449213834008E-13"], ["-3.559885505818779E-14", "7.070381225108102E-14", "-5.9049052410935E-12", "2.545854770140871E-12", "-1.363921261568823E-11", "9.854114206367965E-13"], ["2.977149387415365E-12", "-5.9049052410935E-12", "9.331394504171776E-10", "-1.586964857577676E-11", "1.331597277118727E-9", "1.192949404188944E-10"], ["-1.280103556197405E-12", "2.545854770140871E-12", "-1.586964857577676E-11", "2.818978213239528E-9", "-3.035384404089485E-9", "6.608159071837964E-10"], ["6.868963129629593E-12", "-1.363921261568823E-11", "1.331597277118727E-9", "-3.035384404089485E-9", "5.339702232689838E-9", "-6.353136256759294E-10"], ["-4.943449213834008E-13", "9.854114206367965E-13", "1.192949404188944E-10", "6.608159071837964E-10", "-6.353136256759294E-10", "2.431550257196624E-10"]], "labels": ["e", "q", "tp", "node", "peri", "i"]}, "elements": [{"label": "e", "name": "e", "sigma": "1.3452E-7", "units": null, "value": ".5332121087832302", "title": "eccentricity"}, {"label": "a", "name": "a", "sigma": "6.761E-9", "units": "au", "title": "semi-major axis", "value": "1.985819384592972"}, {"name": "q", "sigma": "2.6587E-7", "units": "au", "title": "perihelion distance", "value": ".9269564428715371", "label": "q"}, {"label": "i", "name": "i", "sigma": "1.5628E-5", "title": "inclination; angle with respect to x-y ecliptic plane", "value": "4.38528009541827", "units": "deg"}, {"name": "om", "sigma": "5.3842E-5", "value": "135.611005205556", "title": "longitude of the ascending node", "units": "deg", "label": "node"}, {"label": "peri", "sigma": "7.3562E-5", "name": "w", "value": "256.1236765259173", "title": "argument of perihelion", "units": "deg"}, {"units": "deg", "value": "109.1788089364632", "title": "mean anomaly", "sigma": "1.2756E-5", "name": "ma", "label": "M"}, {"name": "tp", "sigma": "3.4834E-5", "units": "TDB", "title": "time of perihelion passage", "value": "2460890.512703231269", "label": "tp"}, {"label": "period", "value": "1022.134495913821", "title": "sidereal orbital period", "units": "d", "name": "per", "sigma": "5.22E-6"}, {"units": "deg/d", "title": "mean motion", "value": ".3522041389261091", "sigma": "1.7987E-9", "name": "n", "label": "n"}, {"value": "3.044682326314408", "title": "aphelion distance", "units": "au", "sigma": "1.0366E-8", "name": "ad", "label": "Q"}], "epoch": "2461200.5"}