{"spkid": "50428366", "covariance": {"epoch": "2458803.5", "labels": ["e", "q", "tp", "node", "peri", "i"], "elements": [{"label": "e", "title": "eccentricity", "value": ".2997464412643761", "units": null, "sigma": 6.84176223702232e-07, "name": "e"}, {"label": "q", "name": "q", "sigma": 7.6467493352641e-07, "title": "perihelion distance", "value": ".7832255946285374", "units": "au"}, {"label": "tp", "name": "tp", "sigma": 4.44141970365877e-05, "value": "2458955.936722436494", "title": "time of perihelion passage", "units": "TDB"}, {"sigma": 8.40905677686079e-06, "name": "om", "value": "354.6467483810302", "title": "longitude of the ascending node", "units": "deg", "label": "node"}, {"label": "peri", "sigma": 7.56813821396029e-05, "name": "w", "units": "deg", "value": "252.3606707707584", "title": "argument of perihelion"}, {"label": "i", "name": "i", "sigma": 3.92830478831764e-05, "title": "inclination", "value": "14.4640432055875", "units": "deg"}], "data": [["4.680971050794464E-13", "-5.231715308436276E-13", "1.032986998705139E-11", "-1.370116591040184E-12", "-4.491058111537009E-11", "1.431211977361584E-11"], ["-5.231715308436276E-13", "5.847277539636201E-13", "-1.158359474816105E-11", "1.534798992480628E-12", "5.016141765242944E-11", "-1.59697864054504E-11"], ["1.032986998705139E-11", "-1.158359474816105E-11", "1.97262089840484E-9", "-2.037570219305168E-10", "5.555690534962239E-10", "-9.000773641246166E-10"], ["-1.370116591040184E-12", "1.534798992480628E-12", "-2.037570219305168E-10", "7.071223587646845E-11", "-6.958518396939843E-11", "8.356352453557282E-11"], ["-4.491058111537009E-11", "5.016141765242944E-11", "5.555690534962239E-10", "-6.958518396939843E-11", "5.727671602560612E-9", "-2.45469672798209E-9"], ["1.431211977361584E-11", "-1.59697864054504E-11", "-9.000773641246166E-10", "8.356352453557282E-11", "-2.45469672798209E-9", "1.543157850991927E-9"]]}, "elements": [{"label": "e", "sigma": "6.8424E-7", "name": "e", "units": null, "title": "eccentricity", "value": ".2996500384678854"}, {"label": "a", "name": "a", "sigma": "2.4984E-9", "units": "au", "value": "1.118314480416075", "title": "semi-major axis"}, {"title": "perihelion distance", "value": ".7832115033402051", "units": "au", "sigma": "7.6557E-7", "name": "q", "label": "q"}, {"label": "i", "value": "14.47182230401645", "title": "inclination; angle with respect to x-y ecliptic plane", "units": "deg", "name": "i", "sigma": "3.9237E-5"}, {"sigma": "8.4501E-6", "name": "om", "units": "deg", "value": "354.5962984114419", "title": "longitude of the ascending node", "label": "node"}, {"label": "peri", "units": "deg", "title": "argument of perihelion", "value": "252.4154696062332", "name": "w", "sigma": "7.5623E-5"}, {"units": "deg", "value": "70.59953228535795", "title": "mean anomaly", "sigma": "3.2642E-5", "name": "ma", "label": "M"}, {"name": "tp", "sigma": "3.9364E-5", "units": "TDB", "value": "2461115.788246305153", "title": "time of perihelion passage", "label": "tp"}, {"label": "period", "units": "d", "title": "sidereal orbital period", "value": "431.96081252892", "name": "per", "sigma": "1.4476E-6"}, {"label": "n", "value": ".8334089333066476", "title": "mean motion", "units": "deg/d", "sigma": "2.7929E-9", "name": "n"}, {"name": "ad", "sigma": "3.2471E-9", "units": "au", "value": "1.453417457491946", "title": "aphelion distance", "label": "Q"}], "epoch": "2461200.5"}