{"spkid": "50433388", "covariance": {"epoch": "2455073.5", "elements": [{"label": "e", "name": "e", "sigma": 8.5084116142603e-08, "title": "eccentricity", "value": ".4484751319834102", "units": null}, {"label": "q", "name": "q", "sigma": 1.40248358280755e-07, "value": ".9089648589486437", "title": "perihelion distance", "units": "au"}, {"label": "tp", "value": "2454849.801128296112", "title": "time of perihelion passage", "units": "TDB", "name": "tp", "sigma": 1.90623421759557e-05}, {"value": "81.27140685512762", "title": "longitude of the ascending node", "units": "deg", "name": "om", "sigma": 2.46616562240735e-05, "label": "node"}, {"sigma": 3.96756339423325e-05, "name": "w", "units": "deg", "value": "48.57668050708926", "title": "argument of perihelion", "label": "peri"}, {"name": "i", "sigma": 8.43727311326105e-06, "units": "deg", "title": "inclination", "value": "3.952963875135357", "label": "i"}], "data": [["7.239306819767958E-15", "-1.192673554078852E-14", "1.486777585143162E-12", "-5.815493631093363E-14", "2.615462710329509E-12", "1.520432758061148E-13"], ["-1.192673554078852E-14", "1.966960200044694E-14", "-2.453305436378835E-12", "9.577231760021552E-14", "-4.314611035371775E-12", "-2.509284432845675E-13"], ["1.486777585143162E-12", "-2.453305436378835E-12", "3.633728892332191E-10", "5.525146966173959E-12", "5.828613367650373E-10", "3.821524681256159E-11"], ["-5.815493631093363E-14", "9.577231760021552E-14", "5.525146966173959E-12", "6.08197287714384E-10", "-6.049754853749855E-10", "-1.184275152886724E-10"], ["2.615462710329509E-12", "-4.314611035371775E-12", "5.828613367650373E-10", "-6.049754853749855E-10", "1.574155928725964E-9", "1.785606876678645E-10"], ["1.520432758061148E-13", "-2.509284432845675E-13", "3.821524681256159E-11", "-1.184275152886724E-10", "1.785606876678645E-10", "7.118757758775786E-11"]], "labels": ["e", "q", "tp", "node", "peri", "i"]}, "elements": [{"units": null, "title": "eccentricity", "value": ".4482158611380277", "name": "e", "sigma": "8.5203E-8", "label": "e"}, {"label": "a", "sigma": "7.1947E-9", "name": "a", "value": "1.648350907373617", "title": "semi-major axis", "units": "au"}, {"label": "q", "sigma": "1.403E-7", "name": "q", "units": "au", "value": ".909533885967502", "title": "perihelion distance"}, {"label": "i", "name": "i", "sigma": "8.4267E-6", "title": "inclination; angle with respect to x-y ecliptic plane", "value": "3.948641553492287", "units": "deg"}, {"label": "node", "name": "om", "sigma": "2.4779E-5", "units": "deg", "value": "81.13506202928413", "title": "longitude of the ascending node"}, {"label": "peri", "name": "w", "sigma": "3.9865E-5", "units": "deg", "title": "argument of perihelion", "value": "48.80149273990715"}, {"value": "77.08686578955553", "title": "mean anomaly", "units": "deg", "name": "ma", "sigma": "2.307E-5", "label": "M"}, {"units": "TDB", "title": "time of perihelion passage", "value": "2461034.979868847173", "name": "tp", "sigma": "4.8528E-5", "label": "tp"}, {"label": "period", "title": "sidereal orbital period", "value": "772.9883243364544", "units": "d", "name": "per", "sigma": "5.0609E-6"}, {"label": "n", "units": "deg/d", "title": "mean motion", "value": ".4657250163629958", "sigma": "3.0492E-9", "name": "n"}, {"label": "Q", "sigma": "1.042E-8", "name": "ad", "value": "2.387167928779732", "title": "aphelion distance", "units": "au"}], "epoch": "2461200.5"}