{"spkid": "50435046", "covariance": {"data": [["7.288430696868622E-13", "-7.411963878964708E-13", "-4.309548337648285E-11", "-8.059715880619806E-12", "-1.548779159144488E-11", "2.311362225005716E-12"], ["-7.411963878964708E-13", "7.537599138507257E-13", "4.384934303057655E-11", "8.217171351191701E-12", "1.574811521943367E-11", "-2.34968883635619E-12"], ["-4.309548337648285E-11", "4.384934303057655E-11", "3.655671614370356E-9", "1.484612328597894E-9", "8.320986167647697E-10", "-9.342590967797886E-11"], ["-8.059715880619806E-12", "8.217171351191701E-12", "1.484612328597894E-9", "2.24260826924081E-9", "-1.130273391169671E-9", "3.501991472493644E-11"], ["-1.548779159144488E-11", "1.574811521943367E-11", "8.320986167647697E-10", "-1.130273391169671E-9", "1.557266593911281E-9", "-7.313561142938904E-11"], ["2.311362225005716E-12", "-2.34968883635619E-12", "-9.342590967797886E-11", "3.501991472493644E-11", "-7.313561142938904E-11", "2.182674586266175E-11"]], "elements": [{"label": "e", "title": "eccentricity", "value": ".2686321722794792", "units": null, "name": "e", "sigma": 8.53723063813355e-07}, {"units": "au", "value": ".7237108143941342", "title": "perihelion distance", "sigma": 8.68193477198905e-07, "name": "q", "label": "q"}, {"name": "tp", "sigma": 6.04621502625432e-05, "units": "TDB", "title": "time of perihelion passage", "value": "2457197.185424809686", "label": "tp"}, {"label": "node", "units": "deg", "value": "21.99096744969522", "title": "longitude of the ascending node", "name": "om", "sigma": 4.73561851212786e-05}, {"name": "w", "sigma": 3.94622172959311e-05, "units": "deg", "value": "253.3822871402299", "title": "argument of perihelion", "label": "peri"}, {"label": "i", "title": "inclination", "value": "3.237377989229131", "units": "deg", "name": "i", "sigma": 4.67191030122173e-06}], "labels": ["e", "q", "tp", "node", "peri", "i"], "epoch": "2457324.5"}, "elements": [{"label": "e", "value": ".2686372803001038", "title": "eccentricity", "units": null, "sigma": "8.5561E-7", "name": "e"}, {"sigma": "2.2769E-8", "name": "a", "title": "semi-major axis", "value": ".9893759087907369", "units": "au", "label": "a"}, {"label": "q", "units": "au", "title": "perihelion distance", "value": ".7235926554587497", "name": "q", "sigma": "8.6314E-7"}, {"value": "3.26001126416136", "title": "inclination; angle with respect to x-y ecliptic plane", "units": "deg", "sigma": "4.6075E-6", "name": "i", "label": "i"}, {"name": "om", "sigma": "4.7134E-5", "value": "21.58516515974903", "title": "longitude of the ascending node", "units": "deg", "label": "node"}, {"label": "peri", "title": "argument of perihelion", "value": "253.6481395810557", "units": "deg", "sigma": "3.9575E-5", "name": "w"}, {"label": "M", "value": "47.55242077053289", "title": "mean anomaly", "units": "deg", "name": "ma", "sigma": ".00022892"}, {"sigma": ".00022696", "name": "tp", "units": "TDB", "title": "time of perihelion passage", "value": "2461153.020017147290", "label": "tp"}, {"label": "period", "units": "d", "title": "sidereal orbital period", "value": "359.4516020426772", "sigma": "1.2408E-5", "name": "per"}, {"label": "n", "title": "mean motion", "value": "1.001525651726704", "units": "deg/d", "sigma": "3.4573E-8", "name": "n"}, {"title": "aphelion distance", "value": "1.255159162122724", "units": "au", "name": "ad", "sigma": "2.8885E-8", "label": "Q"}], "epoch": "2461200.5"}