{"spkid": "50430513", "covariance": {"labels": ["e", "q", "tp", "node", "peri", "i"], "elements": [{"units": null, "value": ".4519979846746882", "title": "eccentricity", "sigma": 5.14838084134118e-07, "name": "e", "label": "e"}, {"units": "au", "title": "perihelion distance", "value": ".9182198623581894", "sigma": 8.62087249685387e-07, "name": "q", "label": "q"}, {"label": "tp", "units": "TDB", "title": "time of perihelion passage", "value": "2457871.057969791183", "name": "tp", "sigma": 9.26486549187891e-05}, {"value": "336.6014755945404", "title": "longitude of the ascending node", "units": "deg", "name": "om", "sigma": 0.000341911145843124, "label": "node"}, {"units": "deg", "title": "argument of perihelion", "value": "343.5868934934941", "sigma": 0.000418043797843533, "name": "w", "label": "peri"}, {"label": "i", "value": "3.68971598465209", "title": "inclination", "units": "deg", "name": "i", "sigma": 2.06550378685031e-05}], "data": [["2.650582528748888E-13", "-4.438348606669773E-13", "-4.412587727463705E-11", "6.849099710409852E-11", "-1.478215785390834E-10", "5.805804001375348E-12"], ["-4.438348606669773E-13", "7.43194426070115E-13", "7.385450470156611E-11", "-1.148246386456994E-10", "2.476270481299292E-10", "-9.723175380119647E-12"], ["-4.412587727463705E-11", "7.385450470156611E-11", "8.583773258260868E-9", "-7.615799299418344E-9", "2.209085144151618E-8", "-9.625667884943589E-10"], ["6.849099710409852E-11", "-1.148246386456994E-10", "-7.615799299418344E-9", "1.169032316517577E-7", "-1.333048529182733E-7", "6.484299247157648E-9"], ["-1.478215785390834E-10", "2.476270481299292E-10", "2.209085144151618E-8", "-1.333048529182733E-7", "1.747606169154448E-7", "-8.207480106587019E-9"], ["5.805804001375348E-12", "-9.723175380119647E-12", "-9.625667884943589E-10", "6.484299247157648E-9", "-8.207480106587019E-9", "4.266305893492972E-10"]], "epoch": "2458110.5"}, "elements": [{"label": "e", "title": "eccentricity", "value": ".4523964013945975", "units": null, "name": "e", "sigma": "5.1607E-7"}, {"value": "1.67643657522741", "title": "semi-major axis", "units": "au", "sigma": "4.3793E-9", "name": "a", "label": "a"}, {"label": "q", "sigma": "8.6745E-7", "name": "q", "units": "au", "title": "perihelion distance", "value": ".9180227014282465"}, {"sigma": "2.0659E-5", "name": "i", "title": "inclination; angle with respect to x-y ecliptic plane", "value": "3.687309621310948", "units": "deg", "label": "i"}, {"name": "om", "sigma": ".00034235", "units": "deg", "title": "longitude of the ascending node", "value": "336.5192012501153", "label": "node"}, {"units": "deg", "title": "argument of perihelion", "value": "343.6678653238211", "name": "w", "sigma": ".00041839", "label": "peri"}, {"name": "ma", "sigma": "4.3068E-5", "units": "deg", "title": "mean anomaly", "value": "72.32856902133602", "label": "M"}, {"value": "2461041.210741691919", "title": "time of perihelion passage", "units": "TDB", "sigma": "9.429E-5", "name": "tp", "label": "tp"}, {"label": "period", "value": "792.8282526091913", "title": "sidereal orbital period", "units": "d", "name": "per", "sigma": "3.1066E-6"}, {"value": ".4540705995469295", "title": "mean motion", "units": "deg/d", "sigma": "1.7792E-9", "name": "n", "label": "n"}, {"name": "ad", "sigma": "6.3605E-9", "units": "au", "title": "aphelion distance", "value": "2.434850449026574", "label": "Q"}], "epoch": "2461200.5"}