{"spkid": "50432711", "covariance": {"epoch": "2454807.5", "labels": ["e", "q", "tp", "node", "peri", "i"], "data": [["9.308130328308044E-13", "-1.485340816702053E-12", "2.730081780282034E-11", "-2.721004807482772E-10", "1.229396565449267E-10", "-2.960725416478245E-12"], ["-1.485340816702053E-12", "2.370861240989529E-12", "-4.441830546921233E-11", "4.214955643766894E-10", "-1.839719125958714E-10", "4.076936088196912E-12"], ["2.730081780282034E-11", "-4.441830546921233E-11", "2.98630335000199E-9", "2.196235873986157E-8", "-2.493380152210609E-8", "1.385315990308392E-9"], ["-2.721004807482772E-10", "4.214955643766894E-10", "2.196235873986157E-8", "6.654047488565486E-7", "-6.002131892070632E-7", "3.781587513618049E-8"], ["1.229396565449267E-10", "-1.839719125958714E-10", "-2.493380152210609E-8", "-6.002131892070632E-7", "5.599815519675773E-7", "-3.613357910425339E-8"], ["-2.960725416478245E-12", "4.076936088196912E-12", "1.385315990308392E-9", "3.781587513618049E-8", "-3.613357910425339E-8", "2.87049896548643E-9"]], "elements": [{"label": "e", "units": null, "value": ".7506869149124734", "title": "eccentricity", "name": "e", "sigma": 9.64786521895287e-07}, {"name": "q", "sigma": 1.53976012449652e-06, "units": "au", "title": "perihelion distance", "value": ".4006880393210707", "label": "q"}, {"label": "tp", "units": "TDB", "value": "2454711.260182715409", "title": "time of perihelion passage", "sigma": 5.46470799769026e-05, "name": "tp"}, {"name": "om", "sigma": 0.000815723451211591, "title": "longitude of the ascending node", "value": "157.5214544446666", "units": "deg", "label": "node"}, {"name": "w", "sigma": 0.000748319151143132, "units": "deg", "value": "118.605757802992", "title": "argument of perihelion", "label": "peri"}, {"label": "i", "units": "deg", "value": "12.0594920337272", "title": "inclination", "sigma": 5.35770376699424e-05, "name": "i"}]}, "elements": [{"label": "e", "units": null, "title": "eccentricity", "value": ".7502115349733437", "sigma": "9.5785E-7", "name": "e"}, {"name": "a", "sigma": "9.381E-8", "value": "1.607983133322789", "title": "semi-major axis", "units": "au", "label": "a"}, {"label": "q", "units": "au", "value": ".4016556386614528", "title": "perihelion distance", "sigma": "1.5312E-6", "name": "q"}, {"label": "i", "sigma": "5.2883E-5", "name": "i", "title": "inclination; angle with respect to x-y ecliptic plane", "value": "12.10969303964982", "units": "deg"}, {"name": "om", "sigma": ".0008098", "value": "156.9707038225647", "title": "longitude of the ascending node", "units": "deg", "label": "node"}, {"units": "deg", "value": "119.2204605301817", "title": "argument of perihelion", "sigma": ".00074233", "name": "w", "label": "peri"}, {"sigma": ".00027402", "name": "ma", "units": "deg", "value": "257.554190122215", "title": "mean anomaly", "label": "M"}, {"label": "tp", "units": "TDB", "value": "2461412.439721662517", "title": "time of perihelion passage", "name": "tp", "sigma": ".00058537"}, {"title": "sidereal orbital period", "value": "744.767403269375", "units": "d", "name": "per", "sigma": "6.5175E-5", "label": "period"}, {"title": "mean motion", "value": ".4833723903861453", "units": "deg/d", "sigma": "4.23E-8", "name": "n", "label": "n"}, {"label": "Q", "sigma": "1.6419E-7", "name": "ad", "title": "aphelion distance", "value": "2.814310627984126", "units": "au"}], "epoch": "2461200.5"}