{"spkid": "50449016", "covariance": {"data": [["1.490549154660811E-14", "-1.756338918796451E-14", "-6.239621488522904E-14", "2.174990257749156E-13", "-1.773389914816238E-12", "9.930192170863951E-13"], ["-1.756338918796451E-14", "2.069937765198416E-14", "9.363778180643663E-14", "-2.596760982212242E-13", "2.090184165212545E-12", "-1.176048025574292E-12"], ["-6.239621488522904E-14", "9.363778180643663E-14", "2.922272954801276E-10", "4.836694174091744E-11", "1.37728268271224E-10", "-1.448493363361039E-10"], ["2.174990257749156E-13", "-2.596760982212242E-13", "4.836694174091744E-11", "7.07934609396755E-11", "-2.21983486590605E-11", "1.263671354922661E-10"], ["-1.773389914816238E-12", "2.090184165212545E-12", "1.37728268271224E-10", "-2.21983486590605E-11", "3.343868286020843E-10", "-3.273639492945866E-10"], ["9.930192170863951E-13", "-1.176048025574292E-12", "-1.448493363361039E-10", "1.263671354922661E-10", "-3.273639492945866E-10", "1.472275678316039E-9"]], "elements": [{"label": "e", "name": "e", "sigma": 1.22088048336469e-07, "units": null, "title": "eccentricity", "value": ".3672822922113163"}, {"value": ".7417168660175033", "title": "perihelion distance", "units": "au", "name": "q", "sigma": 1.43872782874261e-07, "label": "q"}, {"sigma": 1.70946569278277e-05, "name": "tp", "units": "TDB", "value": "2457607.224602372109", "title": "time of perihelion passage", "label": "tp"}, {"label": "node", "sigma": 8.41388500870291e-06, "name": "om", "value": "336.3686338487671", "title": "longitude of the ascending node", "units": "deg"}, {"label": "peri", "value": "90.87609942575915", "title": "argument of perihelion", "units": "deg", "name": "w", "sigma": 1.82862469796862e-05}, {"label": "i", "value": "26.6940178328678", "title": "inclination", "units": "deg", "name": "i", "sigma": 3.83702446997154e-05}], "labels": ["e", "q", "tp", "node", "peri", "i"], "epoch": "2457571.5"}, "elements": [{"sigma": "1.2206E-7", "name": "e", "title": "eccentricity", "value": ".367277498046828", "units": null, "label": "e"}, {"units": "au", "value": "1.172327346869195", "title": "semi-major axis", "sigma": "3.2336E-9", "name": "a", "label": "a"}, {"name": "q", "sigma": "1.44E-7", "title": "perihelion distance", "value": ".7417578920192009", "units": "au", "label": "q"}, {"label": "i", "units": "deg", "title": "inclination; angle with respect to x-y ecliptic plane", "value": "26.69330200154625", "name": "i", "sigma": "3.8369E-5"}, {"units": "deg", "title": "longitude of the ascending node", "value": "336.3128456355685", "name": "om", "sigma": "8.4288E-6", "label": "node"}, {"label": "peri", "value": "90.90498820708621", "title": "argument of perihelion", "units": "deg", "sigma": "1.8273E-5", "name": "w"}, {"label": "M", "name": "ma", "sigma": "2.2147E-5", "units": "deg", "title": "mean anomaly", "value": "270.1704503300105"}, {"label": "tp", "sigma": "2.8936E-5", "name": "tp", "units": "TDB", "title": "time of perihelion passage", "value": "2461316.188047768824"}, {"label": "period", "sigma": "1.9182E-6", "name": "per", "value": "463.6302569675518", "title": "sidereal orbital period", "units": "d"}, {"name": "n", "sigma": "3.2126E-9", "units": "deg/d", "value": ".7764808154554835", "title": "mean motion", "label": "n"}, {"title": "aphelion distance", "value": "1.602896801719189", "units": "au", "sigma": "4.4212E-9", "name": "ad", "label": "Q"}], "epoch": "2461200.5"}