{"spkid": "50447942", "covariance": {"epoch": "2459493.5", "data": [["1.999954721786892E-12", "-3.466662615015745E-12", "4.443641631876198E-11", "-4.079197472808796E-13", "4.238419692106485E-10", "4.616824283864302E-12"], ["-3.466662615015745E-12", "6.009010971805031E-12", "-7.70243322803086E-11", "7.082471304617524E-13", "-7.346755953552981E-10", "-8.003160577554101E-12"], ["4.443641631876198E-11", "-7.70243322803086E-11", "1.030716053151542E-9", "1.32258810620068E-11", "9.44786082222341E-9", "1.074307826120944E-10"], ["-4.079197472808796E-13", "7.082471304617524E-13", "1.32258810620068E-11", "7.584791066358162E-9", "-7.639845263764321E-9", "-1.601909260157105E-9"], ["4.238419692106485E-10", "-7.346755953552981E-10", "9.44786082222341E-9", "-7.639845263764321E-9", "9.741279645165883E-8", "2.58372447737773E-9"], ["4.616824283864302E-12", "-8.003160577554101E-12", "1.074307826120944E-10", "-1.601909260157105E-9", "2.58372447737773E-9", "1.079108470653062E-9"]], "elements": [{"name": "e", "sigma": 1.41419755401673e-06, "units": null, "title": "eccentricity", "value": ".6119162603184728", "label": "e"}, {"sigma": 2.45132840961896e-06, "name": "q", "units": "au", "value": ".6733021901303546", "title": "perihelion distance", "label": "q"}, {"label": "tp", "sigma": 3.21047668291103e-05, "name": "tp", "value": "2459110.217304557618", "title": "time of perihelion passage", "units": "TDB"}, {"value": "157.2854496364175", "title": "longitude of the ascending node", "units": "deg", "sigma": 8.70907059700297e-05, "name": "om", "label": "node"}, {"units": "deg", "value": "82.65110444798511", "title": "argument of perihelion", "name": "w", "sigma": 0.00031211023125117, "label": "peri"}, {"sigma": 3.28497864628229e-05, "name": "i", "value": ".9486248265970715", "title": "inclination", "units": "deg", "label": "i"}], "labels": ["e", "q", "tp", "node", "peri", "i"]}, "elements": [{"label": "e", "value": ".6118970447765588", "title": "eccentricity", "units": null, "name": "e", "sigma": "1.4343E-6"}, {"units": "au", "value": "1.730310969753755", "title": "semi-major axis", "name": "a", "sigma": "9.4319E-9", "label": "a"}, {"label": "q", "value": ".6715388008169706", "title": "perihelion distance", "units": "au", "sigma": "2.4836E-6", "name": "q"}, {"label": "i", "units": "deg", "value": ".9495242043978311", "title": "inclination; angle with respect to x-y ecliptic plane", "sigma": "3.2778E-5", "name": "i"}, {"sigma": "9.4411E-5", "name": "om", "units": "deg", "title": "longitude of the ascending node", "value": "157.3219099018841", "label": "node"}, {"title": "argument of perihelion", "value": "82.8234632644089", "units": "deg", "name": "w", "sigma": ".00031417", "label": "peri"}, {"label": "M", "units": "deg", "title": "mean anomaly", "value": "181.8200217659467", "name": "ma", "sigma": "1.1931E-5"}, {"units": "TDB", "title": "time of perihelion passage", "value": "2461611.972740715032", "name": "tp", "sigma": "2.687E-5", "label": "tp"}, {"value": "831.3514690344783", "title": "sidereal orbital period", "units": "d", "sigma": "6.7975E-6", "name": "per", "label": "period"}, {"units": "deg/d", "title": "mean motion", "value": ".4330298476745337", "name": "n", "sigma": "3.5406E-9", "label": "n"}, {"name": "ad", "sigma": "1.5203E-8", "units": "au", "value": "2.789083138690539", "title": "aphelion distance", "label": "Q"}], "epoch": "2461200.5"}