{"spkid": "50445628", "covariance": {"epoch": "2456529.5", "labels": ["e", "q", "tp", "node", "peri", "i"], "data": [["1.924552668550005E-15", "-2.052303491177735E-15", "6.29124853584278E-13", "2.155874236806795E-12", "-1.570776268964412E-12", "-4.402924404215831E-14"], ["-2.052303491177735E-15", "2.188742356536163E-15", "-6.718332030493329E-13", "-2.327269585675854E-12", "1.701907989462798E-12", "4.70724303263972E-14"], ["6.29124853584278E-13", "-6.718332030493329E-13", "3.918919275538488E-10", "2.799026571827673E-9", "-2.419334800730748E-9", "-1.559409842813979E-11"], ["2.155874236806795E-12", "-2.327269585675854E-12", "2.799026571827673E-9", "4.005005102548245E-8", "-3.723271167412184E-8", "-1.490205575364195E-10"], ["-1.570776268964412E-12", "1.701907989462798E-12", "-2.419334800730748E-9", "-3.723271167412184E-8", "3.478535622854574E-8", "1.340556075857795E-10"], ["-4.402924404215831E-14", "4.70724303263972E-14", "-1.559409842813979E-11", "-1.490205575364195E-10", "1.340556075857795E-10", "2.184533806976289E-12"]], "elements": [{"sigma": 4.38697238257777e-08, "name": "e", "value": ".1495218272969978", "title": "eccentricity", "units": null, "label": "e"}, {"sigma": 4.67839967995057e-08, "name": "q", "value": ".9460714995264622", "title": "perihelion distance", "units": "au", "label": "q"}, {"label": "tp", "units": "TDB", "value": "2456643.371394035236", "title": "time of perihelion passage", "name": "tp", "sigma": 1.97962604436759e-05}, {"label": "node", "title": "longitude of the ascending node", "value": "24.1094718671713", "units": "deg", "name": "om", "sigma": 0.000200125088445908}, {"units": "deg", "title": "argument of perihelion", "value": "178.9394063126452", "name": "w", "sigma": 0.000186508327504553, "label": "peri"}, {"name": "i", "sigma": 1.47801684935466e-06, "units": "deg", "title": "inclination", "value": ".9560597285439284", "label": "i"}]}, "elements": [{"name": "e", "sigma": "4.4338E-8", "value": ".1507563868488295", "title": "eccentricity", "units": null, "label": "e"}, {"name": "a", "sigma": "6.7059E-9", "title": "semi-major axis", "value": "1.115714387149079", "units": "au", "label": "a"}, {"label": "q", "name": "q", "sigma": "4.5197E-8", "value": ".9475133173872275", "title": "perihelion distance", "units": "au"}, {"label": "i", "title": "inclination; angle with respect to x-y ecliptic plane", "value": ".9417581736672687", "units": "deg", "name": "i", "sigma": "1.5235E-6"}, {"units": "deg", "title": "longitude of the ascending node", "value": "22.38738694863052", "sigma": ".00020092", "name": "om", "label": "node"}, {"label": "peri", "units": "deg", "value": "181.3947785376832", "title": "argument of perihelion", "sigma": ".00018632", "name": "w"}, {"label": "M", "name": "ma", "sigma": "4.6091E-5", "units": "deg", "title": "mean anomaly", "value": "213.6560931755579"}, {"units": "TDB", "title": "time of perihelion passage", "value": "2461375.484717608637", "sigma": "5.665E-5", "name": "tp", "label": "tp"}, {"label": "period", "units": "d", "value": "430.4552181641497", "title": "sidereal orbital period", "name": "per", "sigma": "3.8808E-6"}, {"name": "n", "sigma": "7.54E-9", "title": "mean motion", "value": ".8363239305946053", "units": "deg/d", "label": "n"}, {"label": "Q", "value": "1.28391545691093", "title": "aphelion distance", "units": "au", "sigma": "7.7169E-9", "name": "ad"}], "epoch": "2461200.5"}