{"spkid": "50440415", "covariance": {"labels": ["e", "q", "tp", "node", "peri", "i"], "data": [["5.858031357451277E-14", "-9.736865354698631E-14", "2.5257909314725E-11", "1.723082416035823E-12", "3.316950250520599E-11", "8.306152141548702E-12"], ["-9.736865354698631E-14", "1.618418592196088E-13", "-4.194387557031937E-11", "-2.84647862081996E-12", "-5.51077598728042E-11", "-1.379562840204326E-11"], ["2.5257909314725E-11", "-4.194387557031937E-11", "1.305551783059939E-8", "1.593997766454625E-9", "1.605344406618064E-8", "4.455947928650342E-9"], ["1.723082416035823E-12", "-2.84647862081996E-12", "1.593997766454625E-9", "6.900520733234263E-10", "1.394754516018414E-9", "4.461667309961779E-10"], ["3.316950250520599E-11", "-5.51077598728042E-11", "1.605344406618064E-8", "1.394754516018414E-9", "2.048478178889563E-8", "5.589323713547382E-9"], ["8.306152141548702E-12", "-1.379562840204326E-11", "4.455947928650342E-9", "4.461667309961779E-10", "5.589323713547382E-9", "1.815412063923709E-9"]], "elements": [{"label": "e", "name": "e", "sigma": 2.42033703385526e-07, "units": null, "value": ".4198008405112699", "title": "eccentricity"}, {"label": "q", "value": ".9634113754853726", "title": "perihelion distance", "units": "au", "sigma": 4.02295736019671e-07, "name": "q"}, {"label": "tp", "value": "2459517.125775298748", "title": "time of perihelion passage", "units": "TDB", "name": "tp", "sigma": 0.000114260744924053}, {"name": "om", "sigma": 2.62688422531985e-05, "units": "deg", "title": "longitude of the ascending node", "value": "253.3955805305185", "label": "node"}, {"label": "peri", "value": "212.6432407417502", "title": "argument of perihelion", "units": "deg", "sigma": 0.000143125056467747, "name": "w"}, {"value": "17.16007694402731", "title": "inclination", "units": "deg", "name": "i", "sigma": 4.2607652645079e-05, "label": "i"}], "epoch": "2459540.5"}, "elements": [{"name": "e", "sigma": "2.4153E-7", "units": null, "value": ".4199196433528036", "title": "eccentricity", "label": "e"}, {"label": "a", "name": "a", "sigma": "2.5421E-9", "title": "semi-major axis", "value": "1.660142550506523", "units": "au"}, {"name": "q", "sigma": "4.0053E-7", "value": ".9630160827830102", "title": "perihelion distance", "units": "au", "label": "q"}, {"label": "i", "name": "i", "sigma": "4.2603E-5", "value": "17.16300457361886", "title": "inclination; angle with respect to x-y ecliptic plane", "units": "deg"}, {"value": "253.3764087411538", "title": "longitude of the ascending node", "units": "deg", "name": "om", "sigma": "2.626E-5", "label": "node"}, {"label": "peri", "sigma": ".00014301", "name": "w", "value": "212.6426183685986", "title": "argument of perihelion", "units": "deg"}, {"label": "M", "name": "ma", "sigma": "5.3025E-5", "units": "deg", "title": "mean anomaly", "value": "55.59939248260146"}, {"value": "2461079.834242458983", "title": "time of perihelion passage", "units": "TDB", "name": "tp", "sigma": ".00011491", "label": "tp"}, {"units": "d", "title": "sidereal orbital period", "value": "781.2976145082788", "name": "per", "sigma": "1.7946E-6", "label": "period"}, {"units": "deg/d", "title": "mean motion", "value": ".4607719175317991", "sigma": "1.0583E-9", "name": "n", "label": "n"}, {"label": "Q", "name": "ad", "sigma": "3.6096E-9", "units": "au", "value": "2.357269018230036", "title": "aphelion distance"}], "epoch": "2461200.5"}