{"spkid": "50448984", "covariance": {"labels": ["e", "q", "tp", "node", "peri", "i"], "elements": [{"value": ".5832462038268494", "title": "eccentricity", "units": null, "sigma": 2.69622691994563e-07, "name": "e", "label": "e"}, {"label": "q", "units": "au", "title": "perihelion distance", "value": "1.019210107966235", "name": "q", "sigma": 6.3916405045177e-07}, {"value": "2454870.352516263421", "title": "time of perihelion passage", "units": "TDB", "sigma": 0.000154456773678802, "name": "tp", "label": "tp"}, {"units": "deg", "value": "295.1905649107275", "title": "longitude of the ascending node", "name": "om", "sigma": 0.000108724181024823, "label": "node"}, {"title": "argument of perihelion", "value": "183.5098210550012", "units": "deg", "sigma": 0.000273410413612436, "name": "w", "label": "peri"}, {"label": "i", "sigma": 3.68805745651387e-05, "name": "i", "units": "deg", "title": "inclination", "value": "13.10938988380387"}], "data": [["7.269639603839483E-14", "-1.719127216585046E-13", "-3.886150613809401E-11", "1.82191389923072E-11", "-6.700665332282654E-11", "7.007706123308319E-12"], ["-1.719127216585046E-13", "4.085306833899122E-13", "9.251995195219398E-11", "-4.359333635022323E-11", "1.597669062624808E-10", "-1.67609597496319E-11"], ["-3.886150613809401E-11", "9.251995195219398E-11", "2.385689493526467E-8", "-1.05676400672911E-8", "4.03966345348977E-8", "-4.649988687008901E-9"], ["1.82191389923072E-11", "-4.359333635022323E-11", "-1.05676400672911E-8", "1.182094753951844E-8", "-2.453533348123855E-8", "3.210918031499471E-9"], ["-6.700665332282654E-11", "1.597669062624808E-10", "4.03966345348977E-8", "-2.453533348123855E-8", "7.475325427172339E-8", "-9.015269737114223E-9"], ["7.007706123308319E-12", "-1.67609597496319E-11", "-4.649988687008901E-9", "3.210918031499471E-9", "-9.015269737114223E-9", "1.360176780254757E-9"]], "epoch": "2455076.5"}, "elements": [{"name": "e", "sigma": "2.9253E-7", "units": null, "value": ".5828732704032714", "title": "eccentricity", "label": "e"}, {"label": "a", "sigma": "1.0709E-7", "name": "a", "units": "au", "value": "2.447874563553456", "title": "semi-major axis"}, {"label": "q", "sigma": "7.1254E-7", "name": "q", "value": "1.021073911158073", "title": "perihelion distance", "units": "au"}, {"name": "i", "sigma": "3.7259E-5", "units": "deg", "value": "13.10380462017204", "title": "inclination; angle with respect to x-y ecliptic plane", "label": "i"}, {"label": "node", "title": "longitude of the ascending node", "value": "295.1048588582419", "units": "deg", "sigma": ".00010902", "name": "om"}, {"label": "peri", "name": "w", "sigma": ".0002734", "units": "deg", "title": "argument of perihelion", "value": "183.4645178474524"}, {"label": "M", "sigma": ".00011213", "name": "ma", "units": "deg", "value": "191.0537234627697", "title": "mean anomaly"}, {"units": "TDB", "title": "time of perihelion passage", "value": "2461856.990264414337", "name": "tp", "sigma": ".00047829", "label": "tp"}, {"sigma": "9.1797E-5", "name": "per", "title": "sidereal orbital period", "value": "1398.885492081741", "units": "d", "label": "period"}, {"label": "n", "sigma": "1.6888E-8", "name": "n", "title": "mean motion", "value": ".2573477257700833", "units": "deg/d"}, {"name": "ad", "sigma": "1.6951E-7", "value": "3.87467521594884", "title": "aphelion distance", "units": "au", "label": "Q"}], "epoch": "2461200.5"}