{"spkid": "50445561", "covariance": {"elements": [{"label": "e", "units": null, "title": "eccentricity", "value": ".3494872622670829", "sigma": 1.36893879130401e-07, "name": "e"}, {"sigma": 2.09260271431389e-07, "name": "q", "title": "perihelion distance", "value": ".9905431099332775", "units": "au", "label": "q"}, {"units": "TDB", "value": "2458266.282524702152", "title": "time of perihelion passage", "name": "tp", "sigma": 5.08509557889696e-05, "label": "tp"}, {"sigma": 3.9327639328778e-05, "name": "om", "units": "deg", "value": "118.0307636578787", "title": "longitude of the ascending node", "label": "node"}, {"label": "peri", "units": "deg", "title": "argument of perihelion", "value": "333.4189392041822", "name": "w", "sigma": 5.38601207654628e-05}, {"label": "i", "title": "inclination", "value": "18.79467494142924", "units": "deg", "sigma": 2.60045167010538e-05, "name": "i"}], "data": [["1.873993414336883E-14", "-2.863957292732779E-14", "-2.256308718757442E-12", "2.002818086800319E-12", "-4.133253455556021E-12", "-6.725697391898109E-13"], ["-2.863957292732779E-14", "4.378986119953845E-14", "3.595818472802233E-12", "-3.021138107088832E-12", "6.353024044170192E-12", "9.897349793484975E-13"], ["-2.256308718757442E-12", "3.595818472802233E-12", "2.585819704651745E-9", "1.820311901618076E-10", "1.921001375839243E-9", "-3.202454844278439E-10"], ["2.002818086800319E-12", "-3.021138107088832E-12", "1.820311901618076E-10", "1.546663215174449E-9", "-1.180431194258315E-9", "-2.381993941741414E-10"], ["-4.133253455556021E-12", "6.353024044170192E-12", "1.921001375839243E-9", "-1.180431194258315E-9", "2.900912608870237E-9", "-3.453185617658956E-11"], ["-6.725697391898109E-13", "9.897349793484975E-13", "-3.202454844278439E-10", "-2.381993941741414E-10", "-3.453185617658956E-11", "6.762348888553875E-10"]], "labels": ["e", "q", "tp", "node", "peri", "i"], "epoch": "2458418.5"}, "elements": [{"label": "e", "title": "eccentricity", "value": ".3494429938319704", "units": null, "name": "e", "sigma": "1.3685E-7"}, {"title": "semi-major axis", "value": "1.522609194521602", "units": "au", "name": "a", "sigma": "6.3675E-9", "label": "a"}, {"units": "au", "title": "perihelion distance", "value": ".9905440791518886", "name": "q", "sigma": "2.0909E-7", "label": "q"}, {"title": "inclination; angle with respect to x-y ecliptic plane", "value": "18.79996609805979", "units": "deg", "sigma": "2.6009E-5", "name": "i", "label": "i"}, {"units": "deg", "value": "117.9914730731674", "title": "longitude of the ascending node", "name": "om", "sigma": "3.9305E-5", "label": "node"}, {"units": "deg", "value": "333.5121456655768", "title": "argument of perihelion", "sigma": "5.385E-5", "name": "w", "label": "peri"}, {"label": "M", "units": "deg", "title": "mean anomaly", "value": "98.9977620505089", "name": "ma", "sigma": "3.4656E-5"}, {"label": "tp", "sigma": "6.5096E-5", "name": "tp", "units": "TDB", "title": "time of perihelion passage", "value": "2461011.786062971032"}, {"label": "period", "title": "sidereal orbital period", "value": "686.2480113011733", "units": "d", "sigma": "4.3048E-6", "name": "per"}, {"label": "n", "units": "deg/d", "title": "mean motion", "value": ".5245916841600974", "name": "n", "sigma": "3.2908E-9"}, {"units": "au", "value": "2.054674309891316", "title": "aphelion distance", "sigma": "8.5926E-9", "name": "ad", "label": "Q"}], "epoch": "2461200.5"}