{"spkid": "50445625", "covariance": {"epoch": "2456725.5", "labels": ["e", "q", "tp", "node", "peri", "i"], "elements": [{"units": null, "value": ".5954794698685879", "title": "eccentricity", "sigma": 2.48632663839513e-07, "name": "e", "label": "e"}, {"label": "q", "units": "au", "title": "perihelion distance", "value": ".8121224114506025", "sigma": 4.99929375130504e-07, "name": "q"}, {"label": "tp", "value": "2456881.137053784554", "title": "time of perihelion passage", "units": "TDB", "name": "tp", "sigma": 5.92126497366953e-05}, {"label": "node", "title": "longitude of the ascending node", "value": "250.1461968916701", "units": "deg", "name": "om", "sigma": 0.000394357359428865}, {"label": "peri", "name": "w", "sigma": 0.000396780052322348, "units": "deg", "value": "170.5964226690284", "title": "argument of perihelion"}, {"name": "i", "sigma": 8.55825209714056e-06, "units": "deg", "value": "3.197498332049091", "title": "inclination", "label": "i"}], "data": [["6.181820152793237E-14", "-1.242952580451387E-13", "-5.134467482675586E-12", "4.117319145551833E-12", "-1.77691487429242E-11", "2.837895699401405E-13"], ["-1.242952580451387E-13", "2.499293801183761E-13", "1.016532709667095E-11", "-8.551449371687122E-12", "3.588830379689139E-11", "-5.581163478922024E-13"], ["-5.134467482675586E-12", "1.016532709667095E-11", "3.506137888840564E-9", "2.225683324186907E-9", "9.311213878269497E-10", "-2.480525813519631E-10"], ["4.117319145551833E-12", "-8.551449371687122E-12", "2.225683324186907E-9", "1.55517726935707E-7", "-1.542765274570209E-7", "1.443659113895873E-9"], ["-1.77691487429242E-11", "3.588830379689139E-11", "9.311213878269497E-10", "-1.542765274570209E-7", "1.574344099209252E-7", "-1.651017810166033E-9"], ["2.837895699401405E-13", "-5.581163478922024E-13", "-2.480525813519631E-10", "1.443659113895873E-9", "-1.651017810166033E-9", "7.324367895821073E-11"]]}, "elements": [{"name": "e", "sigma": "2.4236E-7", "units": null, "title": "eccentricity", "value": ".5953550029947509", "label": "e"}, {"title": "semi-major axis", "value": "2.007219354671731", "units": "au", "name": "a", "sigma": "1.2041E-8", "label": "a"}, {"label": "q", "name": "q", "sigma": "4.8639E-7", "title": "perihelion distance", "value": ".8122112697600208", "units": "au"}, {"sigma": "8.6369E-6", "name": "i", "value": "3.208765414709928", "title": "inclination; angle with respect to x-y ecliptic plane", "units": "deg", "label": "i"}, {"label": "node", "title": "longitude of the ascending node", "value": "250.0025652091333", "units": "deg", "sigma": ".00039263", "name": "om"}, {"label": "peri", "name": "w", "sigma": ".00039508", "title": "argument of perihelion", "value": "170.9108262677149", "units": "deg"}, {"title": "mean anomaly", "value": "56.06927152922384", "units": "deg", "sigma": "1.2965E-5", "name": "ma", "label": "M"}, {"label": "tp", "name": "tp", "sigma": "3.8032E-5", "units": "TDB", "title": "time of perihelion passage", "value": "2461038.724372230358"}, {"label": "period", "name": "per", "sigma": "9.3468E-6", "units": "d", "title": "sidereal orbital period", "value": "1038.701313726117"}, {"label": "n", "sigma": "3.1188E-9", "name": "n", "units": "deg/d", "title": "mean motion", "value": ".3465866416482883"}, {"label": "Q", "title": "aphelion distance", "value": "3.202227439583441", "units": "au", "sigma": "1.921E-8", "name": "ad"}], "epoch": "2461200.5"}