{"spkid": "50440418", "covariance": {"labels": ["e", "q", "tp", "node", "peri", "i"], "data": [["2.937774231975455E-13", "-3.728686397549196E-13", "-3.43021029048837E-11", "-2.526849838529514E-12", "-6.923286923396962E-11", "3.554977703850122E-12"], ["-3.728686397549196E-13", "4.732532486842198E-13", "4.354103446741617E-11", "3.205518206439928E-12", "8.78785392063223E-11", "-4.515703743785094E-12"], ["-3.43021029048837E-11", "4.354103446741617E-11", "4.293323714826746E-9", "2.026111640153599E-10", "8.4871229524489E-9", "-6.527205929075464E-10"], ["-2.526849838529514E-12", "3.205518206439928E-12", "2.026111640153599E-10", "2.380290323462332E-10", "2.813000076707035E-10", "-9.994107842019372E-11"], ["-6.923286923396962E-11", "8.78785392063223E-11", "8.4871229524489E-9", "2.813000076707035E-10", "1.706570472037203E-8", "-1.029256816969794E-9"], ["3.554977703850122E-12", "-4.515703743785094E-12", "-6.527205929075464E-10", "-9.994107842019372E-11", "-1.029256816969794E-9", "4.700403492683729E-10"]], "elements": [{"units": null, "title": "eccentricity", "value": ".3158509178712168", "name": "e", "sigma": 5.42012382882112e-07, "label": "e"}, {"label": "q", "title": "perihelion distance", "value": ".86736197498166", "units": "au", "sigma": 6.87934043847388e-07, "name": "q"}, {"label": "tp", "value": "2456822.567380637105", "title": "time of perihelion passage", "units": "TDB", "sigma": 6.55234592709111e-05, "name": "tp"}, {"title": "longitude of the ascending node", "value": "238.583208969788", "units": "deg", "sigma": 1.54281895355947e-05, "name": "om", "label": "node"}, {"sigma": 0.000130635771212834, "name": "w", "units": "deg", "title": "argument of perihelion", "value": "109.8589017706222", "label": "peri"}, {"label": "i", "sigma": 2.16804139551894e-05, "name": "i", "value": "5.138853017774079", "title": "inclination", "units": "deg"}], "epoch": "2456774.5"}, "elements": [{"label": "e", "sigma": "5.384E-7", "name": "e", "units": null, "title": "eccentricity", "value": ".3157644001534111"}, {"label": "a", "value": "1.268681865425527", "title": "semi-major axis", "units": "au", "sigma": "1.5783E-8", "name": "a"}, {"name": "q", "sigma": "6.9135E-7", "units": "au", "title": "perihelion distance", "value": ".8680772972039246", "label": "q"}, {"label": "i", "units": "deg", "value": "5.214561401573735", "title": "inclination; angle with respect to x-y ecliptic plane", "name": "i", "sigma": "2.1287E-5"}, {"label": "node", "sigma": "1.5098E-5", "name": "om", "title": "longitude of the ascending node", "value": "238.3265582944384", "units": "deg"}, {"label": "peri", "units": "deg", "value": "110.3212503856745", "title": "argument of perihelion", "sigma": ".0001324", "name": "w"}, {"units": "deg", "title": "mean anomaly", "value": "140.3175345195576", "sigma": "7.8725E-5", "name": "ma", "label": "M"}, {"units": "TDB", "title": "time of perihelion passage", "value": "2460997.059708492163", "name": "tp", "sigma": ".00011049", "label": "tp"}, {"label": "period", "units": "d", "title": "sidereal orbital period", "value": "521.9483451842806", "sigma": "9.7399E-6", "name": "per"}, {"sigma": "1.2871E-8", "name": "n", "units": "deg/d", "value": ".6897234243992044", "title": "mean motion", "label": "n"}, {"label": "Q", "name": "ad", "sigma": "2.0767E-8", "units": "au", "title": "aphelion distance", "value": "1.669286433647129"}], "epoch": "2461200.5"}