{"spkid": "50454758", "covariance": {"epoch": "2455289.5", "labels": ["e", "q", "tp", "node", "peri", "i"], "data": [["2.852163383803917E-13", "-2.827147372074068E-13", "1.546567297066291E-11", "9.143791094207921E-14", "-1.410561761186714E-11", "1.393650284327358E-11"], ["-2.827147372074068E-13", "2.803380242816579E-13", "-1.54932489304249E-11", "-9.276160308166319E-14", "1.388848581950654E-11", "-1.36937704523693E-11"], ["1.546567297066291E-11", "-1.54932489304249E-11", "1.211452303232224E-9", "1.212551958689764E-11", "-5.253635282840143E-10", "5.180518014112952E-10"], ["9.143791094207921E-14", "-9.276160308166319E-14", "1.212551958689764E-11", "5.606281466100341E-11", "-4.768792886456183E-11", "5.959130955082117E-11"], ["-1.410561761186714E-11", "1.388848581950654E-11", "-5.253635282840143E-10", "-4.768792886456183E-11", "9.043061538502086E-10", "-8.835109659503738E-10"], ["1.393650284327358E-11", "-1.36937704523693E-11", "5.180518014112952E-10", "5.959130955082117E-11", "-8.835109659503738E-10", "1.24283810623398E-9"]], "elements": [{"units": null, "value": ".3273951771073442", "title": "eccentricity", "name": "e", "sigma": 5.3405649362253e-07, "label": "e"}, {"label": "q", "name": "q", "sigma": 5.294695687966e-07, "units": "au", "value": ".6806941747377306", "title": "perihelion distance"}, {"name": "tp", "sigma": 3.48059233928971e-05, "units": "TDB", "value": "2455175.633340538882", "title": "time of perihelion passage", "label": "tp"}, {"value": "162.6665261664128", "title": "longitude of the ascending node", "units": "deg", "name": "om", "sigma": 7.48751057835669e-06, "label": "node"}, {"name": "w", "sigma": 3.00716835885557e-05, "units": "deg", "value": "244.5136879490799", "title": "argument of perihelion", "label": "peri"}, {"units": "deg", "value": "20.98152284089392", "title": "inclination", "name": "i", "sigma": 3.52539090915317e-05, "label": "i"}]}, "elements": [{"units": null, "value": ".3274528607819386", "title": "eccentricity", "name": "e", "sigma": "5.3272E-7", "label": "e"}, {"name": "a", "sigma": "1.7221E-8", "title": "semi-major axis", "value": "1.012616951517959", "units": "au", "label": "a"}, {"label": "q", "title": "perihelion distance", "value": ".6810326338671177", "units": "au", "sigma": "5.3162E-7", "name": "q"}, {"name": "i", "sigma": "3.5237E-5", "title": "inclination; angle with respect to x-y ecliptic plane", "value": "20.98228554654703", "units": "deg", "label": "i"}, {"value": "162.5998444408188", "title": "longitude of the ascending node", "units": "deg", "name": "om", "sigma": "7.5014E-6", "label": "node"}, {"label": "peri", "name": "w", "sigma": "3.0428E-5", "title": "argument of perihelion", "value": "244.6873286997358", "units": "deg"}, {"label": "M", "units": "deg", "value": "68.5735732097844", "title": "mean anomaly", "sigma": ".00018167", "name": "ma"}, {"label": "tp", "units": "TDB", "value": "2461129.604201842782", "title": "time of perihelion passage", "sigma": ".00018606", "name": "tp"}, {"name": "per", "sigma": "9.4947E-6", "title": "sidereal orbital period", "value": "372.1912996792274", "units": "d", "label": "period"}, {"label": "n", "units": "deg/d", "title": "mean motion", "value": ".9672445334167283", "sigma": "2.4675E-8", "name": "n"}, {"name": "ad", "sigma": "2.2861E-8", "value": "1.344201269168801", "title": "aphelion distance", "units": "au", "label": "Q"}], "epoch": "2461200.5"}