{"spkid": "50457865", "covariance": {"labels": ["e", "q", "tp", "node", "peri", "i"], "elements": [{"label": "e", "value": ".1570759701006013", "title": "eccentricity", "units": null, "sigma": 2.31705847823463e-07, "name": "e"}, {"label": "q", "units": "au", "title": "perihelion distance", "value": ".9847487143461582", "sigma": 2.60637247160755e-07, "name": "q"}, {"sigma": 6.62106013920537e-05, "name": "tp", "units": "TDB", "value": "2455551.061771523864", "title": "time of perihelion passage", "label": "tp"}, {"value": "213.3383349965834", "title": "longitude of the ascending node", "units": "deg", "sigma": 1.46434866403683e-05, "name": "om", "label": "node"}, {"label": "peri", "title": "argument of perihelion", "value": "126.8721693726818", "units": "deg", "name": "w", "sigma": 5.54047137986352e-05}, {"label": "i", "units": "deg", "title": "inclination", "value": "19.35273178369453", "sigma": 2.04724742343662e-05, "name": "i"}], "data": [["5.368759991558977E-14", "-6.036930880945092E-14", "1.061411068788971E-11", "5.027868406604184E-13", "9.691218132324281E-12", "3.044567348002354E-12"], ["-6.036930880945092E-14", "6.793177460753646E-14", "-1.17884615018539E-11", "-5.70376520769367E-13", "-1.080736160596815E-11", "-3.419324426499436E-12"], ["1.061411068788971E-11", "-1.17884615018539E-11", "4.383843736697425E-9", "-5.359926425825488E-11", "3.523408531773906E-9", "7.690669149241914E-10"], ["5.027868406604184E-13", "-5.70376520769367E-13", "-5.359926425825488E-11", "2.144317009866449E-10", "-1.997291573207861E-10", "-3.115349991574554E-11"], ["9.691218132324281E-12", "-1.080736160596815E-11", "3.523408531773906E-9", "-1.997291573207861E-10", "3.069682311108682E-9", "7.116286994811015E-10"], ["3.044567348002354E-12", "-3.419324426499436E-12", "7.690669149241914E-10", "-3.115349991574554E-11", "7.116286994811015E-10", "4.191222012767864E-10"]], "epoch": "2455681.5"}, "elements": [{"name": "e", "sigma": "2.3148E-7", "units": null, "value": ".156940395690479", "title": "eccentricity", "label": "e"}, {"sigma": "1.3773E-8", "name": "a", "units": "au", "value": "1.168267995057295", "title": "semi-major axis", "label": "a"}, {"units": "au", "title": "perihelion distance", "value": ".9849195536404802", "name": "q", "sigma": "2.6089E-7", "label": "q"}, {"label": "i", "value": "19.35329620501629", "title": "inclination; angle with respect to x-y ecliptic plane", "units": "deg", "sigma": "2.0472E-5", "name": "i"}, {"sigma": "1.4639E-5", "name": "om", "units": "deg", "value": "213.2820999264408", "title": "longitude of the ascending node", "label": "node"}, {"label": "peri", "value": "126.9181011405302", "title": "argument of perihelion", "units": "deg", "name": "w", "sigma": "5.5571E-5"}, {"value": "89.13506169145859", "title": "mean anomaly", "units": "deg", "sigma": ".0001245", "name": "ma", "label": "M"}, {"label": "tp", "value": "2461086.302074566660", "title": "time of perihelion passage", "units": "TDB", "sigma": ".00015757", "name": "tp"}, {"title": "sidereal orbital period", "value": "461.2242632232559", "units": "d", "sigma": "8.156E-6", "name": "per", "label": "period"}, {"units": "deg/d", "title": "mean motion", "value": ".7805313568808103", "sigma": "1.3802E-8", "name": "n", "label": "n"}, {"sigma": "1.5934E-8", "name": "ad", "title": "aphelion distance", "value": "1.351616436474109", "units": "au", "label": "Q"}], "epoch": "2461200.5"}