{"spkid": "50451819", "covariance": {"data": [["1.829409777225138E-12", "-3.450939341136442E-12", "-1.143476721725554E-10", "1.105389407323672E-10", "-5.111238769065211E-10", "2.934300239987227E-11"], ["-3.450939341136442E-12", "6.509774265770709E-12", "2.163094378972447E-10", "-2.082366801503206E-10", "9.644312227187808E-10", "-5.541647990690855E-11"], ["-1.143476721725554E-10", "2.163094378972447E-10", "1.8726250961922E-8", "-1.912367993928808E-9", "3.733266788983254E-8", "-3.204188437219862E-9"], ["1.105389407323672E-10", "-2.082366801503206E-10", "-1.912367993928808E-9", "2.713101225323783E-8", "-4.678425060260232E-8", "8.608236312632842E-9"], ["-5.111238769065211E-10", "9.644312227187808E-10", "3.733266788983254E-8", "-4.678425060260232E-8", "1.634738798968696E-7", "-1.623443716615271E-8"], ["2.934300239987227E-11", "-5.541647990690855E-11", "-3.204188437219862E-9", "8.608236312632842E-9", "-1.623443716615271E-8", "3.825109061624794E-9"]], "elements": [{"name": "e", "sigma": 1.35255675563916e-06, "units": null, "title": "eccentricity", "value": ".5352605497727621", "label": "e"}, {"units": "au", "value": ".8779468967953195", "title": "perihelion distance", "name": "q", "sigma": 2.55142592794122e-06, "label": "q"}, {"label": "tp", "units": "TDB", "value": "2455803.675463226103", "title": "time of perihelion passage", "name": "tp", "sigma": 0.000136843892673082}, {"value": "343.379835400634", "title": "longitude of the ascending node", "units": "deg", "sigma": 0.000164714942410328, "name": "om", "label": "node"}, {"units": "deg", "title": "argument of perihelion", "value": "126.2165180181805", "sigma": 0.000404319032320851, "name": "w", "label": "peri"}, {"sigma": 6.18474660889579e-05, "name": "i", "value": "6.125461278368618", "title": "inclination", "units": "deg", "label": "i"}], "labels": ["e", "q", "tp", "node", "peri", "i"], "epoch": "2456185.5"}, "elements": [{"value": ".534695378643391", "title": "eccentricity", "units": null, "sigma": "1.3342E-6", "name": "e", "label": "e"}, {"value": "1.888311889255074", "title": "semi-major axis", "units": "au", "name": "a", "sigma": "2.8533E-8", "label": "a"}, {"name": "q", "sigma": "2.5072E-6", "units": "au", "title": "perihelion distance", "value": ".8786402486330152", "label": "q"}, {"value": "6.144117177775021", "title": "inclination; angle with respect to x-y ecliptic plane", "units": "deg", "name": "i", "sigma": "6.1948E-5", "label": "i"}, {"name": "om", "sigma": ".00016385", "units": "deg", "title": "longitude of the ascending node", "value": "343.1079736592449", "label": "node"}, {"value": "126.6010812706812", "title": "argument of perihelion", "units": "deg", "name": "w", "sigma": ".0004045", "label": "peri"}, {"label": "M", "name": "ma", "sigma": "5.2161E-5", "units": "deg", "title": "mean anomaly", "value": "248.801771005898"}, {"label": "tp", "name": "tp", "sigma": ".0001338", "units": "TDB", "title": "time of perihelion passage", "value": "2461493.255044999189"}, {"title": "sidereal orbital period", "value": "947.7832259837351", "units": "d", "sigma": "2.1482E-5", "name": "per", "label": "period"}, {"label": "n", "name": "n", "sigma": "8.6091E-9", "units": "deg/d", "value": ".379833689951987", "title": "mean motion"}, {"label": "Q", "sigma": "4.3789E-8", "name": "ad", "value": "2.897983529877133", "title": "aphelion distance", "units": "au"}], "epoch": "2461200.5"}