{"spkid": "50451812", "covariance": {"epoch": "2455544.5", "labels": ["e", "q", "tp", "node", "peri", "i"], "data": [["6.292653710378841E-15", "-1.512148598314359E-14", "3.140474497529196E-12", "-4.649210236205506E-12", "8.92606116715309E-12", "4.086295401442618E-13"], ["-1.512148598314359E-14", "3.637091427675202E-14", "-7.604504780258995E-12", "1.1015135844125E-11", "-2.135345006332258E-11", "-9.753750554128585E-13"], ["3.140474497529196E-12", "-7.604504780258995E-12", "1.931516089999472E-9", "-2.092330854582125E-9", "4.6227176243614E-9", "2.132608522295899E-10"], ["-4.649210236205506E-12", "1.1015135844125E-11", "-2.092330854582125E-9", "9.414439235818501E-9", "-1.230439210013781E-8", "-4.988240047469442E-10"], ["8.92606116715309E-12", "-2.135345006332258E-11", "4.6227176243614E-9", "-1.230439210013781E-8", "1.854534010901643E-8", "7.865612116064208E-10"], ["4.086295401442618E-13", "-9.753750554128585E-13", "2.132608522295899E-10", "-4.988240047469442E-10", "7.865612116064208E-10", "7.106309872055715E-11"]], "elements": [{"name": "e", "sigma": 7.93262485585877e-08, "units": null, "value": ".6079043286858631", "title": "eccentricity", "label": "e"}, {"label": "q", "units": "au", "title": "perihelion distance", "value": ".995042939640291", "sigma": 1.90711599743571e-07, "name": "q"}, {"value": "2454962.252941773631", "title": "time of perihelion passage", "units": "TDB", "name": "tp", "sigma": 4.39490169400804e-05, "label": "tp"}, {"label": "node", "name": "om", "sigma": 9.70280332471936e-05, "units": "deg", "title": "longitude of the ascending node", "value": "40.41827919732735"}, {"label": "peri", "sigma": 0.000136181276646301, "name": "w", "units": "deg", "value": "200.50986711661", "title": "argument of perihelion"}, {"label": "i", "name": "i", "sigma": 8.42989316187086e-06, "title": "inclination", "value": "1.9336646536669", "units": "deg"}]}, "elements": [{"name": "e", "sigma": "6.3894E-8", "units": null, "value": ".6138888090981958", "title": "eccentricity", "label": "e"}, {"sigma": "4.5585E-8", "name": "a", "units": "au", "value": "2.527782719980531", "title": "semi-major axis", "label": "a"}, {"sigma": "1.4524E-7", "name": "q", "title": "perihelion distance", "value": ".9760051963526849", "units": "au", "label": "q"}, {"label": "i", "sigma": "8.6319E-6", "name": "i", "value": "1.899676943306436", "title": "inclination; angle with respect to x-y ecliptic plane", "units": "deg"}, {"label": "node", "title": "longitude of the ascending node", "value": "39.63039612243083", "units": "deg", "name": "om", "sigma": "9.5752E-5"}, {"units": "deg", "title": "argument of perihelion", "value": "201.25192128", "name": "w", "sigma": ".00013324", "label": "peri"}, {"label": "M", "units": "deg", "title": "mean anomaly", "value": "84.19591062039385", "sigma": "4.241E-5", "name": "ma"}, {"value": "2460857.182030326002", "title": "time of perihelion passage", "units": "TDB", "name": "tp", "sigma": ".00016376", "label": "tp"}, {"units": "d", "value": "1467.939097896071", "title": "sidereal orbital period", "name": "per", "sigma": "3.9708E-5", "label": "period"}, {"label": "n", "units": "deg/d", "value": ".2452417818395677", "title": "mean motion", "sigma": "6.6339E-9", "name": "n"}, {"name": "ad", "sigma": "7.3569E-8", "units": "au", "title": "aphelion distance", "value": "4.079560243608378", "label": "Q"}], "epoch": "2461200.5"}