{"spkid": "50467107", "covariance": {"elements": [{"label": "e", "units": null, "title": "eccentricity", "value": ".3800409187109536", "sigma": 1.72227149231378e-06, "name": "e"}, {"label": "q", "title": "perihelion distance", "value": ".8382280949721709", "units": "au", "name": "q", "sigma": 2.32946352075278e-06}, {"label": "tp", "sigma": 8.87954105279961e-05, "name": "tp", "units": "TDB", "title": "time of perihelion passage", "value": "2457896.161951917681"}, {"label": "node", "sigma": 0.00156734121458949, "name": "om", "units": "deg", "value": "300.7412357154647", "title": "longitude of the ascending node"}, {"sigma": 0.00173389889762616, "name": "w", "title": "argument of perihelion", "value": "329.8850789322143", "units": "deg", "label": "peri"}, {"label": "i", "units": "deg", "title": "inclination", "value": ".8564486126067099", "sigma": 2.09217071383764e-05, "name": "i"}], "data": [["2.966219093236734E-12", "-4.011967928571194E-12", "-1.398042176178778E-10", "1.313494078315661E-9", "-1.849713310007934E-9", "1.727330355320146E-11"], ["-4.011967928571194E-12", "5.426400294517922E-12", "1.890490833629372E-10", "-1.777048422068811E-9", "2.502264510256389E-9", "-2.336610262595546E-11"], ["-1.398042176178778E-10", "1.890490833629372E-10", "7.884624930835363E-9", "-5.160484932815182E-8", "7.831833322233772E-8", "-7.730729327671356E-10"], ["1.313494078315661E-9", "-1.777048422068811E-9", "-5.160484932815182E-8", "2.456558482950863E-6", "-2.68221070995553E-6", "3.232021625534179E-8"], ["-1.849713310007934E-9", "2.502264510256389E-9", "7.831833322233772E-8", "-2.68221070995553E-6", "3.00640538718922E-6", "-3.539343937899883E-8"], ["1.727330355320146E-11", "-2.336610262595546E-11", "-7.730729327671356E-10", "3.232021625534179E-8", "-3.539343937899883E-8", "4.377178295839884E-10"]], "labels": ["e", "q", "tp", "node", "peri", "i"], "epoch": "2457748.5"}, "elements": [{"label": "e", "name": "e", "sigma": "1.7195E-6", "value": ".3805235749997539", "title": "eccentricity", "units": null}, {"label": "a", "value": "1.353539082359814", "title": "semi-major axis", "units": "au", "sigma": "1.0824E-8", "name": "a"}, {"title": "perihelion distance", "value": ".8384855518383714", "units": "au", "name": "q", "sigma": "2.3339E-6", "label": "q"}, {"value": ".8533792429716442", "title": "inclination; angle with respect to x-y ecliptic plane", "units": "deg", "sigma": "2.0821E-5", "name": "i", "label": "i"}, {"label": "node", "sigma": ".0015765", "name": "om", "units": "deg", "value": "300.4496110579861", "title": "longitude of the ascending node"}, {"name": "w", "sigma": ".0017422", "value": "330.3395904602709", "title": "argument of perihelion", "units": "deg", "label": "peri"}, {"label": "M", "sigma": "7.1662E-5", "name": "ma", "value": "269.2677370597942", "title": "mean anomaly", "units": "deg"}, {"label": "tp", "title": "time of perihelion passage", "value": "2461345.465236728376", "units": "TDB", "sigma": ".00011621", "name": "tp"}, {"sigma": "6.8991E-6", "name": "per", "title": "sidereal orbital period", "value": "575.181126658418", "units": "d", "label": "period"}, {"units": "deg/d", "title": "mean motion", "value": ".6258897994297241", "name": "n", "sigma": "7.5073E-9", "label": "n"}, {"title": "aphelion distance", "value": "1.868592612881257", "units": "au", "name": "ad", "sigma": "1.4942E-8", "label": "Q"}], "epoch": "2461200.5"}