{"spkid": "50463196", "covariance": {"epoch": "2458992.5", "labels": ["e", "q", "tp", "node", "peri", "i"], "elements": [{"label": "e", "name": "e", "sigma": 7.45981922291064e-08, "units": null, "value": ".5103344824673139", "title": "eccentricity"}, {"units": "au", "title": "perihelion distance", "value": ".6923435292442485", "name": "q", "sigma": 1.03415200495256e-07, "label": "q"}, {"label": "tp", "value": "2458750.747251586771", "title": "time of perihelion passage", "units": "TDB", "name": "tp", "sigma": 2.00226998064439e-05}, {"label": "node", "sigma": 4.17831028514049e-05, "name": "om", "value": "74.97998360825299", "title": "longitude of the ascending node", "units": "deg"}, {"value": "278.4616949369285", "title": "argument of perihelion", "units": "deg", "sigma": 4.28982152093602e-05, "name": "w", "label": "peri"}, {"label": "i", "name": "i", "sigma": 2.79554839958183e-05, "units": "deg", "title": "inclination", "value": "10.30824559238458"}], "data": [["5.564890283850712E-15", "-7.712527890141074E-15", "3.555769296528482E-13", "-1.525107140706104E-13", "-4.338080888833515E-14", "-2.404852583519012E-13"], ["-7.712527890141074E-15", "1.069470369347393E-14", "-4.906319546848419E-13", "2.36135203154662E-13", "4.38046488454921E-14", "3.364695098049097E-13"], ["3.555769296528482E-13", "-4.906319546848419E-13", "4.009085075389678E-10", "-1.848369481032824E-10", "3.299115691857384E-10", "-1.914615179432447E-10"], ["-1.525107140706104E-13", "2.36135203154662E-13", "-1.848369481032824E-10", "1.745827683891084E-9", "-1.735809596565101E-9", "9.55751159473095E-10"], ["-4.338080888833515E-14", "4.38046488454921E-14", "3.299115691857384E-10", "-1.735809596565101E-9", "1.840256868148583E-9", "-9.892193502849817E-10"], ["-2.404852583519012E-13", "3.364695098049097E-13", "-1.914615179432447E-10", "9.55751159473095E-10", "-9.892193502849817E-10", "7.815090854404533E-10"]]}, "elements": [{"label": "e", "value": ".5103963879216347", "title": "eccentricity", "units": null, "sigma": "7.4504E-8", "name": "e"}, {"label": "a", "value": "1.413946789494255", "title": "semi-major axis", "units": "au", "name": "a", "sigma": "5.9295E-9"}, {"value": ".6922734554229955", "title": "perihelion distance", "units": "au", "name": "q", "sigma": "1.0349E-7", "label": "q"}, {"label": "i", "name": "i", "sigma": "2.796E-5", "units": "deg", "title": "inclination; angle with respect to x-y ecliptic plane", "value": "10.30883398731768"}, {"value": "74.94376991745148", "title": "longitude of the ascending node", "units": "deg", "name": "om", "sigma": "4.1778E-5", "label": "node"}, {"name": "w", "sigma": "4.2883E-5", "title": "argument of perihelion", "value": "278.4846137069314", "units": "deg", "label": "peri"}, {"label": "M", "units": "deg", "value": "356.0321704060141", "title": "mean anomaly", "sigma": "1.607E-5", "name": "ma"}, {"label": "tp", "title": "time of perihelion passage", "value": "2461207.268595136991", "units": "TDB", "name": "tp", "sigma": "2.7439E-5"}, {"name": "per", "sigma": "3.863E-6", "units": "d", "value": "614.112625454027", "title": "sidereal orbital period", "label": "period"}, {"value": ".5862116899711092", "title": "mean motion", "units": "deg/d", "name": "n", "sigma": "3.6875E-9", "label": "n"}, {"label": "Q", "name": "ad", "sigma": "8.9559E-9", "units": "au", "value": "2.135620123565515", "title": "aphelion distance"}], "epoch": "2461200.5"}