{"spkid": "50467106", "covariance": {"elements": [{"label": "e", "sigma": 2.69381873243627e-07, "name": "e", "value": ".1068982071228915", "title": "eccentricity", "units": null}, {"sigma": 3.09511285716771e-07, "name": "q", "value": "1.032834046534801", "title": "perihelion distance", "units": "au", "label": "q"}, {"title": "time of perihelion passage", "value": "2456850.174187263647", "units": "TDB", "sigma": 0.000180007374279868, "name": "tp", "label": "tp"}, {"name": "om", "sigma": 5.71377550452006e-05, "value": "159.7724206780952", "title": "longitude of the ascending node", "units": "deg", "label": "node"}, {"sigma": 0.000148629695311764, "name": "w", "units": "deg", "title": "argument of perihelion", "value": "136.3434262420607", "label": "peri"}, {"value": "4.148291670939332", "title": "inclination", "units": "deg", "name": "i", "sigma": 7.28644528379699e-06, "label": "i"}], "data": [["7.256659363224527E-14", "-8.331720656024721E-14", "-7.830878814319822E-12", "8.133238699238754E-12", "-2.292074689161867E-11", "8.977968429163429E-13"], ["-8.331720656024721E-14", "9.579723598604862E-14", "1.104663542470098E-11", "-9.046621402433738E-12", "2.76339015220001E-11", "-1.082841433346493E-12"], ["-7.830878814319822E-12", "1.104663542470098E-11", "3.240265479513258E-8", "3.535928486105677E-9", "2.281194986655264E-8", "-8.975154510978096E-10"], ["8.133238699238754E-12", "-9.046621402433738E-12", "3.535928486105677E-9", "3.264723051605348E-9", "-1.459516171948027E-9", "1.10514039093672E-10"], ["-2.292074689161867E-11", "2.76339015220001E-11", "2.281194986655264E-8", "-1.459516171948027E-9", "2.209078632846787E-8", "-9.212713331591005E-10"], ["8.977968429163429E-13", "-1.082841433346493E-12", "-8.975154510978096E-10", "1.10514039093672E-10", "-9.212713331591005E-10", "5.30922848737674E-11"]], "labels": ["e", "q", "tp", "node", "peri", "i"], "epoch": "2456722.5"}, "elements": [{"name": "e", "sigma": "2.6713E-7", "value": ".1059093559173479", "title": "eccentricity", "units": null, "label": "e"}, {"name": "a", "sigma": "7.0771E-9", "title": "semi-major axis", "value": "1.155168665390809", "units": "au", "label": "a"}, {"sigma": "3.1199E-7", "name": "q", "units": "au", "title": "perihelion distance", "value": "1.032825496063366", "label": "q"}, {"sigma": "7.2813E-6", "name": "i", "units": "deg", "title": "inclination; angle with respect to x-y ecliptic plane", "value": "4.150587663927741", "label": "i"}, {"units": "deg", "value": "159.6085151037002", "title": "longitude of the ascending node", "name": "om", "sigma": "5.6229E-5", "label": "node"}, {"units": "deg", "value": "136.5034670047463", "title": "argument of perihelion", "name": "w", "sigma": ".00014918", "label": "peri"}, {"label": "M", "sigma": ".00017661", "name": "ma", "value": "212.8638197468871", "title": "mean anomaly", "units": "deg"}, {"label": "tp", "name": "tp", "sigma": ".00022406", "units": "TDB", "value": "2461385.846121804049", "title": "time of perihelion passage"}, {"label": "period", "sigma": "4.1674E-6", "name": "per", "title": "sidereal orbital period", "value": "453.4887594245947", "units": "d"}, {"label": "n", "units": "deg/d", "value": ".7938454758102117", "title": "mean motion", "name": "n", "sigma": "7.2952E-9"}, {"sigma": "7.8266E-9", "name": "ad", "units": "au", "title": "aphelion distance", "value": "1.277511834718252", "label": "Q"}], "epoch": "2461200.5"}