{"spkid": "50467200", "covariance": {"labels": ["e", "q", "tp", "node", "peri", "i"], "elements": [{"label": "e", "name": "e", "sigma": 5.74124893145618e-06, "units": null, "value": ".8042718511684581", "title": "eccentricity"}, {"units": "au", "value": ".4316649613380542", "title": "perihelion distance", "name": "q", "sigma": 1.25710845635966e-05, "label": "q"}, {"units": "TDB", "title": "time of perihelion passage", "value": "2457590.101481959176", "sigma": 0.000763541204426775, "name": "tp", "label": "tp"}, {"name": "om", "sigma": 0.000582592939121868, "units": "deg", "value": "217.7318917226245", "title": "longitude of the ascending node", "label": "node"}, {"value": "269.0633672180168", "title": "argument of perihelion", "units": "deg", "name": "w", "sigma": 0.00148377681475031, "label": "peri"}, {"value": "5.460914744165515", "title": "inclination", "units": "deg", "name": "i", "sigma": 8.92251017282058e-05, "label": "i"}], "data": [["3.296193929294673E-11", "-7.217372022320573E-11", "4.355409554373238E-9", "-2.7903676832251E-9", "8.31823527437218E-9", "4.886801002806289E-10"], ["-7.217372022320573E-11", "1.580321671050963E-10", "-9.536429453802702E-9", "6.109690539773861E-9", "-1.821351945952835E-8", "-1.0700050053189E-9"], ["4.355409554373238E-9", "-9.536429453802702E-9", "5.829951708574908E-7", "-3.687475706677649E-7", "1.100425750577952E-6", "6.473751757249906E-8"], ["-2.7903676832251E-9", "6.109690539773861E-9", "-3.687475706677649E-7", "3.394145327146571E-7", "-8.068465175950017E-7", "-4.943992257119309E-8"], ["8.31823527437218E-9", "-1.821351945952835E-8", "1.100425750577952E-6", "-8.068465175950017E-7", "2.20159363599059E-6", "1.313800056277376E-7"], ["4.886801002806289E-10", "-1.0700050053189E-9", "6.473751757249906E-8", "-4.943992257119309E-8", "1.313800056277376E-7", "7.961118778408674E-9"]], "epoch": "2458030.5"}, "elements": [{"name": "e", "sigma": "5.7248E-6", "value": ".8008782375235639", "title": "eccentricity", "units": null, "label": "e"}, {"label": "a", "units": "au", "value": "2.212708448724008", "title": "semi-major axis", "name": "a", "sigma": "5.4364E-7"}, {"title": "perihelion distance", "value": ".4405984061564253", "units": "au", "sigma": "1.2559E-5", "name": "q", "label": "q"}, {"name": "i", "sigma": "9.511E-5", "units": "deg", "value": "5.452202689927866", "title": "inclination; angle with respect to x-y ecliptic plane", "label": "i"}, {"units": "deg", "value": "215.0276753192927", "title": "longitude of the ascending node", "sigma": ".00080257", "name": "om", "label": "node"}, {"name": "w", "sigma": ".0017319", "value": "271.8627935840574", "title": "argument of perihelion", "units": "deg", "label": "peri"}, {"units": "deg", "title": "mean anomaly", "value": "2.532818822121037", "sigma": ".00067518", "name": "ma", "label": "M"}, {"label": "tp", "value": "2461192.041636557254", "title": "time of perihelion passage", "units": "TDB", "name": "tp", "sigma": ".0022516"}, {"value": "1202.222130060826", "title": "sidereal orbital period", "units": "d", "name": "per", "sigma": ".00044306", "label": "period"}, {"sigma": "1.1036E-7", "name": "n", "units": "deg/d", "title": "mean motion", "value": ".2994454943046058", "label": "n"}, {"label": "Q", "units": "au", "value": "3.984818491291591", "title": "aphelion distance", "name": "ad", "sigma": "9.7903E-7"}], "epoch": "2461200.5"}