{"spkid": "50475258", "covariance": {"labels": ["e", "q", "tp", "node", "peri", "i"], "elements": [{"label": "e", "title": "eccentricity", "value": ".399744678746889", "units": null, "name": "e", "sigma": 1.60209498245079e-07}, {"sigma": 2.13050989549549e-07, "name": "q", "value": ".8222567435357393", "title": "perihelion distance", "units": "au", "label": "q"}, {"label": "tp", "name": "tp", "sigma": 4.6327129952616e-05, "units": "TDB", "title": "time of perihelion passage", "value": "2455246.804799860138"}, {"label": "node", "title": "longitude of the ascending node", "value": "214.7939440329391", "units": "deg", "sigma": 0.000145331186097076, "name": "om"}, {"label": "peri", "name": "w", "sigma": 0.000145735379047702, "units": "deg", "title": "argument of perihelion", "value": "300.1016169804563"}, {"units": "deg", "title": "inclination", "value": "3.399089939990093", "name": "i", "sigma": 2.02272205216136e-05, "label": "i"}], "data": [["2.566708332793982E-14", "-3.410680346849771E-14", "2.00383691467366E-12", "6.907510512695502E-13", "3.425265178681953E-12", "3.911644966434347E-13"], ["-3.410680346849771E-14", "4.539072414804206E-14", "-2.60392071653959E-12", "-9.234999995680028E-13", "-4.509497803455492E-12", "-5.188469401769531E-13"], ["2.00383691467366E-12", "-2.60392071653959E-12", "2.146202969646573E-9", "9.22207061271601E-10", "5.162898678240502E-10", "3.487394809088729E-10"], ["6.907510512695502E-13", "-9.234999995680028E-13", "9.22207061271601E-10", "2.112115365238281E-8", "-2.052010175813804E-8", "2.222921478485024E-9"], ["3.425265178681953E-12", "-4.509497803455492E-12", "5.162898678240502E-10", "-2.052010175813804E-8", "2.123880070617732E-8", "-1.987577106663844E-9"], ["3.911644966434347E-13", "-5.188469401769531E-13", "3.487394809088729E-10", "2.222921478485024E-9", "-1.987577106663844E-9", "4.091404500299853E-10"]], "epoch": "2455483.5"}, "elements": [{"name": "e", "sigma": "1.6161E-7", "units": null, "title": "eccentricity", "value": ".3995109442640121", "label": "e"}, {"label": "a", "units": "au", "title": "semi-major axis", "value": "1.369618181758949", "sigma": "2.103E-8", "name": "a"}, {"units": "au", "value": ".8224407286832719", "title": "perihelion distance", "sigma": "2.1342E-7", "name": "q", "label": "q"}, {"units": "deg", "title": "inclination; angle with respect to x-y ecliptic plane", "value": "3.405048544950839", "sigma": "2.0234E-5", "name": "i", "label": "i"}, {"label": "node", "sigma": ".00014534", "name": "om", "units": "deg", "value": "214.5891095835135", "title": "longitude of the ascending node"}, {"label": "peri", "units": "deg", "title": "argument of perihelion", "value": "300.3017559630334", "sigma": ".00014576", "name": "w"}, {"label": "M", "value": "60.34703762597807", "title": "mean anomaly", "units": "deg", "sigma": "8.3215E-5", "name": "ma"}, {"label": "tp", "value": "2461102.358848120819", "title": "time of perihelion passage", "units": "TDB", "name": "tp", "sigma": ".00013316"}, {"title": "sidereal orbital period", "value": "585.4606301552066", "units": "d", "sigma": "1.3485E-5", "name": "per", "label": "period"}, {"label": "n", "name": "n", "sigma": "1.4163E-8", "title": "mean motion", "value": ".6149004415626775", "units": "deg/d"}, {"units": "au", "title": "aphelion distance", "value": "1.916795634834626", "name": "ad", "sigma": "2.9432E-8", "label": "Q"}], "epoch": "2461200.5"}