{"spkid": "50475259", "covariance": {"data": [["2.507436283912467E-14", "-3.710942565309632E-14", "-3.841569869490295E-14", "-2.730209703947806E-12", "4.214234273384008E-12", "3.495943318298645E-14"], ["-3.710942565309632E-14", "5.492647595417962E-14", "1.392098329844213E-13", "4.019843214781024E-12", "-6.185777756364618E-12", "-3.790478248013204E-14"], ["-3.841569869490295E-14", "1.392098329844213E-13", "1.527080832735704E-9", "-4.317740288312081E-10", "1.066271242525017E-9", "2.358916731745091E-10"], ["-2.730209703947806E-12", "4.019843214781024E-12", "-4.317740288312081E-10", "1.119659805867445E-9", "-1.466886085198077E-9", "-2.017887996112698E-10"], ["4.214234273384008E-12", "-6.185777756364618E-12", "1.066271242525017E-9", "-1.466886085198077E-9", "2.191056691209712E-9", "2.970286235704244E-10"], ["3.495943318298645E-14", "-3.790478248013204E-14", "2.358916731745091E-10", "-2.017887996112698E-10", "2.970286235704244E-10", "1.27576985100654E-10"]], "elements": [{"sigma": 1.58348864344285e-07, "name": "e", "title": "eccentricity", "value": ".5623349821291467", "units": null, "label": "e"}, {"label": "q", "sigma": 2.34363981776594e-07, "name": "q", "units": "au", "value": ".6300766884231965", "title": "perihelion distance"}, {"label": "tp", "sigma": 3.90778816306066e-05, "name": "tp", "value": "2458240.348438810949", "title": "time of perihelion passage", "units": "TDB"}, {"label": "node", "name": "om", "sigma": 3.346131805335e-05, "units": "deg", "value": "54.44149268576206", "title": "longitude of the ascending node"}, {"title": "argument of perihelion", "value": "256.0473507522707", "units": "deg", "name": "w", "sigma": 4.68087245202186e-05, "label": "peri"}, {"label": "i", "name": "i", "sigma": 1.12949982337606e-05, "value": "7.15910769381924", "title": "inclination", "units": "deg"}], "labels": ["e", "q", "tp", "node", "peri", "i"], "epoch": "2458209.5"}, "elements": [{"label": "e", "sigma": "1.6012E-7", "name": "e", "units": null, "value": ".5628738220680606", "title": "eccentricity"}, {"label": "a", "sigma": "7.4822E-9", "name": "a", "value": "1.44041121043175", "title": "semi-major axis", "units": "au"}, {"label": "q", "name": "q", "sigma": "2.3372E-7", "units": "au", "value": ".6296414470663495", "title": "perihelion distance"}, {"label": "i", "title": "inclination; angle with respect to x-y ecliptic plane", "value": "7.156621343415729", "units": "deg", "name": "i", "sigma": "1.128E-5"}, {"title": "longitude of the ascending node", "value": "54.3437526217482", "units": "deg", "name": "om", "sigma": "3.3584E-5", "label": "node"}, {"label": "peri", "sigma": "4.6884E-5", "name": "w", "units": "deg", "value": "256.1848832542115", "title": "argument of perihelion"}, {"sigma": "3.0171E-5", "name": "ma", "value": "248.2464291346585", "title": "mean anomaly", "units": "deg", "label": "M"}, {"label": "tp", "sigma": "5.3504E-5", "name": "tp", "value": "2461396.513992318408", "title": "time of perihelion passage", "units": "TDB"}, {"units": "d", "value": "631.4342950137572", "title": "sidereal orbital period", "name": "per", "sigma": "4.9199E-6", "label": "period"}, {"units": "deg/d", "value": ".570130578656892", "title": "mean motion", "name": "n", "sigma": "4.4423E-9", "label": "n"}, {"label": "Q", "title": "aphelion distance", "value": "2.251180973797151", "units": "au", "name": "ad", "sigma": "1.1694E-8"}], "epoch": "2461200.5"}