{"spkid": "50476798", "covariance": {"elements": [{"name": "e", "sigma": 1.69755349337986e-07, "value": ".3921946024230579", "title": "eccentricity", "units": null, "label": "e"}, {"sigma": 2.82458465442261e-07, "name": "q", "units": "au", "value": "1.009538552802549", "title": "perihelion distance", "label": "q"}, {"label": "tp", "value": "2456699.832362233652", "title": "time of perihelion passage", "units": "TDB", "sigma": 0.000135050158207703, "name": "tp"}, {"name": "om", "sigma": 6.91862532124791e-06, "title": "longitude of the ascending node", "value": "57.28333142904005", "units": "deg", "label": "node"}, {"units": "deg", "value": "337.538770301675", "title": "argument of perihelion", "sigma": 0.000152968790665893, "name": "w", "label": "peri"}, {"label": "i", "title": "inclination", "value": "12.40297176271489", "units": "deg", "sigma": 3.04847319486214e-05, "name": "i"}], "data": [["2.881687862886166E-14", "-4.794724670004538E-14", "-2.082293504970755E-11", "-2.81056838542914E-13", "-2.392938987900489E-11", "9.650587708985633E-14"], ["-4.794724670004538E-14", "7.978278469999674E-14", "3.475855831010964E-11", "4.679038869259131E-13", "3.992879982552278E-11", "-2.009432477210769E-13"], ["-2.082293504970755E-11", "3.475855831010964E-11", "1.823854523192548E-8", "2.086102858137512E-10", "2.062131952063728E-8", "-1.128752839770843E-9"], ["-2.81056838542914E-13", "4.679038869259131E-13", "2.086102858137512E-10", "4.786737633581269E-11", "1.942854513994402E-10", "-5.384337476277492E-11"], ["-2.392938987900489E-11", "3.992879982552278E-11", "2.062131952063728E-8", "1.942854513994402E-10", "2.339945091778575E-8", "-1.130336122467234E-9"], ["9.650587708985633E-14", "-2.009432477210769E-13", "-1.128752839770843E-9", "-5.384337476277492E-11", "-1.130336122467234E-9", "9.293188819793E-10"]], "labels": ["e", "q", "tp", "node", "peri", "i"], "epoch": "2456843.5"}, "elements": [{"label": "e", "name": "e", "sigma": "1.7122E-7", "title": "eccentricity", "value": ".391706130051393", "units": null}, {"name": "a", "sigma": "1.9113E-9", "title": "semi-major axis", "value": "1.659910478049147", "units": "au", "label": "a"}, {"label": "q", "sigma": "2.8375E-7", "name": "q", "title": "perihelion distance", "value": "1.009713368460758", "units": "au"}, {"label": "i", "sigma": "3.0467E-5", "name": "i", "title": "inclination; angle with respect to x-y ecliptic plane", "value": "12.41106439964536", "units": "deg"}, {"sigma": "6.9096E-6", "name": "om", "units": "deg", "title": "longitude of the ascending node", "value": "57.19860039325889", "label": "node"}, {"label": "peri", "value": "337.6499191935528", "title": "argument of perihelion", "units": "deg", "name": "w", "sigma": ".00015316"}, {"label": "M", "name": "ma", "sigma": "6.6563E-5", "units": "deg", "value": "272.5878100273342", "title": "mean anomaly"}, {"label": "tp", "value": "2461390.168376421591", "title": "time of perihelion passage", "units": "TDB", "name": "tp", "sigma": ".00014427"}, {"units": "d", "value": "781.1337930456205", "title": "sidereal orbital period", "name": "per", "sigma": "1.3492E-6", "label": "period"}, {"name": "n", "sigma": "7.9602E-10", "units": "deg/d", "value": ".4608685518473977", "title": "mean motion", "label": "n"}, {"name": "ad", "sigma": "2.66E-9", "value": "2.310107587637536", "title": "aphelion distance", "units": "au", "label": "Q"}], "epoch": "2461200.5"}