{"spkid": "50472389", "covariance": {"epoch": "2456339.5", "data": [["2.414714921932457E-11", "-2.613806862680292E-11", "7.38954074418792E-11", "3.637712519336736E-11", "-2.845859678224251E-9", "8.889314116213728E-10"], ["-2.613806862680292E-11", "2.829314109152221E-11", "-7.984456436351351E-11", "-3.938930730611903E-11", "3.080629981443904E-9", "-9.623158280949744E-10"], ["7.38954074418792E-11", "-7.984456436351351E-11", "9.912091872364639E-9", "-7.89295737960844E-10", "2.183578697354541E-10", "-3.56563134648067E-9"], ["3.637712519336736E-11", "-3.938930730611903E-11", "-7.89295737960844E-10", "1.784800471098446E-10", "-5.156399552937408E-9", "1.951234337787536E-9"], ["-2.845859678224251E-9", "3.080629981443904E-9", "2.183578697354541E-10", "-5.156399552937408E-9", "3.436680721394763E-7", "-1.105765433689277E-7"], ["8.889314116213728E-10", "-9.623158280949744E-10", "-3.56563134648067E-9", "1.951234337787536E-9", "-1.105765433689277E-7", "3.740209966091396E-8"]], "elements": [{"units": null, "title": "eccentricity", "value": ".2981367755592149", "sigma": 4.91397488997701e-06, "name": "e", "label": "e"}, {"title": "perihelion distance", "value": ".7588428259371708", "units": "au", "name": "q", "sigma": 5.31912973065352e-06, "label": "q"}, {"label": "tp", "title": "time of perihelion passage", "value": "2456289.154360945137", "units": "TDB", "sigma": 9.95594891126137e-05, "name": "tp"}, {"units": "deg", "title": "longitude of the ascending node", "value": "212.0428748350568", "name": "om", "sigma": 1.33596424768721e-05, "label": "node"}, {"label": "peri", "sigma": 0.000586232097500193, "name": "w", "value": "81.99809282662778", "title": "argument of perihelion", "units": "deg"}, {"units": "deg", "value": "11.00861787074019", "title": "inclination", "sigma": 0.000193396224526008, "name": "i", "label": "i"}], "labels": ["e", "q", "tp", "node", "peri", "i"]}, "elements": [{"units": null, "value": ".2980900380374645", "title": "eccentricity", "sigma": "4.9161E-6", "name": "e", "label": "e"}, {"sigma": "7.7198E-8", "name": "a", "units": "au", "title": "semi-major axis", "value": "1.080989439619613", "label": "a"}, {"label": "q", "sigma": "5.3682E-6", "name": "q", "units": "au", "value": ".7587572564453051", "title": "perihelion distance"}, {"label": "i", "units": "deg", "title": "inclination; angle with respect to x-y ecliptic plane", "value": "11.01841787931935", "sigma": ".0001924", "name": "i"}, {"title": "longitude of the ascending node", "value": "211.9381868180142", "units": "deg", "name": "om", "sigma": "1.5337E-5", "label": "node"}, {"sigma": ".00056267", "name": "w", "value": "81.91536421163417", "title": "argument of perihelion", "units": "deg", "label": "peri"}, {"label": "M", "units": "deg", "value": "347.5673154566506", "title": "mean anomaly", "sigma": "8.5416E-5", "name": "ma"}, {"label": "tp", "sigma": "9.8367E-5", "name": "tp", "value": "2461214.677283285727", "title": "time of perihelion passage", "units": "TDB"}, {"label": "period", "title": "sidereal orbital period", "value": "410.5164870118152", "units": "d", "sigma": "4.3975E-5", "name": "per"}, {"label": "n", "sigma": "9.394E-8", "name": "n", "value": ".8769440726253676", "title": "mean motion", "units": "deg/d"}, {"sigma": "1.0021E-7", "name": "ad", "title": "aphelion distance", "value": "1.403221622793921", "units": "au", "label": "Q"}], "epoch": "2461200.5"}