{"spkid": "50514572", "covariance": {"epoch": "2456430.5", "labels": ["e", "q", "tp", "node", "peri", "i"], "elements": [{"label": "e", "title": "eccentricity", "value": ".1519683465237322", "units": null, "sigma": 5.0417932462942e-08, "name": "e"}, {"label": "q", "title": "perihelion distance", "value": "1.013568302047417", "units": "au", "sigma": 6.47072143774527e-08, "name": "q"}, {"value": "2456239.529313591008", "title": "time of perihelion passage", "units": "TDB", "sigma": 6.16569834066853e-05, "name": "tp", "label": "tp"}, {"sigma": 1.61643052783134e-05, "name": "om", "title": "longitude of the ascending node", "value": "47.82997663722011", "units": "deg", "label": "node"}, {"sigma": 6.22915974057536e-05, "name": "w", "units": "deg", "title": "argument of perihelion", "value": "140.7945753501178", "label": "peri"}, {"sigma": 1.55823974559288e-05, "name": "i", "value": "15.4780289990118", "title": "inclination", "units": "deg", "label": "i"}], "data": [["2.541967913837783E-15", "-3.254942648599682E-15", "-2.037252239592448E-12", "-1.550064533789004E-14", "-1.868693953518665E-12", "-2.061062185097802E-13"], ["-3.254942648599682E-15", "4.187023592489626E-15", "2.776368004503606E-12", "-2.005191007758614E-15", "2.554201083016822E-12", "2.554671204782521E-13"], ["-2.037252239592448E-12", "2.776368004503606E-12", "3.801583602812261E-9", "-3.314995999662005E-10", "3.734448929534006E-9", "8.270216976865876E-11"], ["-1.550064533789004E-14", "-2.005191007758614E-15", "-3.314995999662005E-10", "2.612847651305101E-10", "-5.395076048417899E-10", "-5.809467482649853E-11"], ["-1.868693953518665E-12", "2.554201083016822E-12", "3.734448929534006E-9", "-5.395076048417899E-10", "3.880243107360488E-9", "1.40060719617633E-10"], ["-2.061062185097802E-13", "2.554671204782521E-13", "8.270216976865876E-11", "-5.809467482649853E-11", "1.40060719617633E-10", "2.428111104745351E-10"]]}, "elements": [{"units": null, "value": ".1519697599324092", "title": "eccentricity", "name": "e", "sigma": "5.0637E-8", "label": "e"}, {"label": "a", "value": "1.195330784318819", "title": "semi-major axis", "units": "au", "sigma": "6.8101E-9", "name": "a"}, {"title": "perihelion distance", "value": "1.01367665198607", "units": "au", "sigma": "6.4724E-8", "name": "q", "label": "q"}, {"name": "i", "sigma": "1.5582E-5", "title": "inclination; angle with respect to x-y ecliptic plane", "value": "15.47676259230582", "units": "deg", "label": "i"}, {"units": "deg", "title": "longitude of the ascending node", "value": "47.77573003487132", "name": "om", "sigma": "1.6159E-5", "label": "node"}, {"label": "peri", "sigma": "6.2229E-5", "name": "w", "units": "deg", "title": "argument of perihelion", "value": "140.8517819386049"}, {"sigma": "7.7902E-5", "name": "ma", "title": "mean anomaly", "value": "142.0684917668572", "units": "deg", "label": "M"}, {"label": "tp", "name": "tp", "sigma": ".00010174", "units": "TDB", "value": "2461012.123877769859", "title": "time of perihelion passage"}, {"label": "period", "sigma": "4.0793E-6", "name": "per", "value": "477.3430277146866", "title": "sidereal orbital period", "units": "d"}, {"label": "n", "sigma": "6.4451E-9", "name": "n", "units": "deg/d", "value": ".7541746272560539", "title": "mean motion"}, {"label": "Q", "units": "au", "value": "1.376984916651569", "title": "aphelion distance", "sigma": "7.8451E-9", "name": "ad"}], "epoch": "2461200.5"}