{"spkid": "50518318", "covariance": {"epoch": "2460771.5", "elements": [{"name": "e", "sigma": 3.91887452858596e-06, "value": ".07096612509491795", "title": "eccentricity", "units": null, "label": "e"}, {"name": "q", "sigma": 4.00801030255415e-06, "units": "au", "title": "perihelion distance", "value": ".9715204021850574", "label": "q"}, {"label": "tp", "sigma": 0.00108967316662607, "name": "tp", "value": "2460883.115374971002", "title": "time of perihelion passage", "units": "TDB"}, {"sigma": 7.50159171617804e-05, "name": "om", "units": "deg", "title": "longitude of the ascending node", "value": "264.0825507297574", "label": "node"}, {"label": "peri", "name": "w", "sigma": 0.000600736746129351, "units": "deg", "title": "argument of perihelion", "value": "40.08753054295128"}, {"units": "deg", "value": "9.518032736342965", "title": "inclination", "sigma": 0.000156210806789355, "name": "i", "label": "i"}], "data": [["1.535757757079986E-11", "-1.570687652813481E-11", "4.178084593870487E-9", "-2.871731954022185E-10", "2.230911725725419E-9", "6.061022093814527E-10"], ["-1.570687652813481E-11", "1.60641465853802E-11", "-4.272841544184926E-9", "2.937343039525069E-10", "-2.281446421898327E-9", "-6.19952722048295E-10"], ["4.178084593870487E-9", "-4.272841544184926E-9", "1.187387610064883E-6", "-7.818931337801309E-8", "6.50002461199143E-7", "1.632100895008596E-7"], ["-2.871731954022185E-10", "2.937343039525069E-10", "-7.818931337801309E-8", "5.627387827623094E-9", "-4.201191970723436E-8", "-1.15669711135757E-8"], ["2.230911725725419E-9", "-2.281446421898327E-9", "6.50002461199143E-7", "-4.201191970723436E-8", "3.608846381500801E-7", "8.682831832047389E-8"], ["6.061022093814527E-10", "-6.19952722048295E-10", "1.632100895008596E-7", "-1.15669711135757E-8", "8.682831832047389E-8", "2.440181615778135E-8"]], "labels": ["e", "q", "tp", "node", "peri", "i"]}, "elements": [{"sigma": "3.8444E-6", "name": "e", "units": null, "value": ".07110457660452768", "title": "eccentricity", "label": "e"}, {"label": "a", "units": "au", "title": "semi-major axis", "value": "1.046647063075879", "name": "a", "sigma": "1.0127E-7"}, {"label": "q", "value": ".9722256668014965", "title": "perihelion distance", "units": "au", "name": "q", "sigma": "4.1177E-6"}, {"label": "i", "value": "9.515071931123526", "title": "inclination; angle with respect to x-y ecliptic plane", "units": "deg", "name": "i", "sigma": ".00015712"}, {"label": "node", "value": "263.9595824353316", "title": "longitude of the ascending node", "units": "deg", "name": "om", "sigma": "5.9956E-5"}, {"sigma": ".00081024", "name": "w", "units": "deg", "title": "argument of perihelion", "value": "39.36709637427864", "label": "peri"}, {"sigma": ".0011701", "name": "ma", "units": "deg", "title": "mean anomaly", "value": "292.9404764558162", "label": "M"}, {"label": "tp", "name": "tp", "sigma": ".0012608", "units": "TDB", "value": "2461273.354566478977", "title": "time of perihelion passage"}, {"units": "d", "title": "sidereal orbital period", "value": "391.1099057414403", "sigma": "5.6763E-5", "name": "per", "label": "period"}, {"label": "n", "value": ".9204573822223596", "title": "mean motion", "units": "deg/d", "sigma": "1.3359E-7", "name": "n"}, {"units": "au", "title": "aphelion distance", "value": "1.121068459350262", "sigma": "1.0847E-7", "name": "ad", "label": "Q"}], "epoch": "2461200.5"}