{"spkid": "50516512", "covariance": {"labels": ["e", "q", "tp", "node", "peri", "i"], "elements": [{"units": null, "title": "eccentricity", "value": ".1070626833584718", "name": "e", "sigma": 8.57602265071219e-08, "label": "e"}, {"label": "q", "units": "au", "title": "perihelion distance", "value": ".994323683383976", "name": "q", "sigma": 1.00905194041542e-07}, {"name": "tp", "sigma": 7.10455809616373e-05, "value": "2456629.156945948419", "title": "time of perihelion passage", "units": "TDB", "label": "tp"}, {"units": "deg", "title": "longitude of the ascending node", "value": "211.5085867022344", "name": "om", "sigma": 1.16269687907936e-05, "label": "node"}, {"name": "w", "sigma": 5.59574574002255e-05, "value": "44.70329170321186", "title": "argument of perihelion", "units": "deg", "label": "peri"}, {"label": "i", "value": "13.27172051595456", "title": "inclination", "units": "deg", "name": "i", "sigma": 8.05944713074418e-06}], "data": [["7.354816450552855E-15", "-8.649010673409826E-15", "3.586844575993967E-12", "-5.141823546842906E-14", "2.66316025167313E-12", "2.407200055923415E-13"], ["-8.649010673409826E-15", "1.018185818456123E-14", "-4.345996749139017E-12", "6.455701480209107E-14", "-3.237721263661312E-12", "-2.934209850985344E-13"], ["3.586844575993967E-12", "-4.345996749139017E-12", "5.047474574176562E-9", "-1.1281068420772E-10", "3.890029520747578E-9", "3.174699532844893E-10"], ["-5.141823546842906E-14", "6.455701480209107E-14", "-1.1281068420772E-10", "1.35186403262088E-10", "-2.144793184483994E-10", "1.300632085146357E-12"], ["2.66316025167313E-12", "-3.237721263661312E-12", "3.890029520747578E-9", "-2.144793184483994E-10", "3.131237038698052E-9", "2.400864121902441E-10"], ["2.407200055923415E-13", "-2.934209850985344E-13", "3.174699532844893E-10", "1.300632085146357E-12", "2.400864121902441E-10", "6.495468805326055E-11"]], "epoch": "2456582.5"}, "elements": [{"label": "e", "name": "e", "sigma": "8.5146E-8", "title": "eccentricity", "value": ".1073136928583712", "units": null}, {"name": "a", "sigma": "7.2601E-9", "title": "semi-major axis", "value": "1.114162324807694", "units": "au", "label": "a"}, {"units": "au", "value": ".9945974512889123", "title": "perihelion distance", "sigma": "1.0046E-7", "name": "q", "label": "q"}, {"label": "i", "units": "deg", "title": "inclination; angle with respect to x-y ecliptic plane", "value": "13.27124428539741", "name": "i", "sigma": "8.0629E-6"}, {"label": "node", "name": "om", "sigma": "1.1624E-5", "value": "211.4152079254964", "title": "longitude of the ascending node", "units": "deg"}, {"name": "w", "sigma": "5.6135E-5", "units": "deg", "title": "argument of perihelion", "value": "44.70682656658514", "label": "peri"}, {"label": "M", "units": "deg", "value": "232.3102363925609", "title": "mean anomaly", "name": "ma", "sigma": "3.6205E-5"}, {"sigma": "4.2743E-5", "name": "tp", "title": "time of perihelion passage", "value": "2461352.861314972979", "units": "TDB", "label": "tp"}, {"label": "period", "value": "429.5573258237033", "title": "sidereal orbital period", "units": "d", "sigma": "4.1986E-6", "name": "per"}, {"label": "n", "units": "deg/d", "title": "mean motion", "value": ".8380720764328191", "sigma": "8.1916E-9", "name": "n"}, {"label": "Q", "sigma": "8.0392E-9", "name": "ad", "title": "aphelion distance", "value": "1.233727198326475", "units": "au"}], "epoch": "2461200.5"}