{"spkid": "50516656", "covariance": {"elements": [{"label": "e", "units": null, "value": ".1959026122121398", "title": "eccentricity", "sigma": 1.46614607402664e-07, "name": "e"}, {"name": "q", "sigma": 1.41505168103197e-07, "title": "perihelion distance", "value": ".7718007349456344", "units": "au", "label": "q"}, {"label": "tp", "title": "time of perihelion passage", "value": "2458632.735314952872", "units": "TDB", "sigma": 7.1165750259588e-05, "name": "tp"}, {"label": "node", "name": "om", "sigma": 9.90518820510945e-05, "value": "251.3018473125657", "title": "longitude of the ascending node", "units": "deg"}, {"label": "peri", "sigma": 0.000103278241799649, "name": "w", "units": "deg", "value": "185.7209675474913", "title": "argument of perihelion"}, {"name": "i", "sigma": 8.20321692524808e-06, "value": "2.182768892976172", "title": "inclination", "units": "deg", "label": "i"}], "data": [["2.149584310383738E-14", "-2.07466475578943E-14", "6.304353388253678E-12", "-4.35190524812608E-13", "4.381858661668747E-12", "-1.128465743776357E-14"], ["-2.07466475578943E-14", "2.002371259991411E-14", "-6.07705518435861E-12", "4.252814709375074E-13", "-4.228134227929543E-12", "9.98882438537261E-15"], ["6.304353388253678E-12", "-6.07705518435861E-12", "5.064564010010056E-9", "1.236362076740578E-9", "2.646874381702665E-9", "-3.260222287664608E-10"], ["-4.35190524812608E-13", "4.252814709375074E-13", "1.236362076740578E-9", "9.811275337863934E-9", "-8.719640948573545E-9", "-6.047294109722837E-10"], ["4.381858661668747E-12", "-4.228134227929543E-12", "2.646874381702665E-9", "-8.719640948573545E-9", "1.066639522922683E-8", "3.278839508980344E-10"], ["-1.128465743776357E-14", "9.98882438537261E-15", "-3.260222287664608E-10", "-6.047294109722837E-10", "3.278839508980344E-10", "6.729276792267661E-11"]], "labels": ["e", "q", "tp", "node", "peri", "i"], "epoch": "2458658.5"}, "elements": [{"units": null, "title": "eccentricity", "value": ".1959440894322463", "sigma": "1.5481E-7", "name": "e", "label": "e"}, {"sigma": "1.2255E-8", "name": "a", "value": ".959610790070999", "title": "semi-major axis", "units": "au", "label": "a"}, {"label": "q", "sigma": "1.4142E-7", "name": "q", "units": "au", "value": ".7715807276011787", "title": "perihelion distance"}, {"sigma": "8.2061E-6", "name": "i", "title": "inclination; angle with respect to x-y ecliptic plane", "value": "2.185940723991995", "units": "deg", "label": "i"}, {"title": "longitude of the ascending node", "value": "251.0041012993473", "units": "deg", "name": "om", "sigma": "9.8393E-5", "label": "node"}, {"label": "peri", "title": "argument of perihelion", "value": "186.0590373372509", "units": "deg", "name": "w", "sigma": ".00010272"}, {"label": "M", "sigma": "8.199E-5", "name": "ma", "units": "deg", "value": "171.805437253469", "title": "mean anomaly"}, {"value": "2461036.639032721374", "title": "time of perihelion passage", "units": "TDB", "sigma": "7.5103E-5", "name": "tp", "label": "tp"}, {"label": "period", "title": "sidereal orbital period", "value": "343.3532090912585", "units": "d", "sigma": "6.5774E-6", "name": "per"}, {"units": "deg/d", "value": "1.048482992055907", "title": "mean motion", "name": "n", "sigma": "2.0085E-8", "label": "n"}, {"label": "Q", "name": "ad", "sigma": "1.4656E-8", "title": "aphelion distance", "value": "1.147640852540819", "units": "au"}], "epoch": "2461200.5"}