{"spkid": "50513405", "covariance": {"epoch": "2458336.5", "labels": ["e", "q", "tp", "node", "peri", "i"], "data": [["8.892507459168453E-15", "-2.107474230795572E-14", "8.838181348723778E-13", "-3.058158752402997E-12", "5.651498073181718E-12", "-4.298950196999666E-13"], ["-2.107474230795572E-14", "4.994983087372734E-14", "-2.057047248856701E-12", "7.336301320363635E-12", "-1.345168320704846E-11", "1.040432561117517E-12"], ["8.838181348723778E-13", "-2.057047248856701E-12", "4.965039990522088E-10", "5.84751646486042E-10", "9.438209281382734E-12", "1.797246506702666E-10"], ["-3.058158752402997E-12", "7.336301320363635E-12", "5.84751646486042E-10", "1.209026668725826E-8", "-1.219937135655842E-8", "1.726465201021595E-9"], ["5.651498073181718E-12", "-1.345168320704846E-11", "9.438209281382734E-12", "-1.219937135655842E-8", "1.334749478583249E-8", "-1.662670077849141E-9"], ["-4.298950196999666E-13", "1.040432561117517E-12", "1.797246506702666E-10", "1.726465201021595E-9", "-1.662670077849141E-9", "2.890975346142158E-10"]], "elements": [{"name": "e", "sigma": 9.43000925724278e-08, "units": null, "value": ".6316943475757441", "title": "eccentricity", "label": "e"}, {"name": "q", "sigma": 2.23494588018877e-07, "value": ".8765574170348136", "title": "perihelion distance", "units": "au", "label": "q"}, {"label": "tp", "name": "tp", "sigma": 2.22823696911304e-05, "value": "2458034.801040392852", "title": "time of perihelion passage", "units": "TDB"}, {"label": "node", "sigma": 0.000109955748768576, "name": "om", "units": "deg", "title": "longitude of the ascending node", "value": "166.1985641309479"}, {"label": "peri", "sigma": 0.000115531358452294, "name": "w", "units": "deg", "title": "argument of perihelion", "value": "105.2518137609651"}, {"units": "deg", "value": "5.076181052013911", "title": "inclination", "sigma": 1.70028684231284e-05, "name": "i", "label": "i"}]}, "elements": [{"label": "e", "name": "e", "sigma": "9.32E-8", "value": ".6313947065066621", "title": "eccentricity", "units": null}, {"label": "a", "sigma": "9.2482E-9", "name": "a", "value": "2.379999608630075", "title": "semi-major axis", "units": "au"}, {"label": "q", "name": "q", "sigma": "2.192E-7", "units": "au", "value": ".8772804542531184", "title": "perihelion distance"}, {"label": "i", "value": "5.075202441469136", "title": "inclination; angle with respect to x-y ecliptic plane", "units": "deg", "name": "i", "sigma": "1.6996E-5"}, {"name": "om", "sigma": ".00011016", "title": "longitude of the ascending node", "value": "166.0567719572488", "units": "deg", "label": "node"}, {"value": "105.376941462372", "title": "argument of perihelion", "units": "deg", "name": "w", "sigma": ".00011573", "label": "peri"}, {"units": "deg", "value": "130.0580828176593", "title": "mean anomaly", "sigma": "9.262E-6", "name": "ma", "label": "M"}, {"sigma": "3.1923E-5", "name": "tp", "title": "time of perihelion passage", "value": "2460715.994621678677", "units": "TDB", "label": "tp"}, {"sigma": "7.8169E-6", "name": "per", "title": "sidereal orbital period", "value": "1341.108006645115", "units": "d", "label": "period"}, {"label": "n", "sigma": "1.5646E-9", "name": "n", "units": "deg/d", "value": ".2684347556022484", "title": "mean motion"}, {"label": "Q", "value": "3.882718763007032", "title": "aphelion distance", "units": "au", "name": "ad", "sigma": "1.5087E-8"}], "epoch": "2461200.5"}