{"spkid": "50520689", "covariance": {"data": [["2.855710104756165E-15", "-4.85462826900565E-15", "3.853369720272869E-13", "-1.251724512528968E-14", "6.583024198254239E-13", "4.152454726779182E-14"], ["-4.85462826900565E-15", "8.257385403672532E-15", "-6.379238986085258E-13", "1.875971318981732E-14", "-1.11454103531243E-12", "-6.770792606425715E-14"], ["3.853369720272869E-13", "-6.379238986085258E-13", "1.30572686461846E-10", "-2.567184784558147E-11", "1.332445292888452E-10", "3.425921850468258E-11"], ["-1.251724512528968E-14", "1.875971318981732E-14", "-2.567184784558147E-11", "2.836966976768872E-10", "-2.961296381669532E-10", "7.75625268046324E-11"], ["6.583024198254239E-13", "-1.11454103531243E-12", "1.332445292888452E-10", "-2.961296381669532E-10", "4.676971568122424E-10", "-5.283960150707168E-11"], ["4.152454726779182E-14", "-6.770792606425715E-14", "3.425921850468258E-11", "7.75625268046324E-11", "-5.283960150707168E-11", "1.16854985656915E-10"]], "elements": [{"label": "e", "name": "e", "sigma": 5.34388445305114e-08, "units": null, "title": "eccentricity", "value": ".5445256228683842"}, {"units": "au", "title": "perihelion distance", "value": ".7845049473525794", "sigma": 9.08701568375038e-08, "name": "q", "label": "q"}, {"label": "tp", "title": "time of perihelion passage", "value": "2457040.974295455171", "units": "TDB", "name": "tp", "sigma": 1.14268406159291e-05}, {"label": "node", "name": "om", "sigma": 1.68432983016061e-05, "value": "225.4458707298403", "title": "longitude of the ascending node", "units": "deg"}, {"label": "peri", "value": "86.90566224814333", "title": "argument of perihelion", "units": "deg", "name": "w", "sigma": 2.16263070544243e-05}, {"units": "deg", "value": "7.210210921135653", "title": "inclination", "name": "i", "sigma": 1.08099484576438e-05, "label": "i"}], "labels": ["e", "q", "tp", "node", "peri", "i"], "epoch": "2457147.5"}, "elements": [{"label": "e", "units": null, "value": ".5445140473444874", "title": "eccentricity", "sigma": "5.3082E-8", "name": "e"}, {"sigma": "5.1306E-9", "name": "a", "title": "semi-major axis", "value": "1.722599834062586", "units": "au", "label": "a"}, {"units": "au", "value": ".7846200264622251", "title": "perihelion distance", "sigma": "9.0262E-8", "name": "q", "label": "q"}, {"label": "i", "units": "deg", "title": "inclination; angle with respect to x-y ecliptic plane", "value": "7.209848931376304", "name": "i", "sigma": "1.0809E-5"}, {"label": "node", "sigma": "1.6861E-5", "name": "om", "title": "longitude of the ascending node", "value": "225.2933807859951", "units": "deg"}, {"label": "peri", "title": "argument of perihelion", "value": "87.04013047469566", "units": "deg", "sigma": "2.166E-5", "name": "w"}, {"title": "mean anomaly", "value": "13.01025951172708", "units": "deg", "name": "ma", "sigma": "1.3033E-5", "label": "M"}, {"label": "tp", "sigma": "2.9764E-5", "name": "tp", "value": "2461170.655899963617", "title": "time of perihelion passage", "units": "TDB"}, {"sigma": "3.6893E-6", "name": "per", "title": "sidereal orbital period", "value": "825.8002850299417", "units": "d", "label": "period"}, {"label": "n", "units": "deg/d", "title": "mean motion", "value": ".4359407553206974", "name": "n", "sigma": "1.9476E-9"}, {"value": "2.660579641662947", "title": "aphelion distance", "units": "au", "sigma": "7.9243E-9", "name": "ad", "label": "Q"}], "epoch": "2461200.5"}