{"spkid": "50549056", "covariance": {"elements": [{"name": "e", "sigma": 1.49932352570001e-07, "units": null, "title": "eccentricity", "value": ".6712981076065284", "label": "e"}, {"label": "q", "units": "au", "title": "perihelion distance", "value": ".7710902270510738", "name": "q", "sigma": 3.8217688760778e-07}, {"value": "2456713.265070580242", "title": "time of perihelion passage", "units": "TDB", "sigma": 0.000105390655641023, "name": "tp", "label": "tp"}, {"name": "om", "sigma": 0.000168416107498664, "units": "deg", "title": "longitude of the ascending node", "value": "233.1278580344655", "label": "node"}, {"label": "peri", "units": "deg", "title": "argument of perihelion", "value": "69.23326116237678", "name": "w", "sigma": 0.000177190996434861}, {"sigma": 1.21235424440148e-05, "name": "i", "value": "3.332396265007138", "title": "inclination", "units": "deg", "label": "i"}], "data": [["2.247971034717514E-14", "-5.726281522283396E-14", "9.24837133919545E-12", "-7.236527336619822E-12", "9.352247878485626E-12", "1.388007372655016E-13"], ["-5.726281522283396E-14", "1.460591734215697E-13", "-2.294861882188361E-11", "1.839751917580001E-11", "-2.366874417326773E-11", "-3.45988622020489E-13"], ["9.24837133919545E-12", "-2.294861882188361E-11", "1.110719029644459E-8", "-5.306364579127451E-9", "7.886750689458916E-9", "1.52466508304985E-10"], ["-7.236527336619822E-12", "1.839751917580001E-11", "-5.306364579127451E-9", "2.836398526500165E-8", "-2.955481816504967E-8", "-1.065917917362708E-9"], ["9.352247878485626E-12", "-2.366874417326773E-11", "7.886750689458916E-9", "-2.955481816504967E-8", "3.139664921757896E-8", "1.099418005886408E-9"], ["1.388007372655016E-13", "-3.45988622020489E-13", "1.52466508304985E-10", "-1.065917917362708E-9", "1.099418005886408E-9", "1.46980281391828E-10"]], "labels": ["e", "q", "tp", "node", "peri", "i"], "epoch": "2456910.5"}, "elements": [{"label": "e", "value": ".6687483729312729", "title": "eccentricity", "units": null, "sigma": "1.5198E-7", "name": "e"}, {"sigma": "9.5018E-8", "name": "a", "units": "au", "title": "semi-major axis", "value": "2.354352262140382", "label": "a"}, {"label": "q", "sigma": "3.866E-7", "name": "q", "value": ".77988301752694", "title": "perihelion distance", "units": "au"}, {"label": "i", "sigma": "1.2083E-5", "name": "i", "units": "deg", "value": "3.302528478337991", "title": "inclination; angle with respect to x-y ecliptic plane"}, {"name": "om", "sigma": ".00017086", "title": "longitude of the ascending node", "value": "232.2417494668767", "units": "deg", "label": "node"}, {"label": "peri", "name": "w", "sigma": ".00017984", "value": "70.30418839134258", "title": "argument of perihelion", "units": "deg"}, {"value": "148.6014618564645", "title": "mean anomaly", "units": "deg", "sigma": "7.2304E-5", "name": "ma", "label": "M"}, {"name": "tp", "sigma": ".00023503", "units": "TDB", "title": "time of perihelion passage", "value": "2460655.839133364316", "label": "tp"}, {"label": "period", "units": "d", "value": "1319.488446070872", "title": "sidereal orbital period", "sigma": "7.9879E-5", "name": "per"}, {"label": "n", "value": ".2728330066640567", "title": "mean motion", "units": "deg/d", "sigma": "1.6517E-8", "name": "n"}, {"label": "Q", "sigma": "1.5856E-7", "name": "ad", "value": "3.928821506753824", "title": "aphelion distance", "units": "au"}], "epoch": "2461200.5"}