{"spkid": "50549719", "covariance": {"elements": [{"label": "e", "units": null, "value": ".09955610651766968", "title": "eccentricity", "sigma": 1.26080243882575e-08, "name": "e"}, {"label": "q", "units": "au", "title": "perihelion distance", "value": ".9590533455336457", "sigma": 1.24132494796065e-08, "name": "q"}, {"sigma": 6.23098033231264e-06, "name": "tp", "units": "TDB", "value": "2455956.534607879960", "title": "time of perihelion passage", "label": "tp"}, {"label": "node", "name": "om", "sigma": 3.36870094649377e-06, "title": "longitude of the ascending node", "value": "211.3726433789714", "units": "deg"}, {"name": "w", "sigma": 7.73555979166573e-06, "value": "244.7413017637529", "title": "argument of perihelion", "units": "deg", "label": "peri"}, {"sigma": 1.3967593291637e-05, "name": "i", "units": "deg", "value": "9.315238028884297", "title": "inclination", "label": "i"}], "data": [["1.589622789748958E-16", "-1.54508232849626E-16", "4.457632620830606E-14", "-5.135384295855015E-15", "5.54462848325583E-14", "-2.824283944482238E-15"], ["-1.54508232849626E-16", "1.540887626429502E-16", "-4.27620394672429E-14", "4.847962681213055E-15", "-5.604755876073412E-14", "2.22539484292169E-15"], ["4.457632620830606E-14", "-4.27620394672429E-14", "3.882511590166694E-11", "-8.205201251725746E-12", "4.353560381392021E-11", "1.17990058885034E-11"], ["-5.135384295855015E-15", "4.847962681213055E-15", "-8.205201251725746E-12", "1.134814606690804E-11", "-1.809870819134194E-11", "3.808693336648558E-11"], ["5.54462848325583E-14", "-5.604755876073412E-14", "4.353560381392021E-11", "-1.809870819134194E-11", "5.983888529043549E-11", "-2.685920693754761E-11"], ["-2.824283944482238E-15", "2.22539484292169E-15", "1.17990058885034E-11", "3.808693336648558E-11", "-2.685920693754761E-11", "1.950936623605839E-10"]], "labels": ["e", "q", "tp", "node", "peri", "i"], "epoch": "2456025.5"}, "elements": [{"name": "e", "sigma": "1.1922E-8", "value": ".0990407267743581", "title": "eccentricity", "units": null, "label": "e"}, {"name": "a", "sigma": "3.2659E-9", "title": "semi-major axis", "value": "1.063627511825278", "units": "au", "label": "a"}, {"units": "au", "title": "perihelion distance", "value": ".9582850700369002", "name": "q", "sigma": "1.3833E-8", "label": "q"}, {"label": "i", "units": "deg", "title": "inclination; angle with respect to x-y ecliptic plane", "value": "9.315718302828701", "sigma": "1.3971E-5", "name": "i"}, {"label": "node", "sigma": "3.5387E-6", "name": "om", "value": "211.2348178891107", "title": "longitude of the ascending node", "units": "deg"}, {"label": "peri", "title": "argument of perihelion", "value": "245.2351982097254", "units": "deg", "sigma": "8.7069E-6", "name": "w"}, {"label": "M", "name": "ma", "sigma": "1.1201E-5", "value": "24.89791090733658", "title": "mean anomaly", "units": "deg"}, {"name": "tp", "sigma": "1.2544E-5", "value": "2461172.789575548880", "title": "time of perihelion passage", "units": "TDB", "label": "tp"}, {"name": "per", "sigma": "1.8454E-6", "units": "d", "value": "400.6662582868976", "title": "sidereal orbital period", "label": "period"}, {"label": "n", "sigma": "4.1383E-9", "name": "n", "units": "deg/d", "value": ".8985034116404719", "title": "mean motion"}, {"units": "au", "title": "aphelion distance", "value": "1.168969953613656", "name": "ad", "sigma": "3.5893E-9", "label": "Q"}], "epoch": "2461200.5"}