{"spkid": "50557866", "covariance": {"epoch": "2457746.5", "data": [["3.753584153513543E-15", "-3.585694712547012E-15", "4.788958239392598E-12", "-2.491509168763413E-13", "4.752794027875719E-12", "2.113996997218061E-13"], ["-3.585694712547012E-15", "3.427927180101037E-15", "-4.608444494757691E-12", "2.357794354797591E-13", "-4.573814872960153E-12", "-1.932622580166588E-13"], ["4.788958239392598E-12", "-4.608444494757691E-12", "1.568094019492452E-8", "-3.697035768596263E-10", "1.536158266993545E-8", "8.548035047158236E-11"], ["-2.491509168763413E-13", "2.357794354797591E-13", "-3.697035768596263E-10", "7.016847308070745E-10", "-9.942497534068317E-10", "-1.336454920194171E-10"], ["4.752794027875719E-12", "-4.573814872960153E-12", "1.536158266993545E-8", "-9.942497534068317E-10", "1.566461082620331E-8", "2.328863382446531E-10"], ["2.113996997218061E-13", "-1.932622580166588E-13", "8.548035047158236E-11", "-1.336454920194171E-10", "2.328863382446531E-10", "1.555005027707562E-10"]], "elements": [{"label": "e", "name": "e", "sigma": 6.12665010712505e-08, "value": ".0498235029804992", "title": "eccentricity", "units": null}, {"label": "q", "value": ".909125488438256", "title": "perihelion distance", "units": "au", "sigma": 5.85485027998243e-08, "name": "q"}, {"name": "tp", "sigma": 0.000125223560861862, "units": "TDB", "title": "time of perihelion passage", "value": "2457883.500890136133", "label": "tp"}, {"label": "node", "name": "om", "sigma": 2.6489332396402e-05, "title": "longitude of the ascending node", "value": "35.14387500186576", "units": "deg"}, {"title": "argument of perihelion", "value": "350.7352036539421", "units": "deg", "name": "w", "sigma": 0.000125158343014772, "label": "peri"}, {"sigma": 1.24699840725943e-05, "name": "i", "title": "inclination", "value": "10.59413697938415", "units": "deg", "label": "i"}], "labels": ["e", "q", "tp", "node", "peri", "i"]}, "elements": [{"label": "e", "sigma": "6.0926E-8", "name": "e", "units": null, "value": ".04947133455912753", "title": "eccentricity"}, {"label": "a", "units": "au", "value": ".9571183869098966", "title": "semi-major axis", "sigma": "1.0019E-9", "name": "a"}, {"value": ".9097684629783847", "title": "perihelion distance", "units": "au", "name": "q", "sigma": "5.8739E-8", "label": "q"}, {"units": "deg", "value": "10.5938049360851", "title": "inclination; angle with respect to x-y ecliptic plane", "name": "i", "sigma": "1.2471E-5", "label": "i"}, {"sigma": "2.6405E-5", "name": "om", "units": "deg", "value": "35.03318368803823", "title": "longitude of the ascending node", "label": "node"}, {"label": "peri", "title": "argument of perihelion", "value": "350.4476117838964", "units": "deg", "name": "w", "sigma": ".00012563"}, {"label": "M", "units": "deg", "title": "mean anomaly", "value": "253.1314565042448", "name": "ma", "sigma": ".00013082"}, {"name": "tp", "sigma": ".00012418", "title": "time of perihelion passage", "value": "2461302.029981178970", "units": "TDB", "label": "tp"}, {"name": "per", "sigma": "5.3704E-7", "units": "d", "value": "342.0163878801336", "title": "sidereal orbital period", "label": "period"}, {"label": "n", "name": "n", "sigma": "1.6528E-9", "units": "deg/d", "title": "mean motion", "value": "1.052581141597721"}, {"sigma": "1.0515E-9", "name": "ad", "title": "aphelion distance", "value": "1.004468310841409", "units": "au", "label": "Q"}], "epoch": "2461200.5"}