{"spkid": "50559622", "covariance": {"epoch": "2459644.5", "labels": ["e", "q", "tp", "node", "peri", "i"], "data": [["1.419463723112674E-13", "-2.402350840050172E-13", "-6.081157081081642E-11", "1.763839629030754E-10", "-2.053133965410623E-10", "-6.132768731817505E-12"], ["-2.402350840050172E-13", "4.065930123942351E-13", "1.026323557183159E-10", "-2.975976375419716E-10", "3.463887020568354E-10", "1.035683002384252E-11"], ["-6.081157081081642E-11", "1.026323557183159E-10", "3.763295080368926E-8", "-1.151073279634444E-7", "1.344905051331239E-7", "3.591189775408058E-9"], ["1.763839629030754E-10", "-2.975976375419716E-10", "-1.151073279634444E-7", "5.263590747584862E-7", "-5.860322261825598E-7", "-1.270133673655265E-8"], ["-2.053133965410623E-10", "3.463887020568354E-10", "1.344905051331239E-7", "-5.860322261825598E-7", "6.558443947446492E-7", "1.453248357266394E-8"], ["-6.132768731817505E-12", "1.035683002384252E-11", "3.591189775408058E-9", "-1.270133673655265E-8", "1.453248357266394E-8", "3.854272306619192E-10"]], "elements": [{"label": "e", "sigma": 3.76757710354105e-07, "name": "e", "title": "eccentricity", "value": ".5401224801487484", "units": null}, {"label": "q", "units": "au", "value": ".7605678806063627", "title": "perihelion distance", "sigma": 6.37646463484457e-07, "name": "q"}, {"units": "TDB", "title": "time of perihelion passage", "value": "2459434.739709562105", "name": "tp", "sigma": 0.00019399214108744, "label": "tp"}, {"label": "node", "sigma": 0.000725506081820467, "name": "om", "units": "deg", "title": "longitude of the ascending node", "value": "50.25099729736824"}, {"title": "argument of perihelion", "value": "17.15801580902898", "units": "deg", "name": "w", "sigma": 0.000809842203607993, "label": "peri"}, {"label": "i", "name": "i", "sigma": 1.96323006971144e-05, "units": "deg", "value": "3.358816300555815", "title": "inclination"}]}, "elements": [{"name": "e", "sigma": "3.765E-7", "units": null, "title": "eccentricity", "value": ".5403782168171908", "label": "e"}, {"name": "a", "sigma": "3.1917E-8", "units": "au", "value": "1.653995773496369", "title": "semi-major axis", "label": "a"}, {"label": "q", "sigma": "6.3703E-7", "name": "q", "units": "au", "title": "perihelion distance", "value": ".7602124867912309"}, {"label": "i", "value": "3.361556534688509", "title": "inclination; angle with respect to x-y ecliptic plane", "units": "deg", "name": "i", "sigma": "1.9606E-5"}, {"label": "node", "title": "longitude of the ascending node", "value": "50.1688651761913", "units": "deg", "name": "om", "sigma": ".00072305"}, {"label": "peri", "sigma": ".00080715", "name": "w", "units": "deg", "title": "argument of perihelion", "value": "17.22688933885471"}, {"units": "deg", "title": "mean anomaly", "value": "98.31132972080529", "sigma": ".00010777", "name": "ma", "label": "M"}, {"label": "tp", "sigma": ".00022763", "name": "tp", "units": "TDB", "title": "time of perihelion passage", "value": "2460988.321639390434"}, {"label": "period", "units": "d", "value": "776.9624318617973", "title": "sidereal orbital period", "name": "per", "sigma": "2.249E-5"}, {"label": "n", "title": "mean motion", "value": ".4633428660602669", "units": "deg/d", "name": "n", "sigma": "1.3412E-8"}, {"sigma": "4.9165E-8", "name": "ad", "units": "au", "title": "aphelion distance", "value": "2.547779060201507", "label": "Q"}], "epoch": "2461200.5"}