{"spkid": "50550150", "covariance": {"epoch": "2456701.5", "labels": ["e", "q", "tp", "node", "peri", "i"], "data": [["2.440589264004526E-15", "-5.371184218283988E-15", "3.126002192359769E-13", "-4.648380237355875E-13", "9.53213806776442E-13", "1.061315623812694E-15"], ["-5.371184218283988E-15", "1.182636958374358E-14", "-7.132566710856885E-13", "1.035843526297625E-12", "-2.124988100871985E-12", "-3.544720933691172E-15"], ["3.126002192359769E-13", "-7.132566710856885E-13", "3.89006483131964E-10", "-2.640800501588678E-10", "5.119361821757486E-10", "6.178463462117545E-12"], ["-4.648380237355875E-13", "1.035843526297625E-12", "-2.640800501588678E-10", "1.645836914107907E-7", "-1.647120696615818E-7", "5.048408170568544E-9"], ["9.53213806776442E-13", "-2.124988100871985E-12", "5.119361821757486E-10", "-1.647120696615818E-7", "1.650862047552581E-7", "-5.044033882787325E-9"], ["1.061315623812694E-15", "-3.544720933691172E-15", "6.178463462117545E-12", "5.048408170568544E-9", "-5.044033882787325E-9", "2.244143138272582E-10"]], "elements": [{"name": "e", "sigma": 4.94023204313778e-08, "units": null, "title": "eccentricity", "value": ".7005692697295249", "label": "e"}, {"value": ".6540695749286909", "title": "perihelion distance", "units": "au", "sigma": 1.08749113025089e-07, "name": "q", "label": "q"}, {"label": "tp", "sigma": 1.97232472765507e-05, "name": "tp", "units": "TDB", "value": "2456770.198034849338", "title": "time of perihelion passage"}, {"title": "longitude of the ascending node", "value": "11.55034312283394", "units": "deg", "name": "om", "sigma": 0.000405689156141486, "label": "node"}, {"sigma": 0.000406308017094492, "name": "w", "value": "135.4076963491227", "title": "argument of perihelion", "units": "deg", "label": "peri"}, {"label": "i", "name": "i", "sigma": 1.49804644062612e-05, "title": "inclination", "value": "1.868866442742451", "units": "deg"}]}, "elements": [{"title": "eccentricity", "value": ".6974317534890314", "units": null, "name": "e", "sigma": "4.8197E-8", "label": "e"}, {"units": "au", "title": "semi-major axis", "value": "2.189416806975927", "sigma": "6.3389E-9", "name": "a", "label": "a"}, {"sigma": "1.0556E-7", "name": "q", "value": ".6624480041683501", "title": "perihelion distance", "units": "au", "label": "q"}, {"label": "i", "sigma": "1.5141E-5", "name": "i", "title": "inclination; angle with respect to x-y ecliptic plane", "value": "1.861504517264115", "units": "deg"}, {"value": "11.57396622070785", "title": "longitude of the ascending node", "units": "deg", "name": "om", "sigma": ".00040144", "label": "node"}, {"units": "deg", "value": "135.4516857192498", "title": "argument of perihelion", "name": "w", "sigma": ".00040208", "label": "peri"}, {"sigma": "6.2804E-6", "name": "ma", "units": "deg", "title": "mean anomaly", "value": "270.2409379662345", "label": "M"}, {"name": "tp", "sigma": "2.1457E-5", "units": "TDB", "title": "time of perihelion passage", "value": "2461495.530491752184", "label": "tp"}, {"label": "period", "name": "per", "sigma": "5.1389E-6", "value": "1183.289738375741", "title": "sidereal orbital period", "units": "d"}, {"label": "n", "title": "mean motion", "value": ".3042365604337608", "units": "deg/d", "name": "n", "sigma": "1.3213E-9"}, {"label": "Q", "name": "ad", "sigma": "1.076E-8", "units": "au", "value": "3.716385609783505", "title": "aphelion distance"}], "epoch": "2461200.5"}