{"spkid": "50552601", "covariance": {"epoch": "2459149.5", "labels": ["e", "q", "tp", "node", "peri", "i"], "data": [["9.043693035314861E-15", "-9.466108320048666E-15", "-3.462984621632962E-13", "-1.409146059474119E-12", "2.172865622219308E-12", "-1.321808376617958E-14"], ["-9.466108320048666E-15", "9.909042653837319E-15", "3.507881088797347E-13", "1.442797029531102E-12", "-2.253652908710169E-12", "1.191008936985181E-14"], ["-3.462984621632962E-13", "3.507881088797347E-13", "2.710183143859317E-10", "3.922550068248079E-10", "-1.709966795439504E-10", "2.977876309713565E-11"], ["-1.409146059474119E-12", "1.442797029531102E-12", "3.922550068248079E-10", "8.086893099804696E-8", "-8.048984824118599E-8", "1.469167047464422E-9"], ["2.172865622219308E-12", "-2.253652908710169E-12", "-1.709966795439504E-10", "-8.048984824118599E-8", "8.042459255007051E-8", "-1.437225793195477E-9"], ["-1.321808376617958E-14", "1.191008936985181E-14", "2.977876309713565E-11", "1.469167047464422E-9", "-1.437225793195477E-9", "3.365522929554853E-11"]], "elements": [{"label": "e", "name": "e", "sigma": 9.50983335044041e-08, "title": "eccentricity", "value": ".2353756386140866", "units": null}, {"units": "au", "value": ".8000240137642548", "title": "perihelion distance", "sigma": 9.95441743842266e-08, "name": "q", "label": "q"}, {"units": "TDB", "title": "time of perihelion passage", "value": "2459142.431276429413", "sigma": 1.64626338836145e-05, "name": "tp", "label": "tp"}, {"label": "node", "name": "om", "sigma": 0.000284374631424899, "units": "deg", "value": "20.44477855582145", "title": "longitude of the ascending node"}, {"units": "deg", "value": "159.1266891736203", "title": "argument of perihelion", "name": "w", "sigma": 0.00028359229987796, "label": "peri"}, {"label": "i", "name": "i", "sigma": 5.80131272175087e-06, "units": "deg", "title": "inclination", "value": "1.562500872145296"}]}, "elements": [{"label": "e", "sigma": "9.546E-8", "name": "e", "value": ".235378278927811", "title": "eccentricity", "units": null}, {"label": "a", "sigma": "1.559E-9", "name": "a", "title": "semi-major axis", "value": "1.045469142499909", "units": "au"}, {"label": "q", "name": "q", "sigma": "9.924E-8", "value": ".7993884150661459", "title": "perihelion distance", "units": "au"}, {"units": "deg", "title": "inclination; angle with respect to x-y ecliptic plane", "value": "1.557874688123855", "sigma": "5.7609E-6", "name": "i", "label": "i"}, {"label": "node", "units": "deg", "value": "20.03239869259839", "title": "longitude of the ascending node", "name": "om", "sigma": ".00028648"}, {"name": "w", "sigma": ".0002858", "value": "159.7714785142203", "title": "argument of perihelion", "units": "deg", "label": "peri"}, {"label": "M", "title": "mean anomaly", "value": "95.00716119536784", "units": "deg", "name": "ma", "sigma": "1.2639E-5"}, {"value": "2461097.456857201450", "title": "time of perihelion passage", "units": "TDB", "sigma": "1.373E-5", "name": "tp", "label": "tp"}, {"label": "period", "title": "sidereal orbital period", "value": "390.4498454721401", "units": "d", "name": "per", "sigma": "8.7334E-7"}, {"label": "n", "sigma": "2.0623E-9", "name": "n", "value": ".9220134267556963", "title": "mean motion", "units": "deg/d"}, {"label": "Q", "title": "aphelion distance", "value": "1.291549869933672", "units": "au", "sigma": "1.9259E-9", "name": "ad"}], "epoch": "2461200.5"}