{"spkid": "50552187", "covariance": {"epoch": "2460372.5", "data": [["3.77723550612764E-14", "-3.082176196969586E-14", "-5.161975267774353E-12", "9.046844829699634E-14", "-1.919676931206599E-12", "1.150684870072638E-12"], ["-3.082176196969586E-14", "2.51502417117423E-14", "4.212039770000116E-12", "-7.379720802350656E-14", "1.566383333925082E-12", "-9.38893391346925E-13"], ["-5.161975267774353E-12", "4.212039770000116E-12", "7.08033108512265E-10", "-1.073082666893847E-11", "2.629967420248117E-10", "-1.437040402768367E-10"], ["9.046844829699634E-14", "-7.379720802350656E-14", "-1.073082666893847E-11", "4.212674333257068E-12", "-7.162269217869485E-12", "1.808593452781859E-11"], ["-1.919676931206599E-12", "1.566383333925082E-12", "2.629967420248117E-10", "-7.162269217869485E-12", "1.007598722177507E-10", "-6.11148284100361E-11"], ["1.150684870072638E-12", "-9.38893391346925E-13", "-1.437040402768367E-10", "1.808593452781859E-11", "-6.11148284100361E-11", "1.345396042040507E-10"]], "elements": [{"label": "e", "title": "eccentricity", "value": ".3433741821641919", "units": null, "sigma": 1.94351112837762e-07, "name": "e"}, {"units": "au", "title": "perihelion distance", "value": ".535622526361642", "name": "q", "sigma": 1.58588277346537e-07, "label": "q"}, {"label": "tp", "units": "TDB", "title": "time of perihelion passage", "value": "2460451.268382734005", "name": "tp", "sigma": 2.66088915310703e-05}, {"label": "node", "name": "om", "sigma": 2.0524800445454e-06, "units": "deg", "title": "longitude of the ascending node", "value": "57.55123385353752"}, {"units": "deg", "title": "argument of perihelion", "value": "144.1424951755201", "name": "w", "sigma": 1.00379217080903e-05, "label": "peri"}, {"label": "i", "value": "7.56278421353749", "title": "inclination", "units": "deg", "sigma": 1.15991208375485e-05, "name": "i"}], "labels": ["e", "q", "tp", "node", "peri", "i"]}, "elements": [{"label": "e", "units": null, "value": ".3426987214730354", "title": "eccentricity", "name": "e", "sigma": "1.9705E-7"}, {"sigma": "8.6135E-9", "name": "a", "title": "semi-major axis", "value": ".8183697917809073", "units": "au", "label": "a"}, {"name": "q", "sigma": "1.6594E-7", "units": "au", "title": "perihelion distance", "value": ".5379155104454362", "label": "q"}, {"label": "i", "sigma": "1.1917E-5", "name": "i", "units": "deg", "title": "inclination; angle with respect to x-y ecliptic plane", "value": "7.396273096312594"}, {"label": "node", "sigma": "2.2048E-6", "name": "om", "units": "deg", "title": "longitude of the ascending node", "value": "57.46946296942613"}, {"sigma": "8.2266E-6", "name": "w", "title": "argument of perihelion", "value": "143.5405948711253", "units": "deg", "label": "peri"}, {"name": "ma", "sigma": "4.2423E-5", "units": "deg", "value": "279.6493443329892", "title": "mean anomaly", "label": "M"}, {"units": "TDB", "title": "time of perihelion passage", "value": "2461260.854511079265", "sigma": "3.2691E-5", "name": "tp", "label": "tp"}, {"units": "d", "value": "270.4100396962431", "title": "sidereal orbital period", "name": "per", "sigma": "4.2692E-6", "label": "period"}, {"name": "n", "sigma": "2.1018E-8", "value": "1.331311516408174", "title": "mean motion", "units": "deg/d", "label": "n"}, {"label": "Q", "name": "ad", "sigma": "1.1565E-8", "units": "au", "value": "1.098824073116379", "title": "aphelion distance"}], "epoch": "2461200.5"}