{"spkid": "50556149", "covariance": {"epoch": "2456038.5", "labels": ["e", "q", "tp", "node", "peri", "i"], "elements": [{"label": "e", "sigma": 2.38951496997665e-06, "name": "e", "title": "eccentricity", "value": ".8041129649275526", "units": null}, {"units": "au", "value": ".3761905562506239", "title": "perihelion distance", "name": "q", "sigma": 4.60502758169798e-06, "label": "q"}, {"label": "tp", "value": "2456490.714657344278", "title": "time of perihelion passage", "units": "TDB", "name": "tp", "sigma": 0.000303354698092204}, {"label": "node", "sigma": 0.000463878408912977, "name": "om", "title": "longitude of the ascending node", "value": "302.9881509678135", "units": "deg"}, {"label": "peri", "sigma": 0.000658365054817838, "name": "w", "value": "62.43533601889714", "title": "argument of perihelion", "units": "deg"}, {"label": "i", "units": "deg", "title": "inclination", "value": "5.349398527400613", "sigma": 0.000176583922353683, "name": "i"}], "data": [["5.709781791742504E-12", "-1.100242784608613E-11", "6.556437945002382E-11", "1.915488094360972E-10", "-1.106807989603711E-9", "9.790254351809764E-11"], ["-1.100242784608613E-11", "2.120627902819913E-11", "-1.048035992531532E-10", "-3.958334637936414E-10", "2.160413610731391E-9", "-1.984520506478791E-10"], ["6.556437945002382E-11", "-1.048035992531532E-10", "9.202407285461216E-8", "-1.095989491803046E-7", "1.03616401833533E-7", "-4.004168335049617E-8"], ["1.915488094360972E-10", "-3.958334637936414E-10", "-1.095989491803046E-7", "2.151831782556349E-7", "-2.507618197625611E-7", "8.123322643964788E-8"], ["-1.106807989603711E-9", "2.160413610731391E-9", "1.03616401833533E-7", "-2.507618197625611E-7", "4.334445454052949E-7", "-9.876007088910237E-8"], ["9.790254351809764E-11", "-1.984520506478791E-10", "-4.004168335049617E-8", "8.123322643964788E-8", "-9.876007088910237E-8", "3.118188163381165E-8"]]}, "elements": [{"label": "e", "units": null, "title": "eccentricity", "value": ".8030903399757783", "sigma": "2.4079E-6", "name": "e"}, {"value": "1.92125448612072", "title": "semi-major axis", "units": "au", "sigma": "1.078E-7", "name": "a", "label": "a"}, {"label": "q", "title": "perihelion distance", "value": ".3783135676820418", "units": "au", "name": "q", "sigma": "4.6194E-6"}, {"name": "i", "sigma": ".00017494", "title": "inclination; angle with respect to x-y ecliptic plane", "value": "5.323076245512404", "units": "deg", "label": "i"}, {"name": "om", "sigma": ".00048064", "units": "deg", "title": "longitude of the ascending node", "value": "302.1595215471018", "label": "node"}, {"label": "peri", "name": "w", "sigma": ".00067226", "title": "argument of perihelion", "value": "63.29840288440271", "units": "deg"}, {"name": "ma", "sigma": ".00044162", "value": "303.3947139661745", "title": "mean anomaly", "units": "deg", "label": "M"}, {"label": "tp", "sigma": ".0012058", "name": "tp", "value": "2461353.443229813744", "title": "time of perihelion passage", "units": "TDB"}, {"label": "period", "name": "per", "sigma": "8.1862E-5", "title": "sidereal orbital period", "value": "972.6929513269469", "units": "d"}, {"name": "n", "sigma": "3.1148E-8", "title": "mean motion", "value": ".3701065166647793", "units": "deg/d", "label": "n"}, {"label": "Q", "name": "ad", "sigma": "1.9436E-7", "value": "3.464195404559399", "title": "aphelion distance", "units": "au"}], "epoch": "2461200.5"}