{"spkid": "50557504", "covariance": {"data": [["5.164348201613042E-16", "-9.194500021447073E-16", "1.281395425622336E-13", "2.412250071992401E-14", "1.248959988140848E-13", "-3.135011804609153E-16"], ["-9.194500021447073E-16", "1.645681224193234E-15", "-2.202171159772891E-13", "-3.752662467053607E-14", "-2.301252413313961E-13", "-2.268299165655229E-15"], ["1.281395425622336E-13", "-2.202171159772891E-13", "1.367056990766769E-10", "-5.891052968683822E-11", "1.791492775267229E-10", "2.40151140652957E-11"], ["2.412250071992401E-14", "-3.752662467053607E-14", "-5.891052968683822E-11", "5.966198162467142E-10", "-6.364865845105167E-10", "-3.337700003761065E-11"], ["1.248959988140848E-13", "-2.301252413313961E-13", "1.791492775267229E-10", "-6.364865845105167E-10", "7.997662631770736E-10", "5.296821339107295E-11"], ["-3.135011804609153E-16", "-2.268299165655229E-15", "2.40151140652957E-11", "-3.337700003761065E-11", "5.296821339107295E-11", "5.760194420891819E-11"]], "elements": [{"value": ".4641096368358407", "title": "eccentricity", "units": null, "sigma": 2.27252023128795e-08, "name": "e", "label": "e"}, {"sigma": 4.05669967361799e-08, "name": "q", "units": "au", "title": "perihelion distance", "value": ".9809661204022334", "label": "q"}, {"sigma": 1.16921212393935e-05, "name": "tp", "units": "TDB", "title": "time of perihelion passage", "value": "2456569.346170616224", "label": "tp"}, {"label": "node", "title": "longitude of the ascending node", "value": "343.5927593986101", "units": "deg", "sigma": 2.44258022641369e-05, "name": "om"}, {"label": "peri", "name": "w", "sigma": 2.82801390232982e-05, "units": "deg", "title": "argument of perihelion", "value": "221.2736653213354"}, {"sigma": 7.58959446933222e-06, "name": "i", "value": "4.750262684949741", "title": "inclination", "units": "deg", "label": "i"}], "labels": ["e", "q", "tp", "node", "peri", "i"], "epoch": "2456883.5"}, "elements": [{"label": "e", "name": "e", "sigma": "2.2515E-8", "value": ".4643390673990553", "title": "eccentricity", "units": null}, {"label": "a", "sigma": "5.3501E-9", "name": "a", "value": "1.829614400293299", "title": "semi-major axis", "units": "au"}, {"units": "au", "title": "perihelion distance", "value": ".9800529559612268", "name": "q", "sigma": "4.0177E-8", "label": "q"}, {"name": "i", "sigma": "7.5864E-6", "value": "4.745006850636704", "title": "inclination; angle with respect to x-y ecliptic plane", "units": "deg", "label": "i"}, {"value": "343.4746308207194", "title": "longitude of the ascending node", "units": "deg", "name": "om", "sigma": "2.4468E-5", "label": "node"}, {"units": "deg", "value": "221.4021172086005", "title": "argument of perihelion", "sigma": "2.8307E-5", "name": "w", "label": "peri"}, {"label": "M", "units": "deg", "value": "43.92518319682781", "title": "mean anomaly", "sigma": "1.1076E-5", "name": "ma"}, {"sigma": "2.736E-5", "name": "tp", "units": "TDB", "value": "2461090.206768273057", "title": "time of perihelion passage", "label": "tp"}, {"name": "per", "sigma": "3.9649E-6", "title": "sidereal orbital period", "value": "903.9362054286614", "units": "d", "label": "period"}, {"name": "n", "sigma": "1.7468E-9", "value": ".3982581932640723", "title": "mean motion", "units": "deg/d", "label": "n"}, {"label": "Q", "name": "ad", "sigma": "7.8343E-9", "units": "au", "value": "2.679175844625371", "title": "aphelion distance"}], "epoch": "2461200.5"}