{"spkid": "50559865", "covariance": {"data": [["6.372667510816634E-14", "-1.002889863298904E-13", "6.921727787037123E-12", "7.524530243065155E-13", "-5.802939318871211E-12", "6.088533978446293E-13"], ["-1.002889863298904E-13", "1.578625613802126E-13", "-1.055024418436534E-11", "-1.121680780520423E-12", "9.147692075721924E-12", "-9.228569082493662E-13"], ["6.921727787037123E-12", "-1.055024418436534E-11", "4.881275488932981E-9", "7.24607093955198E-10", "-2.638175996536285E-10", "4.140723849458596E-10"], ["7.524530243065155E-13", "-1.121680780520423E-12", "7.24607093955198E-10", "3.106898852036003E-9", "-2.997644048525375E-9", "1.01531841869761E-9"], ["-5.802939318871211E-12", "9.147692075721924E-12", "-2.638175996536285E-10", "-2.997644048525375E-9", "3.565147080955695E-9", "-9.80127338667515E-10"], ["6.088533978446293E-13", "-9.228569082493662E-13", "4.140723849458596E-10", "1.01531841869761E-9", "-9.80127338667515E-10", "6.92668454055717E-10"]], "elements": [{"sigma": 2.52441429064578e-07, "name": "e", "title": "eccentricity", "value": ".7859125322640721", "units": null, "label": "e"}, {"name": "q", "sigma": 3.97319218488374e-07, "units": "au", "value": ".3350346025586482", "title": "perihelion distance", "label": "q"}, {"units": "TDB", "value": "2457005.310684979191", "title": "time of perihelion passage", "sigma": 6.98661254753187e-05, "name": "tp", "label": "tp"}, {"name": "om", "sigma": 5.57395627183781e-05, "value": "175.2525232554252", "title": "longitude of the ascending node", "units": "deg", "label": "node"}, {"sigma": 5.97088526179803e-05, "name": "w", "value": "227.2316085248291", "title": "argument of perihelion", "units": "deg", "label": "peri"}, {"name": "i", "sigma": 2.63185952143293e-05, "value": "6.761494865429625", "title": "inclination", "units": "deg", "label": "i"}], "labels": ["e", "q", "tp", "node", "peri", "i"], "epoch": "2457335.5"}, "elements": [{"name": "e", "sigma": "2.5223E-7", "value": ".7859431292294928", "title": "eccentricity", "units": null, "label": "e"}, {"label": "a", "sigma": "2.1817E-8", "name": "a", "title": "semi-major axis", "value": "1.565310636868865", "units": "au"}, {"label": "q", "name": "q", "sigma": "3.9726E-7", "value": ".3350654967119388", "title": "perihelion distance", "units": "au"}, {"value": "6.746196805838953", "title": "inclination; angle with respect to x-y ecliptic plane", "units": "deg", "name": "i", "sigma": "2.6236E-5", "label": "i"}, {"value": "175.0635183717691", "title": "longitude of the ascending node", "units": "deg", "name": "om", "sigma": "5.5967E-5", "label": "node"}, {"label": "peri", "sigma": "5.9881E-5", "name": "w", "value": "227.4536439092461", "title": "argument of perihelion", "units": "deg"}, {"label": "M", "sigma": "7.6912E-5", "name": "ma", "units": "deg", "title": "mean anomaly", "value": "311.5805613571124"}, {"label": "tp", "sigma": ".0001546", "name": "tp", "title": "time of perihelion passage", "value": "2461296.709172850318", "units": "TDB"}, {"label": "period", "units": "d", "title": "sidereal orbital period", "value": "715.3181283567454", "sigma": "1.4955E-5", "name": "per"}, {"label": "n", "sigma": "1.0522E-8", "name": "n", "units": "deg/d", "title": "mean motion", "value": ".5032725800295387"}, {"name": "ad", "sigma": "3.8964E-8", "value": "2.795555777025791", "title": "aphelion distance", "units": "au", "label": "Q"}], "epoch": "2461200.5"}