{"spkid": "50553302", "covariance": {"labels": ["e", "q", "tp", "node", "peri", "i"], "data": [["1.530992301490166E-14", "-1.910312252525627E-14", "-1.571257162650346E-12", "4.277355699398901E-13", "-2.119672227716638E-12", "8.051061396064538E-14"], ["-1.910312252525627E-14", "2.383762422050547E-14", "1.966431465658862E-12", "-5.357121733661588E-13", "2.650428515470696E-12", "-1.057690246958607E-13"], ["-1.571257162650346E-12", "1.966431465658862E-12", "4.070639708221442E-10", "1.058280455910266E-10", "1.970740643591876E-10", "-6.196573589272308E-11"], ["4.277355699398901E-13", "-5.357121733661588E-13", "1.058280455910266E-10", "1.980226419587122E-9", "-1.960484558726369E-9", "3.763480261740935E-10"], ["-2.119672227716638E-12", "2.650428515470696E-12", "1.970740643591876E-10", "-1.960484558726369E-9", "2.203116551513863E-9", "-4.148988861092419E-10"], ["8.051061396064538E-14", "-1.057690246958607E-13", "-6.196573589272308E-11", "3.763480261740935E-10", "-4.148988861092419E-10", "1.333803478675139E-10"]], "elements": [{"label": "e", "name": "e", "sigma": 1.237332736773e-07, "title": "eccentricity", "value": ".4391296688960697", "units": null}, {"sigma": 1.54394378850091e-07, "name": "q", "units": "au", "value": ".7213805365663308", "title": "perihelion distance", "label": "q"}, {"label": "tp", "value": "2458827.426430229025", "title": "time of perihelion passage", "units": "TDB", "name": "tp", "sigma": 2.01758263975021e-05}, {"label": "node", "sigma": 4.4499735050752e-05, "name": "om", "value": "263.3618083200324", "title": "longitude of the ascending node", "units": "deg"}, {"label": "peri", "name": "w", "sigma": 4.69373683914412e-05, "units": "deg", "value": "285.8362523968956", "title": "argument of perihelion"}, {"label": "i", "units": "deg", "value": "5.533195419865356", "title": "inclination", "sigma": 1.15490409934121e-05, "name": "i"}], "epoch": "2458595.5"}, "elements": [{"label": "e", "name": "e", "sigma": "1.2379E-7", "value": ".4391158355736254", "title": "eccentricity", "units": null}, {"sigma": "8.7701E-9", "name": "a", "units": "au", "title": "semi-major axis", "value": "1.285893938525613", "label": "a"}, {"label": "q", "units": "au", "value": ".7212375472508782", "title": "perihelion distance", "sigma": "1.5437E-7", "name": "q"}, {"sigma": "1.1553E-5", "name": "i", "units": "deg", "value": "5.532803510403395", "title": "inclination; angle with respect to x-y ecliptic plane", "label": "i"}, {"label": "node", "name": "om", "sigma": "4.4538E-5", "units": "deg", "value": "263.2691687182004", "title": "longitude of the ascending node"}, {"name": "w", "sigma": "4.6969E-5", "value": "285.8974136340813", "title": "argument of perihelion", "units": "deg", "label": "peri"}, {"label": "M", "title": "mean anomaly", "value": "163.4857764334889", "units": "deg", "name": "ma", "sigma": "1.4018E-5"}, {"sigma": "1.9465E-5", "name": "tp", "value": "2460958.629098102427", "title": "time of perihelion passage", "units": "TDB", "label": "tp"}, {"label": "period", "units": "d", "title": "sidereal orbital period", "value": "532.6061176860259", "name": "per", "sigma": "5.4488E-6"}, {"label": "n", "title": "mean motion", "value": ".6759216389854198", "units": "deg/d", "sigma": "6.9149E-9", "name": "n"}, {"sigma": "1.2621E-8", "name": "ad", "title": "aphelion distance", "value": "1.850550329800347", "units": "au", "label": "Q"}], "epoch": "2461200.5"}