{"spkid": "50557219", "covariance": {"labels": ["e", "q", "tp", "node", "peri", "i"], "data": [["3.172955080972533E-15", "-3.514690659602961E-15", "-1.69157973476526E-13", "-7.222329165420412E-14", "-6.616765853200532E-14", "1.229149779533352E-13"], ["-3.514690659602961E-15", "3.904622820283051E-15", "1.676842361099324E-13", "7.74519698619648E-14", "5.389542892823668E-14", "-1.549335976446505E-13"], ["-1.69157973476526E-13", "1.676842361099324E-13", "9.330605988973243E-10", "1.093056380733956E-10", "6.76915833301998E-10", "4.646450885248412E-10"], ["-7.222329165420412E-14", "7.74519698619648E-14", "1.093056380733956E-10", "1.354562112877722E-10", "-3.000885858085155E-11", "-5.334690590283485E-11"], ["-6.616765853200532E-14", "5.389542892823668E-14", "6.76915833301998E-10", "-3.000885858085155E-11", "6.281689474308322E-10", "3.389850681353589E-10"], ["1.229149779533352E-13", "-1.549335976446505E-13", "4.646450885248412E-10", "-5.334690590283485E-11", "3.389850681353589E-10", "8.225714119499843E-10"]], "elements": [{"units": null, "title": "eccentricity", "value": ".115321088942048", "name": "e", "sigma": 5.63289897031052e-08, "label": "e"}, {"name": "q", "sigma": 6.24869812063525e-08, "value": ".9931851036923177", "title": "perihelion distance", "units": "au", "label": "q"}, {"sigma": 3.05460406419117e-05, "name": "tp", "value": "2458396.371715656151", "title": "time of perihelion passage", "units": "TDB", "label": "tp"}, {"label": "node", "sigma": 1.16385656885963e-05, "name": "om", "units": "deg", "value": "130.3270868576425", "title": "longitude of the ascending node"}, {"name": "w", "sigma": 2.506329881382e-05, "title": "argument of perihelion", "value": "171.2401003607322", "units": "deg", "label": "peri"}, {"name": "i", "sigma": 2.86805057826738e-05, "units": "deg", "value": "34.82322122691181", "title": "inclination", "label": "i"}], "epoch": "2458438.5"}, "elements": [{"sigma": "5.6349E-8", "name": "e", "value": ".1152434523413416", "title": "eccentricity", "units": null, "label": "e"}, {"sigma": "3.832E-9", "name": "a", "title": "semi-major axis", "value": "1.122579447150904", "units": "au", "label": "a"}, {"name": "q", "sigma": "6.2511E-8", "units": "au", "title": "perihelion distance", "value": ".993209516133799", "label": "q"}, {"units": "deg", "value": "34.82667827829833", "title": "inclination; angle with respect to x-y ecliptic plane", "name": "i", "sigma": "2.8681E-5", "label": "i"}, {"label": "node", "units": "deg", "title": "longitude of the ascending node", "value": "130.3062703753047", "name": "om", "sigma": "1.1635E-5"}, {"units": "deg", "value": "171.2640740525484", "title": "argument of perihelion", "sigma": "2.5056E-5", "name": "w", "label": "peri"}, {"name": "ma", "sigma": "2.5691E-5", "units": "deg", "value": "163.5483786802693", "title": "mean anomaly", "label": "M"}, {"value": "2461003.136063287446", "title": "time of perihelion passage", "units": "TDB", "sigma": "3.0745E-5", "name": "tp", "label": "tp"}, {"label": "period", "name": "per", "sigma": "2.2244E-6", "title": "sidereal orbital period", "value": "434.4342499134236", "units": "d"}, {"units": "deg/d", "value": ".8286639464354911", "title": "mean motion", "sigma": "4.243E-9", "name": "n", "label": "n"}, {"label": "Q", "units": "au", "title": "aphelion distance", "value": "1.251949378168009", "sigma": "4.2736E-9", "name": "ad"}], "epoch": "2461200.5"}