{"spkid": "50550255", "covariance": {"data": [["1.813109270412551E-16", "-1.911585186093558E-16", "1.105684411538985E-13", "9.819840375640572E-14", "2.230943728565003E-14", "1.568621212916563E-15"], ["-1.911585186093558E-16", "2.015979443003281E-16", "-1.159707662474197E-13", "-1.032345911617069E-13", "-2.327679426072467E-14", "-1.651021073037121E-15"], ["1.105684411538985E-13", "-1.159707662474197E-13", "1.740250896816957E-10", "3.781636556204426E-11", "1.428844032232168E-10", "1.716135365481795E-12"], ["9.819840375640572E-14", "-1.032345911617069E-13", "3.781636556204426E-11", "1.035370388870444E-9", "-9.903311863760342E-10", "3.78437826730312E-12"], ["2.230943728565003E-14", "-2.327679426072467E-14", "1.428844032232168E-10", "-9.903311863760342E-10", "1.133355421269608E-9", "-2.141417293213767E-12"], ["1.568621212916563E-15", "-1.651021073037121E-15", "1.716135365481795E-12", "3.78437826730312E-12", "-2.141417293213767E-12", "7.199524695699215E-13"]], "elements": [{"units": null, "value": ".05971332811018117", "title": "eccentricity", "sigma": 1.34651746012168e-08, "name": "e", "label": "e"}, {"label": "q", "value": ".9922292553264815", "title": "perihelion distance", "units": "au", "sigma": 1.41985190882827e-08, "name": "q"}, {"label": "tp", "sigma": 1.3191856945923e-05, "name": "tp", "units": "TDB", "title": "time of perihelion passage", "value": "2456333.159213563951"}, {"value": "32.28791973302177", "title": "longitude of the ascending node", "units": "deg", "name": "om", "sigma": 3.21771718594168e-05, "label": "node"}, {"label": "peri", "title": "argument of perihelion", "value": "47.23356277584375", "units": "deg", "sigma": 3.3665344514346e-05, "name": "w"}, {"sigma": 8.48500129387098e-07, "name": "i", "value": ".6244423872336069", "title": "inclination", "units": "deg", "label": "i"}], "labels": ["e", "q", "tp", "node", "peri", "i"], "epoch": "2456325.5"}, "elements": [{"sigma": "2.6952E-8", "name": "e", "value": ".07240106481383572", "title": "eccentricity", "units": null, "label": "e"}, {"label": "a", "name": "a", "sigma": "2.6388E-8", "units": "au", "value": "1.071040360845724", "title": "semi-major axis"}, {"label": "q", "sigma": "1.0801E-8", "name": "q", "units": "au", "value": ".9934958982618987", "title": "perihelion distance"}, {"label": "i", "name": "i", "sigma": "8.3896E-7", "title": "inclination; angle with respect to x-y ecliptic plane", "value": ".5887413195414659", "units": "deg"}, {"sigma": "4.7743E-5", "name": "om", "title": "longitude of the ascending node", "value": "22.45924293661131", "units": "deg", "label": "node"}, {"label": "peri", "sigma": "5.4151E-5", "name": "w", "title": "argument of perihelion", "value": "58.79373382569187", "units": "deg"}, {"label": "M", "units": "deg", "value": "86.47432434009015", "title": "mean anomaly", "name": "ma", "sigma": "3.5631E-5"}, {"sigma": "3.6722E-5", "name": "tp", "units": "TDB", "title": "time of perihelion passage", "value": "2461103.249496393448", "label": "tp"}, {"label": "period", "units": "d", "title": "sidereal orbital period", "value": "404.8621549290073", "name": "per", "sigma": "1.4962E-5"}, {"title": "mean motion", "value": ".889191532518336", "units": "deg/d", "sigma": "3.2861E-8", "name": "n", "label": "n"}, {"label": "Q", "sigma": "2.8299E-8", "name": "ad", "units": "au", "title": "aphelion distance", "value": "1.148584823429549"}], "epoch": "2461200.5"}