{"spkid": "50568352", "covariance": {"epoch": "2459659.5", "data": [["3.094423211158089E-15", "-3.253683352525247E-15", "-1.705465432258141E-13", "-3.106388974547217E-14", "2.531801077350044E-13", "-1.751229252642706E-15"], ["-3.253683352525247E-15", "3.421452937676693E-15", "1.787846459486774E-13", "3.216938194101351E-14", "-2.658451618424818E-13", "1.767624982819784E-15"], ["-1.705465432258141E-13", "1.787846459486774E-13", "1.141337754387635E-11", "1.913697795190734E-11", "-3.020946257388014E-11", "1.986206081084181E-12"], ["-3.106388974547217E-14", "3.216938194101351E-14", "1.913697795190734E-11", "4.620497360880568E-10", "-4.480787744698516E-10", "5.349967013171574E-11"], ["2.531801077350044E-13", "-2.658451618424818E-13", "-3.020946257388014E-11", "-4.480787744698516E-10", "4.512973333429333E-10", "-5.173229668341293E-11"], ["-1.751229252642706E-15", "1.767624982819784E-15", "1.986206081084181E-12", "5.349967013171574E-11", "-5.173229668341293E-11", "6.306177805315141E-12"]], "elements": [{"value": ".275124797766682", "title": "eccentricity", "units": null, "name": "e", "sigma": 5.56275400423036e-08, "label": "e"}, {"title": "perihelion distance", "value": ".7651721480336872", "units": "au", "name": "q", "sigma": 5.84931871047962e-08, "label": "q"}, {"label": "tp", "units": "TDB", "value": "2459798.888517939380", "title": "time of perihelion passage", "sigma": 3.37836906567005e-06, "name": "tp"}, {"label": "node", "value": "277.1054328906892", "title": "longitude of the ascending node", "units": "deg", "name": "om", "sigma": 2.1495342195184e-05}, {"label": "peri", "sigma": 2.12437598683221e-05, "name": "w", "title": "argument of perihelion", "value": "124.5274495041892", "units": "deg"}, {"sigma": 2.51121042633132e-06, "name": "i", "title": "inclination", "value": "3.261109689934925", "units": "deg", "label": "i"}], "labels": ["e", "q", "tp", "node", "peri", "i"]}, "elements": [{"label": "e", "value": ".2752211889980913", "title": "eccentricity", "units": null, "sigma": "5.5611E-8", "name": "e"}, {"units": "au", "value": "1.055613637498569", "title": "semi-major axis", "sigma": "1.3121E-9", "name": "a", "label": "a"}, {"label": "q", "units": "au", "title": "perihelion distance", "value": ".7650863970636123", "name": "q", "sigma": "5.8239E-8"}, {"label": "i", "units": "deg", "value": "3.218648950513844", "title": "inclination; angle with respect to x-y ecliptic plane", "name": "i", "sigma": "2.506E-6"}, {"value": "276.6738973700536", "title": "longitude of the ascending node", "units": "deg", "sigma": "2.2086E-5", "name": "om", "label": "node"}, {"units": "deg", "value": "124.8745622380962", "title": "argument of perihelion", "name": "w", "sigma": "2.1801E-5", "label": "peri"}, {"label": "M", "units": "deg", "title": "mean anomaly", "value": "193.7567029871453", "sigma": "2.3042E-6", "name": "ma"}, {"value": "2461383.435317253441", "title": "time of perihelion passage", "units": "TDB", "sigma": "2.5341E-6", "name": "tp", "label": "tp"}, {"units": "d", "value": "396.1465839199905", "title": "sidereal orbital period", "name": "per", "sigma": "7.3862E-7", "label": "period"}, {"label": "n", "units": "deg/d", "title": "mean motion", "value": ".9087545232315042", "sigma": "1.6944E-9", "name": "n"}, {"name": "ad", "sigma": "1.6733E-9", "units": "au", "title": "aphelion distance", "value": "1.346140877933525", "label": "Q"}], "epoch": "2461200.5"}