{"spkid": "50563880", "covariance": {"epoch": "2457473.5", "labels": ["e", "q", "tp", "node", "peri", "i"], "elements": [{"label": "e", "sigma": 9.06296787006256e-09, "name": "e", "units": null, "title": "eccentricity", "value": ".4810051628901947"}, {"label": "q", "sigma": 1.73935937100844e-08, "name": "q", "value": ".9980373077181151", "title": "perihelion distance", "units": "au"}, {"units": "TDB", "value": "2457682.564187117909", "title": "time of perihelion passage", "name": "tp", "sigma": 4.68456323547091e-06, "label": "tp"}, {"name": "om", "sigma": 1.26761621522425e-05, "title": "longitude of the ascending node", "value": "229.6874862511466", "units": "deg", "label": "node"}, {"name": "w", "sigma": 1.37177242621248e-05, "value": "46.03689045492953", "title": "argument of perihelion", "units": "deg", "label": "peri"}, {"sigma": 2.68054451047939e-06, "name": "i", "units": "deg", "value": "3.744219291038146", "title": "inclination", "label": "i"}], "data": [["8.213738661378623E-17", "-1.576128863285685E-16", "3.19078319578661E-14", "-9.042218585131816E-15", "5.183792729743139E-14", "4.050549753469649E-15"], ["-1.576128863285685E-16", "3.025371021514887E-16", "-6.094999081975449E-14", "1.744837652522303E-14", "-9.927864486988633E-14", "-7.778710112618125E-15"], ["3.19078319578661E-14", "-6.094999081975449E-14", "2.19451327071257E-11", "2.410558087836781E-12", "2.367793841712712E-11", "-5.621725982865509E-13"], ["-9.042218585131816E-15", "1.744837652522303E-14", "2.410558087836781E-12", "1.606850869099447E-10", "-1.584184067061084E-10", "2.611904284955926E-11"], ["5.183792729743139E-14", "-9.927864486988633E-14", "2.367793841712712E-11", "-1.584184067061084E-10", "1.881759589316861E-10", "-2.628555035482017E-11"], ["4.050549753469649E-15", "-7.778710112618125E-15", "-5.621725982865509E-13", "2.611904284955926E-11", "-2.628555035482017E-11", "7.185318872661187E-12"]]}, "elements": [{"value": ".4797665771010989", "title": "eccentricity", "units": null, "sigma": "9.1812E-9", "name": "e", "label": "e"}, {"sigma": "1.8893E-9", "name": "a", "units": "au", "title": "semi-major axis", "value": "1.921238626706643", "label": "a"}, {"sigma": "1.7296E-8", "name": "q", "units": "au", "title": "perihelion distance", "value": ".9994925469771812", "label": "q"}, {"label": "i", "title": "inclination; angle with respect to x-y ecliptic plane", "value": "3.719408060225574", "units": "deg", "name": "i", "sigma": "2.6753E-6"}, {"label": "node", "sigma": "1.2863E-5", "name": "om", "units": "deg", "title": "longitude of the ascending node", "value": "229.4023034028806"}, {"label": "peri", "sigma": "1.3907E-5", "name": "w", "value": "46.46047191757433", "title": "argument of perihelion", "units": "deg"}, {"label": "M", "name": "ma", "sigma": "2.4217E-6", "value": "222.3300301472785", "title": "mean anomaly", "units": "deg"}, {"name": "tp", "sigma": "6.9459E-6", "title": "time of perihelion passage", "value": "2461572.469308880758", "units": "TDB", "label": "tp"}, {"label": "period", "name": "per", "sigma": "1.4348E-6", "title": "sidereal orbital period", "value": "972.6809073927149", "units": "d"}, {"label": "n", "sigma": "5.4595E-10", "name": "n", "title": "mean motion", "value": ".3701110993994785", "units": "deg/d"}, {"label": "Q", "sigma": "2.7958E-9", "name": "ad", "units": "au", "title": "aphelion distance", "value": "2.842984706436106"}], "epoch": "2461200.5"}