{"spkid": "50564613", "covariance": {"labels": ["e", "q", "tp", "node", "peri", "i"], "data": [["1.089098146697187E-14", "-1.320716502636018E-14", "-1.824076473983296E-12", "4.460638481605184E-14", "-1.772084995200723E-12", "-1.95338642264391E-13"], ["-1.320716502636018E-14", "1.60173481253374E-14", "2.212354681566756E-12", "-6.305660181190653E-14", "2.151932908500322E-12", "2.112480147236263E-13"], ["-1.824076473983296E-12", "2.212354681566756E-12", "5.808485260118466E-10", "1.767678676874248E-10", "3.904498266435729E-10", "4.720789650355019E-10"], ["4.460638481605184E-14", "-6.305660181190653E-14", "1.767678676874248E-10", "2.597442721528554E-10", "-5.117892089178581E-11", "6.98780792798445E-10"], ["-1.772084995200723E-12", "2.151932908500322E-12", "3.904498266435729E-10", "-5.117892089178581E-11", "4.272495075682346E-10", "-1.446772977730378E-10"], ["-1.95338642264391E-13", "2.112480147236263E-13", "4.720789650355019E-10", "6.98780792798445E-10", "-1.446772977730378E-10", "2.970595081175865E-9"]], "elements": [{"label": "e", "units": null, "title": "eccentricity", "value": ".2875524428086083", "name": "e", "sigma": 1.04359865211545e-07}, {"units": "au", "title": "perihelion distance", "value": ".8441714952041574", "sigma": 1.265596623152e-07, "name": "q", "label": "q"}, {"label": "tp", "sigma": 2.41007992815974e-05, "name": "tp", "units": "TDB", "value": "2458445.691438613845", "title": "time of perihelion passage"}, {"label": "node", "sigma": 1.6116583761854e-05, "name": "om", "title": "longitude of the ascending node", "value": "215.0302519167463", "units": "deg"}, {"label": "peri", "name": "w", "sigma": 2.06700146968558e-05, "units": "deg", "value": "286.1707781682634", "title": "argument of perihelion"}, {"name": "i", "sigma": 5.45031657904003e-05, "units": "deg", "value": "41.61599223124724", "title": "inclination", "label": "i"}], "epoch": "2458241.5"}, "elements": [{"label": "e", "sigma": "1.0453E-7", "name": "e", "value": ".287582409517214", "title": "eccentricity", "units": null}, {"title": "semi-major axis", "value": "1.184931142841371", "units": "au", "sigma": "4.1797E-9", "name": "a", "label": "a"}, {"label": "q", "value": ".8441657896710635", "title": "perihelion distance", "units": "au", "sigma": "1.2663E-7", "name": "q"}, {"label": "i", "sigma": "5.4501E-5", "name": "i", "units": "deg", "title": "inclination; angle with respect to x-y ecliptic plane", "value": "41.61542464576424"}, {"sigma": "1.6152E-5", "name": "om", "units": "deg", "title": "longitude of the ascending node", "value": "215.0018130291312", "label": "node"}, {"name": "w", "sigma": "2.0652E-5", "units": "deg", "value": "286.1832513041401", "title": "argument of perihelion", "label": "peri"}, {"units": "deg", "value": "304.8492134376659", "title": "mean anomaly", "name": "ma", "sigma": "2.7198E-5", "label": "M"}, {"label": "tp", "units": "TDB", "value": "2461272.675085618800", "title": "time of perihelion passage", "name": "tp", "sigma": "3.5927E-5"}, {"label": "period", "value": "471.1271124556101", "title": "sidereal orbital period", "units": "d", "name": "per", "sigma": "2.4928E-6"}, {"label": "n", "sigma": "4.0431E-9", "name": "n", "value": ".7641249898007503", "title": "mean motion", "units": "deg/d"}, {"label": "Q", "title": "aphelion distance", "value": "1.525696496011678", "units": "au", "sigma": "5.3818E-9", "name": "ad"}], "epoch": "2461200.5"}