{"spkid": "50564877", "covariance": {"epoch": "2456358.5", "elements": [{"label": "e", "sigma": 5.58137300637924e-08, "name": "e", "units": null, "value": ".4130854786788539", "title": "eccentricity"}, {"title": "perihelion distance", "value": ".7435819733991128", "units": "au", "name": "q", "sigma": 7.73719358284131e-08, "label": "q"}, {"title": "time of perihelion passage", "value": "2456144.934243817486", "units": "TDB", "sigma": 8.71415828512628e-06, "name": "tp", "label": "tp"}, {"label": "node", "sigma": 5.84910073663475e-05, "name": "om", "title": "longitude of the ascending node", "value": "216.5435040616902", "units": "deg"}, {"label": "peri", "sigma": 5.59947549709262e-05, "name": "w", "title": "argument of perihelion", "value": "277.574872317297", "units": "deg"}, {"name": "i", "sigma": 2.12205600938959e-05, "title": "inclination", "value": "2.594394714527056", "units": "deg", "label": "i"}], "data": [["3.115172463633888E-15", "-4.318088912575763E-15", "4.611595434133882E-13", "1.677528649452152E-12", "-1.13269895416263E-12", "4.106488645396924E-13"], ["-4.318088912575763E-15", "5.986416453836075E-15", "-6.386213841122525E-13", "-2.327191797537666E-12", "1.57248731659136E-12", "-5.705083942156283E-13"], ["4.611595434133882E-13", "-6.386213841122525E-13", "7.593655461823498E-11", "1.600115843198567E-10", "-7.200656587979923E-11", "1.639964290649257E-11"], ["1.677528649452152E-12", "-2.327191797537666E-12", "1.600115843198567E-10", "3.421197942730119E-9", "-3.226732431554268E-9", "1.145690031435751E-9"], ["-1.13269895416263E-12", "1.57248731659136E-12", "-7.200656587979923E-11", "-3.226732431554268E-9", "3.135412584254061E-9", "-1.1238323150422E-9"], ["4.106488645396924E-13", "-5.705083942156283E-13", "1.639964290649257E-11", "1.145690031435751E-9", "-1.1238323150422E-9", "4.503121706986459E-10"]], "labels": ["e", "q", "tp", "node", "peri", "i"]}, "elements": [{"label": "e", "sigma": "5.7048E-8", "name": "e", "units": null, "title": "eccentricity", "value": ".4127152667275679"}, {"name": "a", "sigma": "1.1503E-8", "units": "au", "title": "semi-major axis", "value": "1.264286282685231", "label": "a"}, {"label": "q", "name": "q", "sigma": "7.6402E-8", "units": "au", "title": "perihelion distance", "value": ".7424960323067906"}, {"name": "i", "sigma": "2.1211E-5", "units": "deg", "title": "inclination; angle with respect to x-y ecliptic plane", "value": "2.564826614390332", "label": "i"}, {"label": "node", "sigma": "6.0972E-5", "name": "om", "value": "216.2009075191736", "title": "longitude of the ascending node", "units": "deg"}, {"label": "peri", "name": "w", "sigma": "5.9194E-5", "units": "deg", "title": "argument of perihelion", "value": "278.1114941322712"}, {"label": "M", "name": "ma", "sigma": "4.5738E-5", "value": "263.3091282785994", "title": "mean anomaly", "units": "deg"}, {"label": "tp", "title": "time of perihelion passage", "value": "2461339.959961398211", "units": "TDB", "name": "tp", "sigma": "6.7871E-5"}, {"sigma": "7.0863E-6", "name": "per", "value": "519.2381163758172", "title": "sidereal orbital period", "units": "d", "label": "period"}, {"label": "n", "sigma": "9.4621E-9", "name": "n", "units": "deg/d", "value": ".6933235227658771", "title": "mean motion"}, {"name": "ad", "sigma": "1.625E-8", "units": "au", "title": "aphelion distance", "value": "1.786076533063672", "label": "Q"}], "epoch": "2461200.5"}