{"spkid": "50572729", "covariance": {"epoch": "2458143.5", "labels": ["e", "q", "tp", "node", "peri", "i"], "data": [["3.270655804218096E-14", "-2.984132339293296E-14", "1.47149974232132E-12", "2.155654250932793E-12", "-1.048392126733598E-12", "1.224535817634785E-12"], ["-2.984132339293296E-14", "2.723175105355646E-14", "-1.293622766512626E-12", "-1.941134845030826E-12", "9.574656125932122E-13", "-1.110358223774975E-12"], ["1.47149974232132E-12", "-1.293622766512626E-12", "8.335809305296168E-10", "5.732216572858492E-10", "2.977657141573321E-11", "2.639087159260349E-10"], ["2.155654250932793E-12", "-1.941134845030826E-12", "5.732216572858492E-10", "9.813013445388445E-10", "-3.303202865469093E-10", "5.141865877584407E-10"], ["-1.048392126733598E-12", "9.574656125932122E-13", "2.977657141573321E-11", "-3.303202865469093E-10", "2.934895123515416E-10", "-1.71956538975097E-10"], ["1.224535817634785E-12", "-1.110358223774975E-12", "2.639087159260349E-10", "5.141865877584407E-10", "-1.71956538975097E-10", "6.022854915805351E-10"]], "elements": [{"label": "e", "name": "e", "sigma": 1.80849545319254e-07, "units": null, "value": ".5240358368110732", "title": "eccentricity"}, {"label": "q", "value": ".4302597132420867", "title": "perihelion distance", "units": "au", "sigma": 1.65020456469968e-07, "name": "q"}, {"sigma": 2.88718016502195e-05, "name": "tp", "title": "time of perihelion passage", "value": "2458205.925987493350", "units": "TDB", "label": "tp"}, {"name": "om", "sigma": 3.13257297526944e-05, "value": "106.2610041646812", "title": "longitude of the ascending node", "units": "deg", "label": "node"}, {"label": "peri", "sigma": 1.71315356098495e-05, "name": "w", "units": "deg", "value": "48.8926516560016", "title": "argument of perihelion"}, {"title": "inclination", "value": "27.74294010897786", "units": "deg", "name": "i", "sigma": 2.45415054872462e-05, "label": "i"}]}, "elements": [{"value": ".5241493144194744", "title": "eccentricity", "units": null, "sigma": "1.8091E-7", "name": "e", "label": "e"}, {"name": "a", "sigma": "5.8072E-9", "units": "au", "title": "semi-major axis", "value": ".9039631100971469", "label": "a"}, {"label": "q", "name": "q", "sigma": "1.6507E-7", "units": "au", "value": ".4301514656792315", "title": "perihelion distance"}, {"units": "deg", "title": "inclination; angle with respect to x-y ecliptic plane", "value": "27.74113516474056", "sigma": "2.4532E-5", "name": "i", "label": "i"}, {"name": "om", "sigma": "3.1354E-5", "value": "106.2217275072781", "title": "longitude of the ascending node", "units": "deg", "label": "node"}, {"value": "48.91472938714433", "title": "argument of perihelion", "units": "deg", "name": "w", "sigma": "1.7143E-5", "label": "peri"}, {"value": "194.0287301025601", "title": "mean anomaly", "units": "deg", "name": "ma", "sigma": "5.6734E-5", "label": "M"}, {"sigma": "5.0695E-5", "name": "tp", "title": "time of perihelion passage", "value": "2461345.228781111977", "units": "TDB", "label": "tp"}, {"units": "d", "title": "sidereal orbital period", "value": "313.9239775203733", "name": "per", "sigma": "3.025E-6", "label": "period"}, {"name": "n", "sigma": "1.1051E-8", "title": "mean motion", "value": "1.146774460630795", "units": "deg/d", "label": "n"}, {"label": "Q", "units": "au", "title": "aphelion distance", "value": "1.377774754515062", "sigma": "8.851E-9", "name": "ad"}], "epoch": "2461200.5"}