{"spkid": "50574123", "covariance": {"epoch": "2455895.5", "elements": [{"label": "e", "name": "e", "sigma": 5.20525622030347e-08, "units": null, "title": "eccentricity", "value": ".4432631640166069"}, {"label": "q", "sigma": 8.42796443303654e-08, "name": "q", "units": "au", "title": "perihelion distance", "value": ".9216127232875301"}, {"label": "tp", "value": "2455846.164848222052", "title": "time of perihelion passage", "units": "TDB", "name": "tp", "sigma": 1.31583033085147e-05}, {"units": "deg", "title": "longitude of the ascending node", "value": "146.1975149005497", "name": "om", "sigma": 2.71549404483615e-05, "label": "node"}, {"title": "argument of perihelion", "value": "250.9271185857657", "units": "deg", "name": "w", "sigma": 2.91956083549343e-05, "label": "peri"}, {"name": "i", "sigma": 1.04550271165385e-05, "units": "deg", "value": "5.013377765741879", "title": "inclination", "label": "i"}], "data": [["2.709469231900799E-15", "-3.867553163387499E-15", "-1.041733922800979E-13", "-2.636846906960868E-14", "1.201182812322865E-13", "-2.865416291652567E-15"], ["-3.867553163387499E-15", "7.1030584484529E-15", "4.400187488293798E-13", "1.321143256593419E-13", "4.746599888630496E-14", "3.978114492301015E-14"], ["-1.041733922800979E-13", "4.400187488293798E-13", "1.731409459588697E-10", "4.727705610427897E-11", "1.305925493785345E-10", "1.057464316950943E-11"], ["-2.636846906960868E-14", "1.321143256593419E-13", "4.727705610427897E-11", "7.373907907540593E-10", "-6.880273943387622E-10", "1.077351641635591E-10"], ["1.201182812322865E-13", "4.746599888630496E-14", "1.305925493785345E-10", "-6.880273943387622E-10", "8.523835472147092E-10", "-9.288850215086211E-11"], ["-2.865416291652567E-15", "3.978114492301015E-14", "1.057464316950943E-11", "1.077351641635591E-10", "-9.288850215086211E-11", "1.093075920075553E-10"]], "labels": ["e", "q", "tp", "node", "peri", "i"]}, "elements": [{"label": "e", "title": "eccentricity", "value": ".4429268345293775", "units": null, "name": "e", "sigma": "5.2004E-8"}, {"units": "au", "title": "semi-major axis", "value": "1.655609593055764", "sigma": "7.3833E-8", "name": "a", "label": "a"}, {"title": "perihelion distance", "value": ".9222956767871037", "units": "au", "sigma": "8.4222E-8", "name": "q", "label": "q"}, {"label": "i", "name": "i", "sigma": "1.0449E-5", "title": "inclination; angle with respect to x-y ecliptic plane", "value": "5.012923874255775", "units": "deg"}, {"label": "node", "units": "deg", "title": "longitude of the ascending node", "value": "146.0741649370909", "name": "om", "sigma": "2.7138E-5"}, {"name": "w", "sigma": "2.9208E-5", "units": "deg", "value": "251.1181585967236", "title": "argument of perihelion", "label": "peri"}, {"sigma": ".0001702", "name": "ma", "value": "317.2742719519348", "title": "mean anomaly", "units": "deg", "label": "M"}, {"label": "tp", "title": "time of perihelion passage", "value": "2461292.846895329075", "units": "TDB", "sigma": ".00037404", "name": "tp"}, {"sigma": "5.205E-5", "name": "per", "units": "d", "value": "778.0998437538018", "title": "sidereal orbital period", "label": "period"}, {"label": "n", "value": ".462665560069059", "title": "mean motion", "units": "deg/d", "sigma": "3.0949E-8", "name": "n"}, {"name": "ad", "sigma": "1.0654E-7", "units": "au", "title": "aphelion distance", "value": "2.388923509324425", "label": "Q"}], "epoch": "2461200.5"}