{"spkid": "50580986", "covariance": {"labels": ["e", "q", "tp", "node", "peri", "i"], "elements": [{"title": "eccentricity", "value": ".6466528317315701", "units": null, "name": "e", "sigma": 1.38952166567401e-07, "label": "e"}, {"sigma": 2.73532809641026e-07, "name": "q", "units": "au", "title": "perihelion distance", "value": ".8702902467633507", "label": "q"}, {"title": "time of perihelion passage", "value": "2457314.658301135597", "units": "TDB", "sigma": 0.000212041168350062, "name": "tp", "label": "tp"}, {"name": "om", "sigma": 0.000244249531288992, "title": "longitude of the ascending node", "value": "328.4474886728993", "units": "deg", "label": "node"}, {"label": "peri", "units": "deg", "value": "122.1623005883945", "title": "argument of perihelion", "name": "w", "sigma": 0.000250091597048716}, {"label": "i", "sigma": 2.75673632764071e-05, "name": "i", "units": "deg", "value": "7.77700692483589", "title": "inclination"}], "data": [["1.930770459377464E-14", "-3.760658022416401E-14", "2.434941072755039E-11", "-7.914230343352469E-12", "1.088511772524576E-11", "-1.232626258942654E-12"], ["-3.760658022416401E-14", "7.482019795011351E-14", "-4.2749401894828E-11", "1.494069090443206E-11", "-2.000637569846724E-11", "2.58021621900593E-12"], ["2.434941072755039E-11", "-4.2749401894828E-11", "4.496145707525953E-8", "-1.140103499708542E-8", "1.758272595436487E-8", "-9.420836802957797E-10"], ["-7.914230343352469E-12", "1.494069090443206E-11", "-1.140103499708542E-8", "5.965783353489237E-8", "-6.056716467416669E-8", "6.186594733649987E-9"], ["1.088511772524576E-11", "-2.000637569846724E-11", "1.758272595436487E-8", "-6.056716467416669E-8", "6.254580691437738E-8", "-6.16769699762856E-9"], ["-1.232626258942654E-12", "2.58021621900593E-12", "-9.420836802957797E-10", "6.186594733649987E-9", "-6.16769699762856E-9", "7.599595180133987E-10"]], "epoch": "2456654.5"}, "elements": [{"label": "e", "name": "e", "sigma": "1.3938E-7", "units": null, "title": "eccentricity", "value": ".6461370702117528"}, {"title": "semi-major axis", "value": "2.463905574373166", "units": "au", "name": "a", "sigma": "2.2748E-7", "label": "a"}, {"label": "q", "title": "perihelion distance", "value": ".8718848452692824", "units": "au", "name": "q", "sigma": "2.7606E-7"}, {"title": "inclination; angle with respect to x-y ecliptic plane", "value": "7.781163587522485", "units": "deg", "name": "i", "sigma": "2.7563E-5", "label": "i"}, {"label": "node", "name": "om", "sigma": ".00024382", "title": "longitude of the ascending node", "value": "328.3053623142203", "units": "deg"}, {"label": "peri", "name": "w", "sigma": ".00024974", "value": "122.240787455059", "title": "argument of perihelion", "units": "deg"}, {"name": "ma", "sigma": ".00018986", "value": "271.3822188859727", "title": "mean anomaly", "units": "deg", "label": "M"}, {"label": "tp", "sigma": ".00079313", "name": "tp", "units": "TDB", "value": "2461548.238589227124", "title": "time of perihelion passage"}, {"label": "period", "value": "1412.649815285762", "title": "sidereal orbital period", "units": "d", "name": "per", "sigma": ".00019563"}, {"label": "n", "sigma": "3.5292E-8", "name": "n", "title": "mean motion", "value": ".2548402272839121", "units": "deg/d"}, {"label": "Q", "sigma": "3.7446E-7", "name": "ad", "title": "aphelion distance", "value": "4.055926303477049", "units": "au"}], "epoch": "2461200.5"}