{"spkid": "50584601", "covariance": {"epoch": "2456037.5", "labels": ["e", "q", "tp", "node", "peri", "i"], "elements": [{"name": "e", "sigma": 1.18182424332832e-07, "units": null, "title": "eccentricity", "value": ".5791916269206464", "label": "e"}, {"label": "q", "units": "au", "value": ".8570872344128265", "title": "perihelion distance", "sigma": 2.76785423138847e-07, "name": "q"}, {"label": "tp", "units": "TDB", "title": "time of perihelion passage", "value": "2455820.238990246511", "sigma": 8.19895562801822e-05, "name": "tp"}, {"label": "node", "value": "213.7513718654889", "title": "longitude of the ascending node", "units": "deg", "sigma": 6.21562900074525e-05, "name": "om"}, {"units": "deg", "title": "argument of perihelion", "value": "124.6919404165167", "name": "w", "sigma": 3.942341778548e-05, "label": "peri"}, {"sigma": 7.30492964391004e-06, "name": "i", "units": "deg", "value": "3.457500392304647", "title": "inclination", "label": "i"}], "data": [["1.396708542118563E-14", "-3.270439440890602E-14", "8.90141549993603E-12", "4.837291970202631E-12", "-1.118560579190957E-12", "1.567392406320438E-14"], ["-3.270439440890602E-14", "7.661017046215076E-14", "-2.100364559503884E-11", "-1.146011105411053E-11", "2.634768854644396E-12", "-5.859740421743042E-14"], ["8.90141549993603E-12", "-2.100364559503884E-11", "6.722287339021165E-9", "3.957033489143845E-9", "-7.975638672353307E-10", "1.578455713962987E-10"], ["4.837291970202631E-12", "-1.146011105411053E-11", "3.957033489143845E-9", "3.863404387490545E-9", "-1.914404060416621E-9", "2.626948941644487E-10"], ["-1.118560579190957E-12", "2.634768854644396E-12", "-7.975638672353307E-10", "-1.914404060416621E-9", "1.5542058698885E-9", "-1.461936673578882E-10"], ["1.567392406320438E-14", "-5.859740421743042E-14", "1.578455713962987E-10", "2.626948941644487E-10", "-1.461936673578882E-10", "5.336199710247571E-11"]]}, "elements": [{"label": "e", "title": "eccentricity", "value": ".5781557450965448", "units": null, "name": "e", "sigma": "1.2117E-7"}, {"label": "a", "units": "au", "title": "semi-major axis", "value": "2.036970052090769", "sigma": "8.2619E-8", "name": "a"}, {"name": "q", "sigma": "2.8136E-7", "title": "perihelion distance", "value": ".8592841138848828", "units": "au", "label": "q"}, {"value": "3.471683538056739", "title": "inclination; angle with respect to x-y ecliptic plane", "units": "deg", "sigma": "7.3253E-6", "name": "i", "label": "i"}, {"name": "om", "sigma": "6.1758E-5", "title": "longitude of the ascending node", "value": "213.1734312829005", "units": "deg", "label": "node"}, {"label": "peri", "value": "125.4059121855102", "title": "argument of perihelion", "units": "deg", "sigma": "3.9262E-5", "name": "w"}, {"label": "M", "value": "23.90308924995295", "title": "mean anomaly", "units": "deg", "name": "ma", "sigma": "8.7346E-5"}, {"name": "tp", "sigma": ".00025337", "units": "TDB", "value": "2461129.993862254384", "title": "time of perihelion passage", "label": "tp"}, {"label": "period", "sigma": "6.4604E-5", "name": "per", "value": "1061.879881842962", "title": "sidereal orbital period", "units": "d"}, {"title": "mean motion", "value": ".3390213960690135", "units": "deg/d", "name": "n", "sigma": "2.0626E-8", "label": "n"}, {"label": "Q", "units": "au", "value": "3.214655990296654", "title": "aphelion distance", "name": "ad", "sigma": "1.3039E-7"}], "epoch": "2461200.5"}