{"spkid": "50591634", "covariance": {"labels": ["e", "q", "tp", "node", "peri", "i"], "elements": [{"title": "eccentricity", "value": ".2988594818482032", "units": null, "name": "e", "sigma": 2.6004145658506e-07, "label": "e"}, {"label": "q", "title": "perihelion distance", "value": ".8163332346255717", "units": "au", "sigma": 3.05832351026254e-07, "name": "q"}, {"sigma": 3.34290740742369e-05, "name": "tp", "title": "time of perihelion passage", "value": "2456761.160086218671", "units": "TDB", "label": "tp"}, {"label": "node", "name": "om", "sigma": 6.30979956740383e-06, "units": "deg", "value": "92.86362111071615", "title": "longitude of the ascending node"}, {"sigma": 2.87434199600458e-05, "name": "w", "value": "267.2737160986362", "title": "argument of perihelion", "units": "deg", "label": "peri"}, {"label": "i", "value": "28.05768589219918", "title": "inclination", "units": "deg", "sigma": 1.98038275648804e-05, "name": "i"}], "data": [["6.762155914287977E-14", "-7.951885064251254E-14", "4.72535843479839E-12", "7.306523316648401E-14", "-3.682024018579776E-12", "-7.927632434342144E-13"], ["-7.951885064251254E-14", "9.353342693424612E-14", "-5.659193222612286E-12", "-9.084068237759198E-14", "4.231748091531627E-12", "9.605298722939058E-13"], ["4.72535843479839E-12", "-5.659193222612286E-12", "1.117502993460817E-9", "4.973225348588267E-11", "4.167852807423961E-10", "-1.911653849347649E-10"], ["7.306523316648401E-14", "-9.084068237759198E-14", "4.973225348588267E-11", "3.98135705808096E-11", "-1.55103207484384E-13", "2.618903028542395E-11"], ["-3.682024018579776E-12", "4.231748091531627E-12", "4.167852807423961E-10", "-1.55103207484384E-13", "8.261841909995594E-10", "-1.149167407604415E-10"], ["-7.927632434342144E-13", "9.605298722939058E-13", "-1.911653849347649E-10", "2.618903028542395E-11", "-1.149167407604415E-10", "3.921915862195183E-10"]], "epoch": "2456811.5"}, "elements": [{"value": ".2989333193308919", "title": "eccentricity", "units": null, "name": "e", "sigma": "2.6009E-7", "label": "e"}, {"label": "a", "units": "au", "title": "semi-major axis", "value": "1.164550077888923", "name": "a", "sigma": "7.6682E-9"}, {"label": "q", "value": ".8164272575785385", "title": "perihelion distance", "units": "au", "name": "q", "sigma": "3.059E-7"}, {"label": "i", "name": "i", "sigma": "1.9802E-5", "units": "deg", "title": "inclination; angle with respect to x-y ecliptic plane", "value": "28.05690970778986"}, {"label": "node", "sigma": "6.3132E-6", "name": "om", "units": "deg", "value": "92.81183073681552", "title": "longitude of the ascending node"}, {"units": "deg", "title": "argument of perihelion", "value": "267.3579753076917", "name": "w", "sigma": "2.8766E-5", "label": "peri"}, {"name": "ma", "sigma": "2.0729E-5", "value": "242.0534882636303", "title": "mean anomaly", "units": "deg", "label": "M"}, {"title": "time of perihelion passage", "value": "2461350.889764904227", "units": "TDB", "sigma": "2.7467E-5", "name": "tp", "label": "tp"}, {"name": "per", "sigma": "4.5338E-6", "value": "459.0243032073254", "title": "sidereal orbital period", "units": "d", "label": "period"}, {"sigma": "7.7463E-9", "name": "n", "title": "mean motion", "value": ".7842721997170605", "units": "deg/d", "label": "n"}, {"value": "1.512672898199307", "title": "aphelion distance", "units": "au", "sigma": "9.9605E-9", "name": "ad", "label": "Q"}], "epoch": "2461200.5"}