{"spkid": "50596053", "covariance": {"epoch": "2458740.5", "labels": ["e", "q", "tp", "node", "peri", "i"], "elements": [{"units": null, "title": "eccentricity", "value": ".1011788459397781", "sigma": 5.59815684952551e-07, "name": "e", "label": "e"}, {"title": "perihelion distance", "value": ".8476251530225437", "units": "au", "sigma": 5.2913103214486e-07, "name": "q", "label": "q"}, {"label": "tp", "name": "tp", "sigma": 0.000171077858680958, "units": "TDB", "title": "time of perihelion passage", "value": "2458732.493431058441"}, {"label": "node", "name": "om", "sigma": 1.44119842211582e-05, "units": "deg", "value": "295.5201848452421", "title": "longitude of the ascending node"}, {"sigma": 0.000115911371513304, "name": "w", "title": "argument of perihelion", "value": "306.0171291688231", "units": "deg", "label": "peri"}, {"sigma": 8.67989499398395e-05, "name": "i", "value": "12.21643888814465", "title": "inclination", "units": "deg", "label": "i"}], "data": [["3.133936011188935E-13", "-2.962136122428104E-13", "-9.537057831828492E-11", "-7.422866751262889E-12", "-6.436355339380142E-11", "4.747587763447589E-11"], ["-2.962136122428104E-13", "2.799796491786847E-13", "9.012766845118782E-11", "7.018989764177184E-12", "6.082710666475644E-11", "-4.487850541777225E-11"], ["-9.537057831828492E-11", "9.012766845118782E-11", "2.926763373086192E-8", "2.225812087299639E-9", "1.98008759162158E-8", "-1.429094572433159E-8"], ["-7.422866751262889E-12", "7.018989764177184E-12", "2.225812087299639E-9", "2.07705289190914E-10", "1.474048160882793E-9", "-1.18214070810649E-9"], ["-6.436355339380142E-11", "6.082710666475644E-11", "1.98008759162158E-8", "1.474048160882793E-9", "1.343544604609523E-8", "-9.588058412061691E-9"], ["4.747587763447589E-11", "-4.487850541777225E-11", "-1.429094572433159E-8", "-1.18214070810649E-9", "-9.588058412061691E-9", "7.53405771065877E-9"]]}, "elements": [{"name": "e", "sigma": "5.6897E-7", "units": null, "title": "eccentricity", "value": ".1006597771286952", "label": "e"}, {"label": "a", "units": "au", "value": ".9442087460168952", "title": "semi-major axis", "name": "a", "sigma": "1.7822E-8"}, {"label": "q", "units": "au", "title": "perihelion distance", "value": ".8491649040798698", "sigma": "5.5288E-7", "name": "q"}, {"label": "i", "value": "12.21608067471617", "title": "inclination; angle with respect to x-y ecliptic plane", "units": "deg", "sigma": "8.6779E-5", "name": "i"}, {"label": "node", "name": "om", "sigma": "1.2777E-5", "units": "deg", "title": "longitude of the ascending node", "value": "295.4110515296185"}, {"label": "peri", "name": "w", "sigma": ".00010152", "value": "305.1550777580059", "title": "argument of perihelion", "units": "deg"}, {"label": "M", "units": "deg", "value": "134.6839042304449", "title": "mean anomaly", "name": "ma", "sigma": ".00020671"}, {"units": "TDB", "title": "time of perihelion passage", "value": "2461075.124218900883", "name": "tp", "sigma": ".00018898", "label": "tp"}, {"label": "period", "units": "d", "title": "sidereal orbital period", "value": "335.1200832317381", "sigma": "9.4879E-6", "name": "per"}, {"sigma": "3.0414E-8", "name": "n", "title": "mean motion", "value": "1.074241795741788", "units": "deg/d", "label": "n"}, {"label": "Q", "sigma": "1.9616E-8", "name": "ad", "title": "aphelion distance", "value": "1.039252587953921", "units": "au"}], "epoch": "2461200.5"}