{"spkid": "50596235", "covariance": {"elements": [{"sigma": 7.56131278651371e-07, "name": "e", "units": null, "title": "eccentricity", "value": ".5025738948446312", "label": "e"}, {"label": "q", "value": ".9758330476755288", "title": "perihelion distance", "units": "au", "name": "q", "sigma": 1.48034092123049e-06}, {"label": "tp", "units": "TDB", "title": "time of perihelion passage", "value": "2456920.927030468487", "name": "tp", "sigma": 0.000247934388742091}, {"label": "node", "sigma": 0.000121484579842887, "name": "om", "units": "deg", "value": "284.7855926274345", "title": "longitude of the ascending node"}, {"label": "peri", "units": "deg", "value": "157.9853882360667", "title": "argument of perihelion", "name": "w", "sigma": 0.000462150677834522}, {"sigma": 8.74556768922928e-05, "name": "i", "units": "deg", "title": "inclination", "value": "12.69065977442479", "label": "i"}], "data": [["5.717345105549576E-13", "-1.119331549991663E-12", "-1.737622884546886E-10", "8.992867569466737E-11", "-3.440588332009832E-10", "4.998071333251064E-11"], ["-1.119331549991663E-12", "2.191409243069544E-12", "3.40314592747236E-10", "-1.760309539116093E-10", "6.736988913872321E-10", "-9.792346747948797E-11"], ["-1.737622884546886E-10", "3.40314592747236E-10", "6.147146112091418E-8", "-2.539972803611329E-8", "1.119874177530433E-7", "-2.025144580712607E-8"], ["8.992867569466737E-11", "-1.760309539116093E-10", "-2.539972803611329E-8", "1.475850313960277E-8", "-5.264112269854768E-8", "6.94119965679416E-9"], ["-3.440588332009832E-10", "6.736988913872321E-10", "1.119874177530433E-7", "-5.264112269854768E-8", "2.135832490229079E-7", "-3.46172978721799E-8"], ["4.998071333251064E-11", "-9.792346747948797E-11", "-2.025144580712607E-8", "6.94119965679416E-9", "-3.46172978721799E-8", "7.648495420689123E-9"]], "labels": ["e", "q", "tp", "node", "peri", "i"], "epoch": "2457213.5"}, "elements": [{"label": "e", "name": "e", "sigma": "7.2532E-7", "units": null, "value": ".5026592177282135", "title": "eccentricity"}, {"name": "a", "sigma": "1.2691E-7", "title": "semi-major axis", "value": "1.959761327352161", "units": "au", "label": "a"}, {"label": "q", "sigma": "1.4805E-6", "name": "q", "units": "au", "value": ".9746692316113185", "title": "perihelion distance"}, {"label": "i", "title": "inclination; angle with respect to x-y ecliptic plane", "value": "12.74608919407576", "units": "deg", "sigma": "8.878E-5", "name": "i"}, {"label": "node", "units": "deg", "value": "284.6325856165502", "title": "longitude of the ascending node", "name": "om", "sigma": ".00012032"}, {"sigma": ".00045944", "name": "w", "value": "158.2920942816993", "title": "argument of perihelion", "units": "deg", "label": "peri"}, {"units": "deg", "title": "mean anomaly", "value": "95.59891905234853", "name": "ma", "sigma": ".00012714", "label": "M"}, {"label": "tp", "value": "2460934.394602979110", "title": "time of perihelion passage", "units": "TDB", "name": "tp", "sigma": ".0003282"}, {"label": "period", "units": "d", "title": "sidereal orbital period", "value": "1002.081863238043", "sigma": "9.7342E-5", "name": "per"}, {"label": "n", "units": "deg/d", "value": ".359252086288366", "title": "mean motion", "name": "n", "sigma": "3.4898E-8"}, {"units": "au", "value": "2.944853423093004", "title": "aphelion distance", "name": "ad", "sigma": "1.9071E-7", "label": "Q"}], "epoch": "2461200.5"}