{"spkid": "50608115", "covariance": {"epoch": "2456449.5", "labels": ["e", "q", "tp", "node", "peri", "i"], "elements": [{"sigma": 8.91510039756404e-08, "name": "e", "value": ".3745597507983579", "title": "eccentricity", "units": null, "label": "e"}, {"label": "q", "value": ".6416556422144899", "title": "perihelion distance", "units": "au", "sigma": 8.77679228449717e-08, "name": "q"}, {"title": "time of perihelion passage", "value": "2456634.411882957504", "units": "TDB", "name": "tp", "sigma": 2.29797035530976e-06, "label": "tp"}, {"label": "node", "title": "longitude of the ascending node", "value": "344.9305474602521", "units": "deg", "sigma": 3.62810962089864e-06, "name": "om"}, {"label": "peri", "name": "w", "sigma": 6.49724411095141e-06, "title": "argument of perihelion", "value": "116.1021191219267", "units": "deg"}, {"units": "deg", "value": "6.812807843820801", "title": "inclination", "name": "i", "sigma": 3.85497758777627e-06, "label": "i"}], "data": [["7.947901509864647E-15", "-7.82352012551591E-15", "-1.674831172256178E-13", "-3.222744842422484E-14", "4.911678708111627E-13", "-1.178820396980889E-13"], ["-7.82352012551591E-15", "7.703208280520897E-15", "1.666562322899794E-13", "3.241381106683767E-14", "-4.845261697683706E-13", "1.169419252684961E-13"], ["-1.674831172256178E-13", "1.666562322899794E-13", "5.280667753882455E-12", "2.308996375568806E-12", "-1.20173171593613E-11", "4.492879745466191E-12"], ["-3.222744842422484E-14", "3.241381106683767E-14", "2.308996375568806E-12", "1.316317942125725E-11", "-1.423347029106546E-11", "1.202250142125944E-11"], ["4.911678708111627E-13", "-4.845261697683706E-13", "-1.20173171593613E-11", "-1.423347029106546E-11", "4.221418103729278E-11", "-1.749005484876581E-11"], ["-1.178820396980889E-13", "1.169419252684961E-13", "4.492879745466191E-12", "1.202250142125944E-11", "-1.749005484876581E-11", "1.486085220225736E-11"]]}, "elements": [{"sigma": "8.8868E-8", "name": "e", "title": "eccentricity", "value": ".3745157860432747", "units": null, "label": "e"}, {"label": "a", "units": "au", "title": "semi-major axis", "value": "1.025738621591953", "sigma": "5.201E-9", "name": "a"}, {"label": "q", "name": "q", "sigma": "8.8013E-8", "units": "au", "title": "perihelion distance", "value": ".6415833154514977"}, {"label": "i", "sigma": "3.8559E-6", "name": "i", "units": "deg", "value": "6.80851778328748", "title": "inclination; angle with respect to x-y ecliptic plane"}, {"label": "node", "name": "om", "sigma": "3.6576E-6", "units": "deg", "title": "longitude of the ascending node", "value": "344.7647071306349"}, {"units": "deg", "value": "116.2003248520097", "title": "argument of perihelion", "name": "w", "sigma": "6.5073E-6", "label": "peri"}, {"label": "M", "title": "mean anomaly", "value": "11.78681083993841", "units": "deg", "sigma": "3.5849E-5", "name": "ma"}, {"units": "TDB", "value": "2461188.076404519694", "title": "time of perihelion passage", "sigma": "3.7692E-5", "name": "tp", "label": "tp"}, {"name": "per", "sigma": "2.886E-6", "units": "d", "value": "379.4490667276638", "title": "sidereal orbital period", "label": "period"}, {"value": ".9487439331571141", "title": "mean motion", "units": "deg/d", "name": "n", "sigma": "7.2158E-9", "label": "n"}, {"label": "Q", "sigma": "7.1488E-9", "name": "ad", "units": "au", "title": "aphelion distance", "value": "1.409893927732409"}], "epoch": "2461200.5"}