{"spkid": "50608644", "covariance": {"epoch": "2458049.5", "labels": ["e", "q", "tp", "node", "peri", "i"], "data": [["1.067875606746418E-15", "-2.357377018542161E-15", "-4.359672628018622E-13", "-9.04380053202864E-12", "8.71986563168162E-12", "4.870955555111425E-15"], ["-2.357377018542161E-15", "5.204691927593018E-15", "9.61500423478482E-13", "1.998300272653015E-11", "-1.926843216847365E-11", "-1.122605761176347E-14"], ["-4.359672628018622E-13", "9.61500423478482E-13", "2.242964148550936E-10", "4.844278263859905E-9", "-4.681680463977499E-9", "-7.023234046507405E-12"], ["-9.04380053202864E-12", "1.998300272653015E-11", "4.844278263859905E-9", "2.515833017494834E-7", "-2.482289770136021E-7", "-3.24439640085688E-10"], ["8.71986563168162E-12", "-1.926843216847365E-11", "-4.681680463977499E-9", "-2.482289770136021E-7", "2.449950265570631E-7", "3.203762840483829E-10"], ["4.870955555111425E-15", "-1.122605761176347E-14", "-7.023234046507405E-12", "-3.24439640085688E-10", "3.203762840483829E-10", "1.816856457401908E-12"]], "elements": [{"sigma": 3.26783660354434e-08, "name": "e", "value": ".6644769478870282", "title": "eccentricity", "units": null, "label": "e"}, {"name": "q", "sigma": 7.21435508385401e-08, "title": "perihelion distance", "value": ".7817040395356643", "units": "au", "label": "q"}, {"name": "tp", "sigma": 1.49765287985933e-05, "units": "TDB", "title": "time of perihelion passage", "value": "2457535.872171612492", "label": "tp"}, {"label": "node", "name": "om", "sigma": 0.000501580802811953, "title": "longitude of the ascending node", "value": "36.57542221238406", "units": "deg"}, {"label": "peri", "value": "26.67452117398822", "title": "argument of perihelion", "units": "deg", "name": "w", "sigma": 0.000494969722869049}, {"label": "i", "name": "i", "sigma": 1.3479081784016e-06, "value": ".4287827400924316", "title": "inclination", "units": "deg"}]}, "elements": [{"sigma": "3.369E-8", "name": "e", "units": null, "value": ".6663821242942283", "title": "eccentricity", "label": "e"}, {"name": "a", "sigma": "1.8419E-8", "units": "au", "title": "semi-major axis", "value": "2.319812763532246", "label": "a"}, {"value": ".7739310062047637", "title": "perihelion distance", "units": "au", "name": "q", "sigma": "7.405E-8", "label": "q"}, {"label": "i", "name": "i", "sigma": "1.4025E-6", "value": ".4177451835320052", "title": "inclination; angle with respect to x-y ecliptic plane", "units": "deg"}, {"label": "node", "sigma": ".00051362", "name": "om", "units": "deg", "title": "longitude of the ascending node", "value": "34.1876228911058"}, {"name": "w", "sigma": ".00050719", "units": "deg", "value": "29.11795376956572", "title": "argument of perihelion", "label": "peri"}, {"units": "deg", "title": "mean anomaly", "value": "300.3179135450319", "name": "ma", "sigma": "6.3683E-6", "label": "M"}, {"name": "tp", "sigma": "2.5338E-5", "title": "time of perihelion passage", "value": "2461414.453464796849", "units": "TDB", "label": "tp"}, {"sigma": "1.5371E-5", "name": "per", "value": "1290.558891317947", "title": "sidereal orbital period", "units": "d", "label": "period"}, {"sigma": "3.3223E-9", "name": "n", "value": ".2789489130808746", "title": "mean motion", "units": "deg/d", "label": "n"}, {"label": "Q", "units": "au", "value": "3.865694520859729", "title": "aphelion distance", "sigma": "3.0694E-8", "name": "ad"}], "epoch": "2461200.5"}