{"spkid": "50602728", "covariance": {"epoch": "2459001.5", "labels": ["e", "q", "tp", "node", "peri", "i"], "data": [["1.945262312264068E-11", "-2.319955384268715E-11", "3.882427722887883E-10", "5.003037233199667E-11", "-2.306061109505642E-9", "-1.686531788503948E-10"], ["-2.319955384268715E-11", "2.766821412318932E-11", "-4.631050746220836E-10", "-5.967554494790663E-11", "2.750180507258948E-9", "2.01241507155593E-10"], ["3.882427722887883E-10", "-4.631050746220836E-10", "1.097149241934477E-8", "1.271017470946919E-9", "-4.311889914455907E-8", "-7.299853142326618E-9"], ["5.003037233199667E-11", "-5.967554494790663E-11", "1.271017470946919E-9", "7.923217867957745E-10", "-6.317168212785682E-9", "-2.14109975826306E-9"], ["-2.306061109505642E-9", "2.750180507258948E-9", "-4.311889914455907E-8", "-6.317168212785682E-9", "2.76627386066202E-7", "1.779811089452256E-8"], ["-1.686531788503948E-10", "2.01241507155593E-10", "-7.299853142326618E-9", "-2.14109975826306E-9", "1.779811089452256E-8", "9.790654164972088E-9"]], "elements": [{"title": "eccentricity", "value": ".3674324463515389", "units": null, "sigma": 4.41051279588221e-06, "name": "e", "label": "e"}, {"title": "perihelion distance", "value": ".7536995702956926", "units": "au", "sigma": 5.26005837640509e-06, "name": "q", "label": "q"}, {"label": "tp", "value": "2458818.148044106841", "title": "time of perihelion passage", "units": "TDB", "sigma": 0.000104744892091905, "name": "tp"}, {"units": "deg", "title": "longitude of the ascending node", "value": "35.54330003037838", "sigma": 2.81482110762971e-05, "name": "om", "label": "node"}, {"name": "w", "sigma": 0.000525953787006237, "units": "deg", "value": "80.13493673995559", "title": "argument of perihelion", "label": "peri"}, {"label": "i", "value": "12.41734323471608", "title": "inclination", "units": "deg", "sigma": 9.89477345115697e-05, "name": "i"}]}, "elements": [{"label": "e", "name": "e", "sigma": "4.4213E-6", "title": "eccentricity", "value": ".3674775895443137", "units": null}, {"value": "1.192070754709903", "title": "semi-major axis", "units": "au", "name": "a", "sigma": "2.0571E-8", "label": "a"}, {"label": "q", "sigma": "5.2581E-6", "name": "q", "title": "perihelion distance", "value": ".7540114672028372", "units": "au"}, {"units": "deg", "value": "12.42699180663092", "title": "inclination; angle with respect to x-y ecliptic plane", "sigma": "9.8825E-5", "name": "i", "label": "i"}, {"label": "node", "title": "longitude of the ascending node", "value": "35.46544356615619", "units": "deg", "sigma": "2.7602E-5", "name": "om"}, {"label": "peri", "value": "80.29349461788004", "title": "argument of perihelion", "units": "deg", "name": "w", "sigma": ".00052758"}, {"label": "M", "sigma": "7.3275E-5", "name": "ma", "title": "mean anomaly", "value": "5.171306923343105", "units": "deg"}, {"label": "tp", "value": "2461193.671122994012", "title": "time of perihelion passage", "units": "TDB", "sigma": "9.6596E-5", "name": "tp"}, {"label": "period", "sigma": "1.2306E-5", "name": "per", "units": "d", "title": "sidereal orbital period", "value": "475.3915709505736"}, {"name": "n", "sigma": "1.9602E-8", "value": ".7572704734334239", "title": "mean motion", "units": "deg/d", "label": "n"}, {"title": "aphelion distance", "value": "1.630130042216969", "units": "au", "sigma": "2.8131E-8", "name": "ad", "label": "Q"}], "epoch": "2461200.5"}