{"spkid": "50607752", "covariance": {"data": [["3.096479529076157E-15", "-6.12423673019953E-15", "-1.051138750688372E-12", "5.39311771457808E-13", "-2.820433673759309E-13", "-2.803189748379541E-13"], ["-6.12423673019953E-15", "1.213880291891177E-14", "2.238028761736848E-12", "-1.01866130707199E-12", "5.634930091256307E-13", "5.544385574902134E-13"], ["-1.051138750688372E-12", "2.238028761736848E-12", "1.353666806211302E-9", "1.240070369976417E-10", "1.325396573135889E-10", "1.44238739728142E-10"], ["5.39311771457808E-13", "-1.01866130707199E-12", "1.240070369976417E-10", "4.382698484659755E-10", "-2.777236918796844E-10", "-5.475242800568089E-11"], ["-2.820433673759309E-13", "5.634930091256307E-13", "1.325396573135889E-10", "-2.777236918796844E-10", "2.707057448303681E-10", "5.835933350919195E-11"], ["-2.803189748379541E-13", "5.544385574902134E-13", "1.44238739728142E-10", "-5.475242800568089E-11", "5.835933350919195E-11", "1.432009911112943E-10"]], "elements": [{"label": "e", "name": "e", "sigma": 5.56460198853086e-08, "units": null, "title": "eccentricity", "value": ".698425387912306"}, {"title": "perihelion distance", "value": ".5770880612345617", "units": "au", "sigma": 1.10176235726729e-07, "name": "q", "label": "q"}, {"label": "tp", "sigma": 3.67922112166597e-05, "name": "tp", "value": "2457194.801794909814", "title": "time of perihelion passage", "units": "TDB"}, {"label": "node", "units": "deg", "title": "longitude of the ascending node", "value": "349.4525710735938", "name": "om", "sigma": 2.09348954730129e-05}, {"sigma": 1.64531378414687e-05, "name": "w", "value": "86.94590165903624", "title": "argument of perihelion", "units": "deg", "label": "peri"}, {"sigma": 1.19666616527457e-05, "name": "i", "units": "deg", "title": "inclination", "value": "5.583101026461261", "label": "i"}], "labels": ["e", "q", "tp", "node", "peri", "i"], "epoch": "2457524.5"}, "elements": [{"units": null, "title": "eccentricity", "value": ".6984316193888336", "name": "e", "sigma": "6.3626E-8", "label": "e"}, {"label": "a", "units": "au", "value": "1.91548563171005", "title": "semi-major axis", "name": "a", "sigma": "5.2244E-8"}, {"sigma": "1.0794E-7", "name": "q", "title": "perihelion distance", "value": ".5776499000387569", "units": "au", "label": "q"}, {"value": "5.581138813810052", "title": "inclination; angle with respect to x-y ecliptic plane", "units": "deg", "sigma": "1.2019E-5", "name": "i", "label": "i"}, {"label": "node", "sigma": "2.0766E-5", "name": "om", "title": "longitude of the ascending node", "value": "348.6651264433301", "units": "deg"}, {"label": "peri", "name": "w", "sigma": "1.6194E-5", "units": "deg", "value": "87.90586407521623", "title": "argument of perihelion"}, {"title": "mean anomaly", "value": "51.38834214438463", "units": "deg", "sigma": "7.2892E-6", "name": "ma", "label": "M"}, {"label": "tp", "units": "TDB", "title": "time of perihelion passage", "value": "2461062.277456281445", "name": "tp", "sigma": "1.61E-5"}, {"units": "d", "title": "sidereal orbital period", "value": "968.3152571622177", "sigma": "3.9616E-5", "name": "per", "label": "period"}, {"label": "n", "name": "n", "sigma": "1.521E-8", "value": ".3717797456326672", "title": "mean motion", "units": "deg/d"}, {"units": "au", "value": "3.253321363381343", "title": "aphelion distance", "sigma": "8.8733E-8", "name": "ad", "label": "Q"}], "epoch": "2461200.5"}