{"spkid": "50605768", "covariance": {"epoch": "2456364.5", "labels": ["e", "q", "tp", "node", "peri", "i"], "elements": [{"label": "e", "sigma": 9.0304713368569e-06, "name": "e", "title": "eccentricity", "value": ".09599661912104025", "units": null}, {"name": "q", "sigma": 1.0108613391304e-05, "units": "au", "title": "perihelion distance", "value": ".8935120459677204", "label": "q"}, {"sigma": 0.00116581386344571, "name": "tp", "title": "time of perihelion passage", "value": "2456342.362638219709", "units": "TDB", "label": "tp"}, {"sigma": 7.50232591830255e-05, "name": "om", "title": "longitude of the ascending node", "value": "261.2635393606578", "units": "deg", "label": "node"}, {"name": "w", "sigma": 0.000528498557375068, "value": "242.2767761941158", "title": "argument of perihelion", "units": "deg", "label": "peri"}, {"sigma": 0.000498764258520216, "name": "i", "units": "deg", "value": "5.110869018864929", "title": "inclination", "label": "i"}], "data": [["8.154941256579409E-11", "-9.128546427752882E-11", "1.05133273666114E-8", "6.489768082823243E-10", "4.762303204117423E-9", "4.503849404218646E-9"], ["-9.128546427752882E-11", "1.021840646948502E-10", "-1.176774016047578E-8", "-7.262149740321167E-10", "-5.330458256917188E-9", "-5.041522791823602E-9"], ["1.05133273666114E-8", "-1.176774016047578E-8", "1.359121964202211E-6", "8.488017777226344E-8", "6.160145134928505E-7", "5.807551453455407E-7"], ["6.489768082823243E-10", "-7.262149740321167E-10", "8.488017777226344E-8", "5.628489418443419E-9", "3.849818272431584E-8", "3.589466547443909E-8"], ["4.762303204117423E-9", "-5.330458256917188E-9", "6.160145134928505E-7", "3.849818272431584E-8", "2.793107251475275E-7", "2.630627525808126E-7"], ["4.503849404218646E-9", "-5.041522791823602E-9", "5.807551453455407E-7", "3.589466547443909E-8", "2.630627525808126E-7", "2.487657855772207E-7"]]}, "elements": [{"units": null, "value": ".09620395409808073", "title": "eccentricity", "sigma": "8.9765E-6", "name": "e", "label": "e"}, {"title": "semi-major axis", "value": ".986381074489645", "units": "au", "sigma": "8.5751E-7", "name": "a", "label": "a"}, {"value": ".8914873148762277", "title": "perihelion distance", "units": "au", "sigma": "9.6293E-6", "name": "q", "label": "q"}, {"label": "i", "units": "deg", "value": "5.128138200689515", "title": "inclination; angle with respect to x-y ecliptic plane", "sigma": ".00049503", "name": "i"}, {"label": "node", "units": "deg", "title": "longitude of the ascending node", "value": "260.3931552470205", "sigma": ".00031752", "name": "om"}, {"sigma": ".00072282", "name": "w", "value": "241.8437070076374", "title": "argument of perihelion", "units": "deg", "label": "peri"}, {"units": "deg", "title": "mean anomaly", "value": "205.9019932159997", "name": "ma", "sigma": ".0055822", "label": "M"}, {"sigma": ".0057481", "name": "tp", "units": "TDB", "value": "2461353.665179349376", "title": "time of perihelion passage", "label": "tp"}, {"label": "period", "units": "d", "value": "357.8207513291503", "title": "sidereal orbital period", "sigma": ".00046661", "name": "per"}, {"sigma": "1.312E-6", "name": "n", "title": "mean motion", "value": "1.006090336188594", "units": "deg/d", "label": "n"}, {"title": "aphelion distance", "value": "1.081274834103062", "units": "au", "name": "ad", "sigma": "9.4001E-7", "label": "Q"}], "epoch": "2461200.5"}