{"spkid": "50600623", "covariance": {"epoch": "2457310.5", "labels": ["e", "q", "tp", "node", "peri", "i"], "data": [["5.041657679928396E-15", "-6.66538644391004E-15", "1.195886060838225E-12", "-1.11188105570128E-12", "1.050240521550925E-12", "5.991915490668751E-13"], ["-6.66538644391004E-15", "8.813142466313558E-15", "-1.591868627377787E-12", "1.476799328138823E-12", "-1.402510020669871E-12", "-7.834473388393192E-13"], ["1.195886060838225E-12", "-1.591868627377787E-12", "6.080812598224636E-10", "-5.011267046881944E-10", "6.721313872201492E-10", "1.280745218624264E-10"], ["-1.11188105570128E-12", "1.476799328138823E-12", "-5.011267046881944E-10", "8.941048728890319E-10", "-9.999587679067858E-10", "-2.850716105728369E-10"], ["1.050240521550925E-12", "-1.402510020669871E-12", "6.721313872201492E-10", "-9.999587679067858E-10", "1.222005114678058E-9", "2.564123334085128E-10"], ["5.991915490668751E-13", "-7.834473388393192E-13", "1.280745218624264E-10", "-2.850716105728369E-10", "2.564123334085128E-10", "3.781721609805111E-10"]], "elements": [{"label": "e", "units": null, "value": ".8219553071446577", "title": "eccentricity", "sigma": 7.10046313977363e-08, "name": "e"}, {"label": "q", "units": "au", "value": ".2336850744077519", "title": "perihelion distance", "sigma": 9.38783386427005e-08, "name": "q"}, {"sigma": 2.46593037173085e-05, "name": "tp", "units": "TDB", "title": "time of perihelion passage", "value": "2457040.023816997476", "label": "tp"}, {"label": "node", "sigma": 2.99015864610731e-05, "name": "om", "title": "longitude of the ascending node", "value": "171.8698286317325", "units": "deg"}, {"label": "peri", "value": "214.7499900033471", "title": "argument of perihelion", "units": "deg", "sigma": 3.49571897422842e-05, "name": "w"}, {"label": "i", "title": "inclination", "value": "8.4318624302438", "units": "deg", "name": "i", "sigma": 1.94466490938802e-05}]}, "elements": [{"units": null, "title": "eccentricity", "value": ".8218433353572516", "sigma": "7.1024E-8", "name": "e", "label": "e"}, {"label": "a", "sigma": "4.8774E-9", "name": "a", "title": "semi-major axis", "value": "1.313468525022614", "units": "au"}, {"label": "q", "value": ".2340031715312592", "title": "perihelion distance", "units": "au", "sigma": "9.3738E-8", "name": "q"}, {"sigma": "1.9376E-5", "name": "i", "units": "deg", "title": "inclination; angle with respect to x-y ecliptic plane", "value": "8.42627553731117", "label": "i"}, {"sigma": "2.9811E-5", "name": "om", "units": "deg", "value": "171.6825836702741", "title": "longitude of the ascending node", "label": "node"}, {"label": "peri", "name": "w", "sigma": "3.4934E-5", "units": "deg", "value": "214.9843885883982", "title": "argument of perihelion"}, {"label": "M", "sigma": "1.3956E-5", "name": "ma", "value": "205.2791265383621", "title": "mean anomaly", "units": "deg"}, {"sigma": "2.2011E-5", "name": "tp", "units": "TDB", "title": "time of perihelion passage", "value": "2461436.805777438193", "label": "tp"}, {"sigma": "3.0626E-6", "name": "per", "title": "sidereal orbital period", "value": "549.8293667456708", "units": "d", "label": "period"}, {"label": "n", "units": "deg/d", "value": ".654748585239758", "title": "mean motion", "name": "n", "sigma": "3.647E-9"}, {"label": "Q", "sigma": "8.8859E-9", "name": "ad", "title": "aphelion distance", "value": "2.392933878513968", "units": "au"}], "epoch": "2461200.5"}