{"spkid": "50607740", "covariance": {"labels": ["e", "q", "tp", "node", "peri", "i"], "elements": [{"sigma": 7.36645404673251e-08, "name": "e", "units": null, "value": ".5517757268623653", "title": "eccentricity", "label": "e"}, {"label": "q", "units": "au", "title": "perihelion distance", "value": ".9997503823688779", "sigma": 1.64100048793612e-07, "name": "q"}, {"name": "tp", "sigma": 4.67107565761518e-05, "units": "TDB", "title": "time of perihelion passage", "value": "2459834.598562207482", "label": "tp"}, {"label": "node", "title": "longitude of the ascending node", "value": "337.0516725496543", "units": "deg", "name": "om", "sigma": 1.76693822104529e-05}, {"units": "deg", "title": "argument of perihelion", "value": "21.52534623954209", "name": "w", "sigma": 6.61420237720951e-05, "label": "peri"}, {"label": "i", "name": "i", "sigma": 1.22259712816745e-05, "value": "7.152018800528837", "title": "inclination", "units": "deg"}], "data": [["5.42646452226218E-15", "-1.208828709039901E-14", "3.249534286857879E-12", "-6.13108959610592E-13", "4.67676823170644E-12", "7.084521112006881E-13"], ["-1.208828709039901E-14", "2.692882601406585E-14", "-7.233765847393545E-12", "1.367451583712504E-12", "-1.041536754825764E-11", "-1.577339079654104E-12"], ["3.249534286857879E-12", "-7.233765847393545E-12", "2.181894779916513E-9", "-2.92514059288499E-10", "2.973194992735086E-9", "4.809075778513814E-10"], ["-6.13108959610592E-13", "1.367451583712504E-12", "-2.92514059288499E-10", "3.122070676990687E-10", "-6.898532920998087E-10", "-1.311794630990643E-10"], ["4.67676823170644E-12", "-1.041536754825764E-11", "2.973194992735086E-9", "-6.898532920998087E-10", "4.374767308668395E-9", "7.220410075517318E-10"], ["7.084521112006881E-13", "-1.577339079654104E-12", "4.809075778513814E-10", "-1.311794630990643E-10", "7.220410075517318E-10", "1.494743737803299E-10"]], "epoch": "2459313.5"}, "elements": [{"sigma": "7.4396E-8", "name": "e", "units": null, "value": ".5509775709118817", "title": "eccentricity", "label": "e"}, {"label": "a", "value": "2.228908069704664", "title": "semi-major axis", "units": "au", "name": "a", "sigma": "2.6894E-9"}, {"label": "q", "value": "1.000829715672897", "title": "perihelion distance", "units": "au", "sigma": "1.6488E-7", "name": "q"}, {"units": "deg", "title": "inclination; angle with respect to x-y ecliptic plane", "value": "7.149551350428506", "sigma": "1.2216E-5", "name": "i", "label": "i"}, {"name": "om", "sigma": "1.7663E-5", "title": "longitude of the ascending node", "value": "337.0092798082785", "units": "deg", "label": "node"}, {"label": "peri", "sigma": "6.6159E-5", "name": "w", "title": "argument of perihelion", "value": "21.62870693575621", "units": "deg"}, {"title": "mean anomaly", "value": "44.70327105619481", "units": "deg", "name": "ma", "sigma": "1.4722E-5", "label": "M"}, {"label": "tp", "units": "TDB", "value": "2461049.570732699802", "title": "time of perihelion passage", "sigma": "4.9449E-5", "name": "tp"}, {"value": "1215.448779123331", "title": "sidereal orbital period", "units": "d", "sigma": "2.1999E-6", "name": "per", "label": "period"}, {"units": "deg/d", "value": ".2961868950657534", "title": "mean motion", "sigma": "5.3607E-10", "name": "n", "label": "n"}, {"value": "3.456986423736432", "title": "aphelion distance", "units": "au", "sigma": "4.1712E-9", "name": "ad", "label": "Q"}], "epoch": "2461200.5"}