{"spkid": "50605787", "covariance": {"epoch": "2457090.5", "data": [["9.090182731410192E-15", "-1.977012249012912E-14", "5.929297099839776E-12", "-8.615857098617178E-12", "8.581068050202396E-12", "-2.521525796680486E-13"], ["-1.977012249012912E-14", "4.671260110922721E-14", "-4.562635878882488E-12", "2.362306290843538E-11", "-2.194932540586889E-11", "6.114029299424829E-13"], ["5.929297099839776E-12", "-4.562635878882488E-12", "2.266364710144717E-8", "4.982170752205009E-9", "-1.361059791147102E-9", "-2.554029378708619E-11"], ["-8.615857098617178E-12", "2.362306290843538E-11", "4.982170752205009E-9", "3.44406958365787E-8", "-3.212239605495546E-8", "-5.096980685300848E-10"], ["8.581068050202396E-12", "-2.194932540586889E-11", "-1.361059791147102E-9", "-3.212239605495546E-8", "3.061550886815841E-8", "5.394283021723926E-10"], ["-2.521525796680486E-13", "6.114029299424829E-13", "-2.554029378708619E-11", "-5.096980685300848E-10", "5.394283021723926E-10", "8.032679670580113E-11"]], "elements": [{"sigma": 9.53424497871236e-08, "name": "e", "value": ".5929709453259083", "title": "eccentricity", "units": null, "label": "e"}, {"label": "q", "sigma": 2.16130981372933e-07, "name": "q", "title": "perihelion distance", "value": ".9889089533497557", "units": "au"}, {"units": "TDB", "title": "time of perihelion passage", "value": "2457514.020855655475", "name": "tp", "sigma": 0.000150544502063168, "label": "tp"}, {"name": "om", "sigma": 0.000185582046105163, "units": "deg", "title": "longitude of the ascending node", "value": "152.2076142649491", "label": "node"}, {"label": "peri", "units": "deg", "title": "argument of perihelion", "value": "159.8682892220903", "sigma": 0.000174972880379099, "name": "w"}, {"units": "deg", "value": "5.147722226105016", "title": "inclination", "sigma": 8.96252178272394e-06, "name": "i", "label": "i"}], "labels": ["e", "q", "tp", "node", "peri", "i"]}, "elements": [{"label": "e", "sigma": "9.7158E-8", "name": "e", "value": ".5963186861983386", "title": "eccentricity", "units": null}, {"value": "2.423313652623239", "title": "semi-major axis", "units": "au", "sigma": "1.6125E-7", "name": "a", "label": "a"}, {"sigma": "2.2077E-7", "name": "q", "units": "au", "value": ".9782464390444519", "title": "perihelion distance", "label": "q"}, {"name": "i", "sigma": "8.9877E-6", "value": "5.178218857263127", "title": "inclination; angle with respect to x-y ecliptic plane", "units": "deg", "label": "i"}, {"sigma": ".00018443", "name": "om", "units": "deg", "value": "151.9904163547378", "title": "longitude of the ascending node", "label": "node"}, {"units": "deg", "value": "160.1335812981596", "title": "argument of perihelion", "sigma": ".0001739", "name": "w", "label": "peri"}, {"label": "M", "title": "mean anomaly", "value": "241.0128338331551", "units": "deg", "name": "ma", "sigma": ".00013442"}, {"label": "tp", "units": "TDB", "title": "time of perihelion passage", "value": "2461655.918313905970", "name": "tp", "sigma": ".0005599"}, {"name": "per", "sigma": ".00013753", "value": "1377.884676875624", "title": "sidereal orbital period", "units": "d", "label": "period"}, {"label": "n", "units": "deg/d", "value": ".2612700511455762", "title": "mean motion", "name": "n", "sigma": "2.6077E-8"}, {"label": "Q", "units": "au", "value": "3.868380866202026", "title": "aphelion distance", "sigma": "2.574E-7", "name": "ad"}], "epoch": "2461200.5"}