{"spkid": "50605913", "covariance": {"elements": [{"units": null, "title": "eccentricity", "value": ".7200973641264268", "sigma": 2.14985124588206e-08, "name": "e", "label": "e"}, {"label": "q", "name": "q", "sigma": 5.00727585156471e-08, "units": "au", "title": "perihelion distance", "value": ".6337768906724063"}, {"title": "time of perihelion passage", "value": "2456028.096194680601", "units": "TDB", "name": "tp", "sigma": 1.25616468251964e-05, "label": "tp"}, {"label": "node", "sigma": 2.66778493718784e-06, "name": "om", "value": "265.9010999852306", "title": "longitude of the ascending node", "units": "deg"}, {"label": "peri", "sigma": 7.90749861379601e-06, "name": "w", "title": "argument of perihelion", "value": "257.6369410435603", "units": "deg"}, {"label": "i", "units": "deg", "title": "inclination", "value": "67.68641695480022", "name": "i", "sigma": 1.97600728217128e-05}], "data": [["4.621860379420633E-16", "-1.076102106422687E-15", "9.319636821269256E-14", "3.302234864534884E-14", "2.23002144552194E-15", "5.09939721828272E-14"], ["-1.076102106422687E-15", "2.507281145366305E-15", "-2.309839053879977E-13", "-7.591247132369771E-14", "-9.819656508912593E-15", "-1.182965599528992E-13"], ["9.319636821269256E-14", "-2.309839053879977E-13", "1.57794970960967E-10", "-8.476559803015738E-12", "7.47283747135045E-11", "1.466917691845685E-11"], ["3.302234864534884E-14", "-7.591247132369771E-14", "-8.476559803015738E-12", "7.117076471086307E-12", "-1.390569990173405E-11", "-4.521587715369477E-12"], ["2.23002144552194E-15", "-9.819656508912593E-15", "7.47283747135045E-11", "-1.390569990173405E-11", "6.252853432718579E-11", "3.038975440718753E-13"], ["5.09939721828272E-14", "-1.182965599528992E-13", "1.466917691845685E-11", "-4.521587715369477E-12", "3.038975440718753E-13", "3.904604779193932E-10"]], "labels": ["e", "q", "tp", "node", "peri", "i"], "epoch": "2456315.5"}, "elements": [{"label": "e", "name": "e", "sigma": "2.1388E-8", "value": ".720967364164989", "title": "eccentricity", "units": null}, {"label": "a", "title": "semi-major axis", "value": "2.264551616429715", "units": "au", "name": "a", "sigma": "6.817E-9"}, {"label": "q", "sigma": "4.9843E-8", "name": "q", "title": "perihelion distance", "value": ".6318838065168183", "units": "au"}, {"title": "inclination; angle with respect to x-y ecliptic plane", "value": "67.6781425769011", "units": "deg", "name": "i", "sigma": "1.9765E-5", "label": "i"}, {"name": "om", "sigma": "2.6622E-6", "units": "deg", "title": "longitude of the ascending node", "value": "265.8607834353884", "label": "node"}, {"name": "w", "sigma": "7.9005E-6", "title": "argument of perihelion", "value": "257.5307726947739", "units": "deg", "label": "peri"}, {"label": "M", "value": "56.64615546425244", "title": "mean anomaly", "units": "deg", "name": "ma", "sigma": "4.4121E-6"}, {"label": "tp", "sigma": "1.447E-5", "name": "tp", "units": "TDB", "value": "2461004.642727525823", "title": "time of perihelion passage"}, {"units": "d", "value": "1244.720272944194", "title": "sidereal orbital period", "sigma": "5.6205E-6", "name": "per", "label": "period"}, {"units": "deg/d", "value": ".2892216089230036", "title": "mean motion", "sigma": "1.306E-9", "name": "n", "label": "n"}, {"label": "Q", "name": "ad", "sigma": "1.1732E-8", "units": "au", "value": "3.897219426342612", "title": "aphelion distance"}], "epoch": "2461200.5"}