{"spkid": "50602086", "covariance": {"epoch": "2456378.5", "labels": ["e", "q", "tp", "node", "peri", "i"], "elements": [{"label": "e", "name": "e", "sigma": 1.44284483304931e-06, "title": "eccentricity", "value": ".5160583115534549", "units": null}, {"name": "q", "sigma": 3.06218383367337e-06, "units": "au", "title": "perihelion distance", "value": ".9749695733289575", "label": "q"}, {"name": "tp", "sigma": 7.34673668204515e-05, "value": "2455926.750299400172", "title": "time of perihelion passage", "units": "TDB", "label": "tp"}, {"sigma": 0.000323130822414161, "name": "om", "title": "longitude of the ascending node", "value": "258.5613795609854", "units": "deg", "label": "node"}, {"units": "deg", "title": "argument of perihelion", "value": "212.7340948719547", "sigma": 0.000413696519467208, "name": "w", "label": "peri"}, {"label": "i", "units": "deg", "value": "3.981854042796642", "title": "inclination", "name": "i", "sigma": 1.88681918141736e-05}], "data": [["2.081801212257091E-12", "-4.417948278006234E-12", "2.324944683287722E-11", "4.293137725937318E-11", "-3.768760999978041E-10", "-4.284337953147035E-12"], ["-4.417948278006234E-12", "9.376969831210508E-12", "-4.854491814665555E-11", "-9.109523442910851E-11", "8.003772850922529E-10", "9.061897596475449E-12"], ["2.324944683287722E-11", "-4.854491814665555E-11", "5.397453987530782E-9", "2.070830402884699E-9", "-3.265965157595486E-9", "-3.493668976001419E-10"], ["4.293137725937318E-11", "-9.109523442910851E-11", "2.070830402884699E-9", "1.044135283940521E-7", "-1.103264943073278E-7", "-5.221313531634302E-9"], ["-3.768760999978041E-10", "8.003772850922529E-10", "-3.265965157595486E-9", "-1.103264943073278E-7", "1.711448102192818E-7", "5.753048435927169E-9"], ["-4.284337953147035E-12", "9.061897596475449E-12", "-3.493668976001419E-10", "-5.221313531634302E-9", "5.753048435927169E-9", "3.560086623364472E-10"]]}, "elements": [{"title": "eccentricity", "value": ".5162597962556259", "units": null, "sigma": "1.4523E-6", "name": "e", "label": "e"}, {"label": "a", "title": "semi-major axis", "value": "2.014190333160315", "units": "au", "name": "a", "sigma": "3.5384E-7"}, {"label": "q", "units": "au", "value": ".9743448421429193", "title": "perihelion distance", "sigma": "3.0925E-6", "name": "q"}, {"units": "deg", "title": "inclination; angle with respect to x-y ecliptic plane", "value": "3.980341795482208", "sigma": "1.8842E-5", "name": "i", "label": "i"}, {"units": "deg", "title": "longitude of the ascending node", "value": "258.4057761473193", "sigma": ".00032338", "name": "om", "label": "node"}, {"value": "212.8870979034651", "title": "argument of perihelion", "units": "deg", "name": "w", "sigma": ".00041414", "label": "peri"}, {"name": "ma", "sigma": ".00045623", "value": "18.12290312909012", "title": "mean anomaly", "units": "deg", "label": "M"}, {"label": "tp", "units": "TDB", "value": "2461147.937688447141", "title": "time of perihelion passage", "name": "tp", "sigma": ".0013094"}, {"sigma": ".00027514", "name": "per", "value": "1044.117050355791", "title": "sidereal orbital period", "units": "d", "label": "period"}, {"value": ".3447889294378704", "title": "mean motion", "units": "deg/d", "sigma": "9.0855E-8", "name": "n", "label": "n"}, {"label": "Q", "sigma": "5.3651E-7", "name": "ad", "value": "3.05403582417771", "title": "aphelion distance", "units": "au"}], "epoch": "2461200.5"}