{"spkid": "50609406", "covariance": {"epoch": "2456837.5", "labels": ["e", "q", "tp", "node", "peri", "i"], "elements": [{"label": "e", "value": ".3600899972389756", "title": "eccentricity", "units": null, "sigma": 4.58319966544188e-07, "name": "e"}, {"label": "q", "name": "q", "sigma": 6.33637863527602e-07, "units": "au", "value": ".8295880411948963", "title": "perihelion distance"}, {"title": "time of perihelion passage", "value": "2456673.877106672313", "units": "TDB", "sigma": 0.000119244297176073, "name": "tp", "label": "tp"}, {"label": "node", "value": "359.9567132312573", "title": "longitude of the ascending node", "units": "deg", "name": "om", "sigma": 7.75326061097777e-05}, {"title": "argument of perihelion", "value": "284.9067763743739", "units": "deg", "sigma": 7.353501744587e-05, "name": "w", "label": "peri"}, {"label": "i", "name": "i", "sigma": 1.58719926681396e-05, "value": "2.309044971292011", "title": "inclination", "units": "deg"}], "data": [["2.100571917330653E-13", "-2.903988189514884E-13", "4.472063764826803E-11", "1.653494316362364E-11", "6.793897790666125E-12", "-3.001087069133411E-12"], ["-2.903988189514884E-13", "4.014969420958234E-13", "-6.149449673359336E-11", "-2.274396577198901E-11", "-9.242161304339641E-12", "4.155207396506111E-12"], ["4.472063764826803E-11", "-6.149449673359336E-11", "1.421920240901563E-8", "5.126891963567268E-9", "3.643098452920395E-9", "-5.737306707711058E-10"], ["1.653494316362364E-11", "-2.274396577198901E-11", "5.126891963567268E-9", "6.011305010173945E-9", "-2.872657195559854E-9", "5.292902716899479E-10"], ["6.793897790666125E-12", "-9.242161304339641E-12", "3.643098452920395E-9", "-2.872657195559854E-9", "5.4073987907644E-9", "-8.103270942899326E-10"], ["-3.001087069133411E-12", "4.155207396506111E-12", "-5.737306707711058E-10", "5.292902716899479E-10", "-8.103270942899326E-10", "2.519201512574772E-10"]]}, "elements": [{"label": "e", "name": "e", "sigma": "4.5942E-7", "title": "eccentricity", "value": ".3599703462908366", "units": null}, {"name": "a", "sigma": "5.5723E-8", "value": "1.296321446313099", "title": "semi-major axis", "units": "au", "label": "a"}, {"label": "q", "units": "au", "value": ".8296841663795345", "title": "perihelion distance", "sigma": "6.3117E-7", "name": "q"}, {"units": "deg", "value": "2.304998507823365", "title": "inclination; angle with respect to x-y ecliptic plane", "sigma": "1.5858E-5", "name": "i", "label": "i"}, {"label": "node", "units": "deg", "value": "359.7853193882519", "title": "longitude of the ascending node", "name": "om", "sigma": "7.8117E-5"}, {"value": "285.0230035640784", "title": "argument of perihelion", "units": "deg", "name": "w", "sigma": "7.3615E-5", "label": "peri"}, {"label": "M", "value": "142.278806017455", "title": "mean anomaly", "units": "deg", "name": "ma", "sigma": ".00015778"}, {"label": "tp", "units": "TDB", "value": "2460987.438393568000", "title": "time of perihelion passage", "sigma": ".00022347", "name": "tp"}, {"name": "per", "sigma": "3.476E-5", "value": "539.0977086644245", "title": "sidereal orbital period", "units": "d", "label": "period"}, {"label": "n", "value": ".6677824709956084", "title": "mean motion", "units": "deg/d", "sigma": "4.3057E-8", "name": "n"}, {"title": "aphelion distance", "value": "1.762958726246663", "units": "au", "sigma": "7.5781E-8", "name": "ad", "label": "Q"}], "epoch": "2461200.5"}