{"spkid": "50605187", "covariance": {"elements": [{"label": "e", "units": null, "value": ".6031599586262564", "title": "eccentricity", "sigma": 5.91259876486684e-08, "name": "e"}, {"label": "q", "value": ".9134936692371953", "title": "perihelion distance", "units": "au", "name": "q", "sigma": 1.37685881051139e-07}, {"label": "tp", "sigma": 1.42065882812647e-05, "name": "tp", "title": "time of perihelion passage", "value": "2458670.440805162067", "units": "TDB"}, {"label": "node", "sigma": 0.000293109065819558, "name": "om", "units": "deg", "title": "longitude of the ascending node", "value": "92.97831052640615"}, {"label": "peri", "title": "argument of perihelion", "value": "202.2484494057254", "units": "deg", "sigma": 0.000289019151398966, "name": "w"}, {"value": "1.566734910024373", "title": "inclination", "units": "deg", "name": "i", "sigma": 1.51121964368376e-05, "label": "i"}], "data": [["3.495882415430483E-15", "-8.14079517916659E-15", "7.434234222281015E-13", "2.1199745824001E-12", "-6.948137806831811E-13", "-9.814472265112763E-14"], ["-8.14079517916659E-15", "1.895740184082838E-14", "-1.730565045270617E-12", "-4.903060481338588E-12", "1.584840450422374E-12", "2.270233544078499E-13"], ["7.434234222281015E-13", "-1.730565045270617E-12", "2.018271505933678E-10", "1.205881352296695E-9", "-8.627309078806879E-10", "-4.936250417789831E-11"], ["2.1199745824001E-12", "-4.903060481338588E-12", "1.205881352296695E-9", "8.591292446561393E-8", "-8.441354344161834E-8", "-4.376600686546188E-9"], ["-6.948137806831811E-13", "1.584840450422374E-12", "-8.627309078806879E-10", "-8.441354344161834E-8", "8.35320698753787E-8", "4.313182803307923E-9"], ["-9.814472265112763E-14", "2.270233544078499E-13", "-4.936250417789831E-11", "-4.376600686546188E-9", "4.313182803307923E-9", "2.283784811455662E-10"]], "labels": ["e", "q", "tp", "node", "peri", "i"], "epoch": "2458117.5"}, "elements": [{"units": null, "title": "eccentricity", "value": ".6043648173638033", "sigma": "5.8249E-8", "name": "e", "label": "e"}, {"label": "a", "name": "a", "sigma": "3.9913E-9", "value": "2.299167402341957", "title": "semi-major axis", "units": "au"}, {"sigma": "1.325E-7", "name": "q", "units": "au", "value": ".90963151513675", "title": "perihelion distance", "label": "q"}, {"sigma": "1.5496E-5", "name": "i", "value": "1.63668186310375", "title": "inclination; angle with respect to x-y ecliptic plane", "units": "deg", "label": "i"}, {"value": "92.03751467385896", "title": "longitude of the ascending node", "units": "deg", "name": "om", "sigma": ".0002764", "label": "node"}, {"name": "w", "sigma": ".00027201", "units": "deg", "value": "203.1529306454612", "title": "argument of perihelion", "label": "peri"}, {"sigma": "5.9827E-6", "name": "ma", "title": "mean anomaly", "value": "353.8020682386892", "units": "deg", "label": "M"}, {"label": "tp", "name": "tp", "sigma": "2.1218E-5", "units": "TDB", "value": "2461222.422930475722", "title": "time of perihelion passage"}, {"label": "period", "units": "d", "value": "1273.369129445008", "title": "sidereal orbital period", "name": "per", "sigma": "3.3158E-6"}, {"units": "deg/d", "value": ".2827145653805069", "title": "mean motion", "sigma": "7.3618E-10", "name": "n", "label": "n"}, {"label": "Q", "units": "au", "title": "aphelion distance", "value": "3.688703289547163", "name": "ad", "sigma": "6.4035E-9"}], "epoch": "2461200.5"}