{"spkid": "50610550", "covariance": {"data": [["9.037586686325635E-15", "-1.364739396114209E-14", "-1.496828728423862E-12", "2.084832560191911E-12", "-3.24904600699303E-12", "-4.322352109939456E-14"], ["-1.364739396114209E-14", "2.061838457853901E-14", "2.230504398380764E-12", "-3.122260236666658E-12", "4.861293031881056E-12", "6.563729201227422E-14"], ["-1.496828728423862E-12", "2.230504398380764E-12", "7.889551737527266E-10", "-6.51928580580162E-10", "1.130739500763928E-9", "4.669697766033665E-12"], ["2.084832560191911E-12", "-3.122260236666658E-12", "-6.51928580580162E-10", "5.718262429434078E-8", "-5.758349576069758E-8", "-8.119589441403901E-10"], ["-3.24904600699303E-12", "4.861293031881056E-12", "1.130739500763928E-9", "-5.758349576069758E-8", "5.830666890349947E-8", "8.161529751873548E-10"], ["-4.322352109939456E-14", "6.563729201227422E-14", "4.669697766033665E-12", "-8.119589441403901E-10", "8.161529751873548E-10", "3.417598916722353E-11"]], "elements": [{"sigma": 9.50662226362531e-08, "name": "e", "title": "eccentricity", "value": ".4646754333949223", "units": null, "label": "e"}, {"name": "q", "sigma": 1.43591032375072e-07, "units": "au", "value": ".7857007074963251", "title": "perihelion distance", "label": "q"}, {"label": "tp", "sigma": 2.80883458707117e-05, "name": "tp", "units": "TDB", "title": "time of perihelion passage", "value": "2458061.413194142615"}, {"title": "longitude of the ascending node", "value": "271.8256419817603", "units": "deg", "name": "om", "sigma": 0.000239128886365367, "label": "node"}, {"units": "deg", "title": "argument of perihelion", "value": "3.280331780345821", "sigma": 0.000241467738846206, "name": "w", "label": "peri"}, {"sigma": 5.84602336355437e-06, "name": "i", "units": "deg", "value": "2.341231758426046", "title": "inclination", "label": "i"}], "labels": ["e", "q", "tp", "node", "peri", "i"], "epoch": "2458278.5"}, "elements": [{"units": null, "title": "eccentricity", "value": ".4646488723576925", "name": "e", "sigma": "9.498E-8", "label": "e"}, {"name": "a", "sigma": "9.3425E-9", "value": "1.467361046654243", "title": "semi-major axis", "units": "au", "label": "a"}, {"label": "q", "name": "q", "sigma": "1.4336E-7", "title": "perihelion distance", "value": ".7855533909847459", "units": "au"}, {"label": "i", "name": "i", "sigma": "5.8428E-6", "value": "2.341902193632002", "title": "inclination; angle with respect to x-y ecliptic plane", "units": "deg"}, {"label": "node", "value": "271.7524755920878", "title": "longitude of the ascending node", "units": "deg", "sigma": ".00023903", "name": "om"}, {"label": "peri", "sigma": ".00024137", "name": "w", "units": "deg", "title": "argument of perihelion", "value": "3.435611837097548"}, {"label": "M", "units": "deg", "value": "300.2257879208466", "title": "mean anomaly", "name": "ma", "sigma": "2.506E-5"}, {"name": "tp", "sigma": "4.6001E-5", "title": "time of perihelion passage", "value": "2461308.299132279192", "units": "TDB", "label": "tp"}, {"label": "period", "name": "per", "sigma": "6.2004E-6", "value": "649.2379618341076", "title": "sidereal orbital period", "units": "d"}, {"label": "n", "value": ".5544962265961686", "title": "mean motion", "units": "deg/d", "name": "n", "sigma": "5.2956E-9"}, {"units": "au", "title": "aphelion distance", "value": "2.149168702323741", "sigma": "1.3683E-8", "name": "ad", "label": "Q"}], "epoch": "2461200.5"}