{"spkid": "50617410", "covariance": {"labels": ["e", "q", "tp", "node", "peri", "i"], "elements": [{"value": ".3615208044597572", "title": "eccentricity", "units": null, "name": "e", "sigma": 1.18265094554867e-07, "label": "e"}, {"label": "q", "units": "au", "title": "perihelion distance", "value": ".4551138327635409", "name": "q", "sigma": 8.49823951773889e-08}, {"value": "2456775.494473853101", "title": "time of perihelion passage", "units": "TDB", "name": "tp", "sigma": 2.76176350433266e-05, "label": "tp"}, {"label": "node", "units": "deg", "value": "8.947406746149158", "title": "longitude of the ascending node", "name": "om", "sigma": 7.84842250279501e-05}, {"title": "argument of perihelion", "value": "190.364599977598", "units": "deg", "name": "w", "sigma": 5.20456124208177e-05, "label": "peri"}, {"label": "i", "value": "6.666409611325528", "title": "inclination", "units": "deg", "name": "i", "sigma": 2.22840618993628e-05}], "data": [["1.398663259007158E-14", "-1.00117295634562E-14", "-6.834392011412362E-13", "3.055604969569709E-12", "-8.658222108173287E-13", "-6.302664495628716E-13"], ["-1.00117295634562E-14", "7.222007490085892E-15", "4.57253702682795E-13", "-2.286352212305658E-12", "6.047900593842545E-13", "4.55989963077622E-13"], ["-6.834392011412362E-13", "4.57253702682795E-13", "7.627337653863813E-10", "7.080396247503069E-10", "5.807274600760237E-10", "-1.963620673504392E-10"], ["3.055604969569709E-12", "-2.286352212305658E-12", "7.080396247503069E-10", "6.159773578237901E-9", "-1.93922630001581E-9", "-7.598011662695704E-10"], ["-8.658222108173287E-13", "6.047900593842545E-13", "5.807274600760237E-10", "-1.93922630001581E-9", "2.708745772257976E-9", "-4.397717342645641E-10"], ["-6.302664495628716E-13", "4.55989963077622E-13", "-1.963620673504392E-10", "-7.598011662695704E-10", "-4.397717342645641E-10", "4.965794147346335E-10"]], "epoch": "2456799.5"}, "elements": [{"label": "e", "sigma": "1.1775E-7", "name": "e", "title": "eccentricity", "value": ".3612430965999401", "units": null}, {"sigma": "1.4917E-8", "name": "a", "value": ".7130406162245674", "title": "semi-major axis", "units": "au", "label": "a"}, {"label": "q", "name": "q", "sigma": "8.6305E-8", "units": "au", "title": "perihelion distance", "value": ".4554596160180752"}, {"label": "i", "units": "deg", "title": "inclination; angle with respect to x-y ecliptic plane", "value": "6.66914066152452", "name": "i", "sigma": "2.2166E-5"}, {"sigma": "7.6861E-5", "name": "om", "value": "8.63950187363354", "title": "longitude of the ascending node", "units": "deg", "label": "node"}, {"label": "peri", "sigma": "5.291E-5", "name": "w", "title": "argument of perihelion", "value": "190.615999263402", "units": "deg"}, {"label": "M", "sigma": ".00022533", "name": "ma", "units": "deg", "value": "43.743560478623", "title": "mean anomaly"}, {"label": "tp", "units": "TDB", "value": "2461173.777230931676", "title": "time of perihelion passage", "sigma": ".00013683", "name": "tp"}, {"label": "period", "units": "d", "title": "sidereal orbital period", "value": "219.9225842463792", "name": "per", "sigma": "6.9015E-6"}, {"sigma": "5.137E-8", "name": "n", "units": "deg/d", "value": "1.636939658715051", "title": "mean motion", "label": "n"}, {"label": "Q", "units": "au", "title": "aphelion distance", "value": ".9706216164310595", "sigma": "2.0306E-8", "name": "ad"}], "epoch": "2461200.5"}