{"spkid": "50613412", "covariance": {"epoch": "2458766.5", "elements": [{"units": null, "value": ".2285579062249241", "title": "eccentricity", "sigma": 3.2794943259099e-08, "name": "e", "label": "e"}, {"units": "au", "title": "perihelion distance", "value": ".7250382051546033", "name": "q", "sigma": 2.99489943739761e-08, "label": "q"}, {"label": "tp", "value": "2458641.526651168105", "title": "time of perihelion passage", "units": "TDB", "sigma": 1.14816719819976e-05, "name": "tp"}, {"title": "longitude of the ascending node", "value": "221.0602454351854", "units": "deg", "name": "om", "sigma": 2.35872075918711e-05, "label": "node"}, {"label": "peri", "title": "argument of perihelion", "value": "292.9431315931848", "units": "deg", "sigma": 1.80187462050045e-05, "name": "w"}, {"label": "i", "sigma": 4.07713817051014e-06, "name": "i", "units": "deg", "title": "inclination", "value": "5.453556916757134"}], "data": [["1.075508303367526E-15", "-9.815547438790323E-16", "1.354142275998634E-13", "4.643416397075699E-13", "-2.729240825881176E-13", "-4.816069245135765E-14"], ["-9.815547438790323E-16", "8.969422640124549E-16", "-1.143661073700759E-13", "-4.130650139909976E-13", "2.466690742914356E-13", "4.422680165754442E-14"], ["1.354142275998634E-13", "-1.143661073700759E-13", "1.318287915021879E-10", "1.537958071364486E-10", "-2.967927088603375E-11", "-3.239664039691458E-12"], ["4.643416397075699E-13", "-4.130650139909976E-13", "1.537958071364486E-10", "5.563563619820219E-10", "-3.781682340045758E-10", "-5.619091995946651E-11"], ["-2.729240825881176E-13", "2.466690742914356E-13", "-2.967927088603375E-11", "-3.781682340045758E-10", "3.246752148003638E-10", "4.763507189862483E-11"], ["-4.816069245135765E-14", "4.422680165754442E-14", "-3.239664039691458E-12", "-5.619091995946651E-11", "4.763507189862483E-11", "1.662305566143075E-11"]], "labels": ["e", "q", "tp", "node", "peri", "i"]}, "elements": [{"units": null, "value": ".2286768635296566", "title": "eccentricity", "sigma": "3.2805E-8", "name": "e", "label": "e"}, {"label": "a", "sigma": "1.0664E-9", "name": "a", "units": "au", "value": ".9409715626281562", "title": "semi-major axis"}, {"label": "q", "sigma": "3.0307E-8", "name": "q", "units": "au", "value": ".7257931370157497", "title": "perihelion distance"}, {"units": "deg", "value": "5.453118669534139", "title": "inclination; angle with respect to x-y ecliptic plane", "sigma": "4.081E-6", "name": "i", "label": "i"}, {"label": "node", "sigma": "2.3542E-5", "name": "om", "units": "deg", "title": "longitude of the ascending node", "value": "220.8856067280137"}, {"label": "peri", "name": "w", "sigma": "1.7811E-5", "units": "deg", "title": "argument of perihelion", "value": "293.0218017679549"}, {"label": "M", "name": "ma", "sigma": "1.8024E-5", "units": "deg", "value": "245.9032246719165", "title": "mean anomaly"}, {"label": "tp", "name": "tp", "sigma": "1.6818E-5", "units": "TDB", "title": "time of perihelion passage", "value": "2461306.165702431750"}, {"label": "period", "units": "d", "title": "sidereal orbital period", "value": "333.3981417620911", "sigma": "5.6677E-7", "name": "per"}, {"units": "deg/d", "title": "mean motion", "value": "1.079790061508176", "name": "n", "sigma": "1.8356E-9", "label": "n"}, {"value": "1.156149988240563", "title": "aphelion distance", "units": "au", "sigma": "1.3103E-9", "name": "ad", "label": "Q"}], "epoch": "2461200.5"}