{"spkid": "50610047", "covariance": {"epoch": "2456329.5", "labels": ["e", "q", "tp", "node", "peri", "i"], "elements": [{"sigma": 6.86184086111564e-08, "name": "e", "units": null, "value": ".5529560516893705", "title": "eccentricity", "label": "e"}, {"title": "perihelion distance", "value": ".7436835712182258", "units": "au", "sigma": 1.04480499852654e-07, "name": "q", "label": "q"}, {"label": "tp", "sigma": 2.98374365444862e-05, "name": "tp", "units": "TDB", "value": "2456296.376293415347", "title": "time of perihelion passage"}, {"label": "node", "sigma": 3.89548179024149e-05, "name": "om", "title": "longitude of the ascending node", "value": "221.7885306233882", "units": "deg"}, {"sigma": 4.03388561369103e-05, "name": "w", "units": "deg", "title": "argument of perihelion", "value": "252.605277308744", "label": "peri"}, {"label": "i", "name": "i", "sigma": 1.26465251029702e-05, "units": "deg", "title": "inclination", "value": "9.638587572897297"}], "data": [["4.708486000327617E-15", "-6.968528386213762E-15", "-5.597158327259978E-13", "-6.12230353876666E-15", "2.685781070058524E-13", "-2.944506188869858E-14"], ["-6.968528386213762E-15", "1.091617484946052E-14", "4.572209897364118E-13", "-2.200625274026043E-14", "-5.71900196945827E-13", "2.015921696303327E-14"], ["-5.597158327259978E-13", "4.572209897364118E-13", "8.902726195462388E-10", "6.209939245777325E-11", "2.870732432058396E-10", "7.78993528339715E-11"], ["-6.12230353876666E-15", "-2.200625274026043E-14", "6.209939245777325E-11", "1.517477837810305E-9", "-1.464720484661647E-9", "-3.437623723022975E-10"], ["2.685781070058524E-13", "-5.71900196945827E-13", "2.870732432058396E-10", "-1.464720484661647E-9", "1.627223314434346E-9", "3.675170117502317E-10"], ["-2.944506188869858E-14", "2.015921696303327E-14", "7.78993528339715E-11", "-3.437623723022975E-10", "3.675170117502317E-10", "1.599345971800552E-10"]]}, "elements": [{"label": "e", "units": null, "value": ".5531573356026739", "title": "eccentricity", "name": "e", "sigma": "6.8542E-8"}, {"units": "au", "value": "1.663511942306528", "title": "semi-major axis", "sigma": "5.9236E-8", "name": "a", "label": "a"}, {"label": "q", "sigma": "1.0478E-7", "name": "q", "value": ".74332810855702", "title": "perihelion distance", "units": "au"}, {"name": "i", "sigma": "1.2649E-5", "value": "9.630744172469525", "title": "inclination; angle with respect to x-y ecliptic plane", "units": "deg", "label": "i"}, {"label": "node", "sigma": "3.8995E-5", "name": "om", "value": "221.5646442384466", "title": "longitude of the ascending node", "units": "deg"}, {"label": "peri", "value": "252.9052499184306", "title": "argument of perihelion", "units": "deg", "sigma": "4.0339E-5", "name": "w"}, {"label": "M", "sigma": ".00011695", "name": "ma", "units": "deg", "title": "mean anomaly", "value": "92.42661894800163"}, {"label": "tp", "units": "TDB", "value": "2460999.298192895637", "title": "time of perihelion passage", "name": "tp", "sigma": ".00024389"}, {"name": "per", "sigma": "4.1859E-5", "units": "d", "title": "sidereal orbital period", "value": "783.6773797635155", "label": "period"}, {"value": ".4593727078209588", "title": "mean motion", "units": "deg/d", "sigma": "2.4537E-8", "name": "n", "label": "n"}, {"label": "Q", "name": "ad", "sigma": "9.2002E-8", "title": "aphelion distance", "value": "2.583695776056036", "units": "au"}], "epoch": "2461200.5"}