{"spkid": "50614662", "covariance": {"elements": [{"sigma": 3.70560427354806e-08, "name": "e", "title": "eccentricity", "value": ".542808303038262", "units": null, "label": "e"}, {"label": "q", "sigma": 7.47287202337927e-08, "name": "q", "value": ".899564698000367", "title": "perihelion distance", "units": "au"}, {"label": "tp", "sigma": 2.16054862470615e-05, "name": "tp", "units": "TDB", "title": "time of perihelion passage", "value": "2459163.614649576272"}, {"label": "node", "value": "255.9283104629264", "title": "longitude of the ascending node", "units": "deg", "name": "om", "sigma": 9.25347846474663e-05}, {"sigma": 9.77281178980243e-05, "name": "w", "units": "deg", "value": "49.02629022033913", "title": "argument of perihelion", "label": "peri"}, {"name": "i", "sigma": 9.86029591457297e-06, "units": "deg", "value": "7.775297402123906", "title": "inclination", "label": "i"}], "data": [["1.373150303213765E-15", "-2.768104901104202E-15", "6.223099085093604E-13", "-1.15810733808723E-12", "1.458219288791995E-12", "9.340218017165618E-14"], ["-2.768104901104202E-15", "5.584381627780458E-15", "-1.265382939608601E-12", "2.342797561941386E-12", "-2.954215028549302E-12", "-1.879158381003542E-13"], ["6.223099085093604E-13", "-1.265382939608601E-12", "4.667970359719615E-10", "-9.808076480694863E-10", "1.224481095554426E-9", "8.754764556691352E-11"], ["-1.15810733808723E-12", "2.342797561941386E-12", "-9.808076480694863E-10", "8.562686369752969E-9", "-8.986357975295685E-9", "-8.228035342502437E-10"], ["1.458219288791995E-12", "-2.954215028549302E-12", "1.224481095554426E-9", "-8.986357975295685E-9", "9.550785027890143E-9", "8.587408024485205E-10"], ["9.340218017165618E-14", "-1.879158381003542E-13", "8.754764556691352E-11", "-8.228035342502437E-10", "8.587408024485205E-10", "9.722543552294445E-11"]], "labels": ["e", "q", "tp", "node", "peri", "i"], "epoch": "2459102.5"}, "elements": [{"units": null, "title": "eccentricity", "value": ".5435018632132759", "name": "e", "sigma": "3.6708E-8", "label": "e"}, {"label": "a", "name": "a", "sigma": "5.9665E-9", "units": "au", "value": "1.967907885732176", "title": "semi-major axis"}, {"label": "q", "units": "au", "title": "perihelion distance", "value": ".8983462832046401", "sigma": "7.408E-8", "name": "q"}, {"value": "7.775284512394648", "title": "inclination; angle with respect to x-y ecliptic plane", "units": "deg", "name": "i", "sigma": "9.8548E-6", "label": "i"}, {"label": "node", "sigma": "9.2538E-5", "name": "om", "units": "deg", "value": "255.8642892578179", "title": "longitude of the ascending node"}, {"label": "peri", "sigma": "9.7712E-5", "name": "w", "value": "49.07423855846846", "title": "argument of perihelion", "units": "deg"}, {"label": "M", "units": "deg", "value": "7.124249888847694", "title": "mean anomaly", "sigma": "5.7912E-6", "name": "ma"}, {"sigma": "1.6254E-5", "name": "tp", "units": "TDB", "value": "2461180.545437085484", "title": "time of perihelion passage", "label": "tp"}, {"name": "per", "sigma": "4.5858E-6", "units": "d", "title": "sidereal orbital period", "value": "1008.336703695776", "label": "period"}, {"label": "n", "name": "n", "sigma": "1.6237E-9", "units": "deg/d", "value": ".3570236000341162", "title": "mean motion"}, {"label": "Q", "units": "au", "title": "aphelion distance", "value": "3.037469488259712", "name": "ad", "sigma": "9.2093E-9"}], "epoch": "2461200.5"}