{"spkid": "50614420", "covariance": {"data": [["3.169499137188796E-15", "-3.650789296154316E-15", "3.969405784688687E-13", "-3.339435830233546E-14", "1.199548668390409E-13", "1.731266493925243E-13", "3.077241404800429E-22"], ["-3.650789296154316E-15", "4.208597938549875E-15", "-4.678135190217891E-13", "3.872934474662257E-14", "-1.407693456410562E-13", "-2.007972273986416E-13", "-3.391676231621479E-22"], ["3.969405784688687E-13", "-4.678135190217891E-13", "3.062290622861434E-9", "-9.710233343872495E-11", "2.107142780695965E-9", "3.575665926233137E-10", "2.305453876653716E-21"], ["-3.339435830233546E-14", "3.872934474662257E-14", "-9.710233343872495E-11", "4.696322860763478E-11", "-1.019276083153585E-10", "-5.141279487647321E-11", "-5.284346289224412E-21"], ["1.199548668390409E-13", "-1.407693456410562E-13", "2.107142780695965E-9", "-1.019276083153585E-10", "1.508728526009188E-9", "2.709678759106261E-10", "3.329478370358136E-20"], ["1.731266493925243E-13", "-2.007972273986416E-13", "3.575665926233137E-10", "-5.141279487647321E-11", "2.709678759106261E-10", "2.572160176772944E-10", "1.601180030591057E-20"], ["3.077241404800429E-22", "-3.391676231621479E-22", "2.305453876653716E-21", "-5.284346289224412E-21", "3.329478370358136E-20", "1.601180030591057E-20", "2.181314688688066E-28"]], "elements": [{"label": "e", "sigma": 5.62983049228731e-08, "name": "e", "title": "eccentricity", "value": ".2118726726489738", "units": null}, {"units": "au", "value": ".9143079590108046", "title": "perihelion distance", "sigma": 6.48737076060084e-08, "name": "q", "label": "q"}, {"sigma": 5.53379672816181e-05, "name": "tp", "value": "2457921.369900505831", "title": "time of perihelion passage", "units": "TDB", "label": "tp"}, {"name": "om", "sigma": 6.85297224623264e-06, "units": "deg", "title": "longitude of the ascending node", "value": "36.10106590043811", "label": "node"}, {"label": "peri", "title": "argument of perihelion", "value": "227.7348596279359", "units": "deg", "sigma": 3.88423547948523e-05, "name": "w"}, {"label": "i", "value": "35.59245096871786", "title": "inclination", "units": "deg", "name": "i", "sigma": 1.60379555329629e-05}], "labels": ["e", "q", "tp", "node", "peri", "i", "A2"], "epoch": "2458002.5"}, "elements": [{"label": "e", "title": "eccentricity", "value": ".2119554537375095", "units": null, "sigma": "5.6318E-8", "name": "e"}, {"label": "a", "sigma": "7.0299E-9", "name": "a", "units": "au", "value": "1.160177121638432", "title": "semi-major axis"}, {"units": "au", "title": "perihelion distance", "value": ".9142712534056802", "sigma": "6.3689E-8", "name": "q", "label": "q"}, {"units": "deg", "title": "inclination; angle with respect to x-y ecliptic plane", "value": "35.5885344441996", "sigma": "1.6038E-5", "name": "i", "label": "i"}, {"value": "36.07398765134774", "title": "longitude of the ascending node", "units": "deg", "sigma": "6.8498E-6", "name": "om", "label": "node"}, {"units": "deg", "value": "227.7457108280664", "title": "argument of perihelion", "sigma": "3.8872E-5", "name": "w", "label": "peri"}, {"label": "M", "title": "mean anomaly", "value": "66.44245598518415", "units": "deg", "sigma": "4.5141E-5", "name": "ma"}, {"label": "tp", "sigma": "5.7037E-5", "name": "tp", "title": "time of perihelion passage", "value": "2461116.258120240579", "units": "TDB"}, {"sigma": "4.1486E-6", "name": "per", "value": "456.4412357085952", "title": "sidereal orbital period", "units": "d", "label": "period"}, {"units": "deg/d", "title": "mean motion", "value": ".7887105104365155", "sigma": "7.1685E-9", "name": "n", "label": "n"}, {"label": "Q", "name": "ad", "sigma": "8.5199E-9", "value": "1.406082989871183", "title": "aphelion distance", "units": "au"}], "epoch": "2461200.5"}