{"spkid": "50616719", "covariance": {"epoch": "2458564.5", "elements": [{"label": "e", "sigma": 6.96724860525996e-08, "name": "e", "units": null, "value": ".1662666624589853", "title": "eccentricity"}, {"value": ".9404934017476767", "title": "perihelion distance", "units": "au", "sigma": 7.84077127504236e-08, "name": "q", "label": "q"}, {"label": "tp", "sigma": 0.000101777986735533, "name": "tp", "units": "TDB", "value": "2458354.264147454060", "title": "time of perihelion passage"}, {"label": "node", "name": "om", "sigma": 1.5710224775846e-05, "title": "longitude of the ascending node", "value": "226.8672058328102", "units": "deg"}, {"title": "argument of perihelion", "value": "98.73883484045827", "units": "deg", "name": "w", "sigma": 8.75143091100513e-05, "label": "peri"}, {"value": "5.111495223821164", "title": "inclination", "units": "deg", "name": "i", "sigma": 1.75007720878514e-05, "label": "i"}], "data": [["4.854255312749684E-15", "-5.460950627589628E-15", "5.765871122160419E-12", "-3.506375036400329E-13", "4.694649593334908E-12", "-3.00883105183893E-13", "4.108374233218399E-22"], ["-5.460950627589628E-15", "6.147769418752933E-15", "-6.402067610849871E-12", "3.900773283450642E-13", "-5.204218357028767E-12", "3.488938971223168E-13", "-4.454184632062301E-22"], ["5.765871122160419E-12", "-6.402067610849871E-12", "1.035875858393823E-8", "-6.087676473360466E-10", "8.771309885992273E-9", "-4.891257268271697E-10", "1.044254451333377E-18"], ["-3.506375036400329E-13", "3.900773283450642E-13", "-6.087676473360466E-10", "2.468111625076044E-10", "-7.235962960787735E-10", "-2.488282459446767E-11", "-5.778865094833342E-20"], ["4.694649593334908E-12", "-5.204218357028767E-12", "8.771309885992273E-9", "-7.235962960787735E-10", "7.658754299009617E-9", "-3.54441936403146E-10", "9.06114572221762E-19"], ["-3.00883105183893E-13", "3.488938971223168E-13", "-4.891257268271697E-10", "-2.488282459446767E-11", "-3.54441936403146E-10", "3.062770236709175E-10", "-1.76697015639618E-19"], ["4.108374233218399E-22", "-4.454184632062301E-22", "1.044254451333377E-18", "-5.778865094833342E-20", "9.06114572221762E-19", "-1.76697015639618E-19", "2.634377739905519E-28"]], "labels": ["e", "q", "tp", "node", "peri", "i", "A2"]}, "elements": [{"value": ".1661301431200378", "title": "eccentricity", "units": null, "name": "e", "sigma": "6.8431E-8", "label": "e"}, {"sigma": "4.4386E-9", "name": "a", "units": "au", "value": "1.127856777926828", "title": "semi-major axis", "label": "a"}, {"label": "q", "units": "au", "value": ".9404857699909394", "title": "perihelion distance", "sigma": "7.7674E-8", "name": "q"}, {"label": "i", "units": "deg", "title": "inclination; angle with respect to x-y ecliptic plane", "value": "5.115288482501206", "name": "i", "sigma": "1.7482E-5"}, {"name": "om", "sigma": "1.5648E-5", "units": "deg", "title": "longitude of the ascending node", "value": "226.6984038245372", "label": "node"}, {"title": "argument of perihelion", "value": "98.63690359197371", "units": "deg", "name": "w", "sigma": "8.7316E-5", "label": "peri"}, {"label": "M", "title": "mean anomaly", "value": "181.8414594927667", "units": "deg", "sigma": "8.9766E-5", "name": "ma"}, {"title": "time of perihelion passage", "value": "2461417.012763412601", "units": "TDB", "sigma": ".00010955", "name": "tp", "label": "tp"}, {"label": "period", "units": "d", "value": "437.5013098256259", "title": "sidereal orbital period", "sigma": "2.5826E-6", "name": "per"}, {"units": "deg/d", "title": "mean motion", "value": ".8228546793230962", "sigma": "4.8574E-9", "name": "n", "label": "n"}, {"label": "Q", "value": "1.315227785862717", "title": "aphelion distance", "units": "au", "sigma": "5.1759E-9", "name": "ad"}], "epoch": "2461200.5"}