{"spkid": "50620693", "covariance": {"labels": ["e", "q", "tp", "node", "peri", "i"], "elements": [{"label": "e", "sigma": 1.31629696405538e-07, "name": "e", "title": "eccentricity", "value": ".4996346458923698", "units": null}, {"sigma": 1.00767060087414e-07, "name": "q", "title": "perihelion distance", "value": ".3869400238998096", "units": "au", "label": "q"}, {"value": "2456884.249366366904", "title": "time of perihelion passage", "units": "TDB", "sigma": 3.34675350068924e-05, "name": "tp", "label": "tp"}, {"label": "node", "units": "deg", "value": "62.28563666546124", "title": "longitude of the ascending node", "sigma": 1.91737775110118e-05, "name": "om"}, {"sigma": 2.93459444265309e-05, "name": "w", "units": "deg", "value": "191.9152219722518", "title": "argument of perihelion", "label": "peri"}, {"sigma": 1.11301502016779e-05, "name": "i", "value": "7.605484238721663", "title": "inclination", "units": "deg", "label": "i"}], "data": [["1.732637697581416E-14", "-1.326065394923994E-14", "7.865032736525757E-13", "1.495135115906765E-13", "5.769244005489306E-14", "7.238438949671331E-13"], ["-1.326065394923994E-14", "1.015400039866044E-14", "-6.282035218535714E-13", "-1.123575399806048E-13", "-6.289188403269662E-14", "-5.565371485137784E-13"], ["7.865032736525757E-13", "-6.282035218535714E-13", "1.120075899437567E-9", "-1.300760653372322E-10", "7.538982324562249E-10", "6.244438896437438E-11"], ["1.495135115906765E-13", "-1.123575399806048E-13", "-1.300760653372322E-10", "3.676337440417823E-10", "-4.358477269841753E-10", "8.447791674758441E-11"], ["5.769244005489306E-14", "-6.289188403269662E-14", "7.538982324562249E-10", "-4.358477269841753E-10", "8.61184454285041E-10", "-5.783706671072165E-11"], ["7.238438949671331E-13", "-5.565371485137784E-13", "6.244438896437438E-11", "8.447791674758441E-11", "-5.783706671072165E-11", "1.238802435119116E-10"]], "epoch": "2456826.5"}, "elements": [{"units": null, "title": "eccentricity", "value": ".4995556514179333", "name": "e", "sigma": "1.3197E-7", "label": "e"}, {"units": "au", "title": "semi-major axis", "value": ".7733345101051221", "name": "a", "sigma": "7.2526E-9", "label": "a"}, {"name": "q", "sigma": "1.0061E-7", "units": "au", "title": "perihelion distance", "value": ".3870108851455895", "label": "q"}, {"label": "i", "name": "i", "sigma": "1.1105E-5", "title": "inclination; angle with respect to x-y ecliptic plane", "value": "7.616347695297632", "units": "deg"}, {"sigma": "1.9312E-5", "name": "om", "units": "deg", "title": "longitude of the ascending node", "value": "62.13546871938205", "label": "node"}, {"label": "peri", "sigma": "2.9391E-5", "name": "w", "units": "deg", "value": "192.0627502755027", "title": "argument of perihelion"}, {"label": "M", "units": "deg", "title": "mean anomaly", "value": "133.832118868879", "name": "ma", "sigma": "7.1972E-5"}, {"units": "TDB", "title": "time of perihelion passage", "value": "2461108.156279843581", "name": "tp", "sigma": "4.8563E-5", "label": "tp"}, {"name": "per", "sigma": "3.4944E-6", "title": "sidereal orbital period", "value": "248.3988114159736", "units": "d", "label": "period"}, {"sigma": "2.0388E-8", "name": "n", "units": "deg/d", "value": "1.449282297076442", "title": "mean motion", "label": "n"}, {"label": "Q", "name": "ad", "sigma": "1.0876E-8", "units": "au", "value": "1.159658135064655", "title": "aphelion distance"}], "epoch": "2461200.5"}