{"spkid": "50626052", "covariance": {"labels": ["e", "q", "tp", "node", "peri", "i"], "data": [["1.85529827604966E-14", "-1.668235606497893E-14", "1.669682093482507E-12", "4.942864543179188E-14", "-1.205140239254686E-13", "5.420771994841134E-13"], ["-1.668235606497893E-14", "1.5001927421546E-14", "-1.50511219355125E-12", "-4.484984384734169E-14", "1.088682834167295E-13", "-4.844089218005403E-13"], ["1.669682093482507E-12", "-1.50511219355125E-12", "1.599850171070729E-10", "6.246568949143881E-12", "-1.283480317829621E-11", "3.881896884631731E-11"], ["4.942864543179188E-14", "-4.484984384734169E-14", "6.246568949143881E-12", "2.590951008559996E-12", "-2.00527744409547E-12", "-1.297811457891326E-11"], ["-1.205140239254686E-13", "1.088682834167295E-13", "-1.283480317829621E-11", "-2.00527744409547E-12", "2.546834656100294E-12", "7.450739904967455E-12"], ["5.420771994841134E-13", "-4.844089218005403E-13", "3.881896884631731E-11", "-1.297811457891326E-11", "7.450739904967455E-12", "1.241219845919996E-10"]], "elements": [{"label": "e", "value": ".3785406235240498", "title": "eccentricity", "units": null, "name": "e", "sigma": 1.36209334336882e-07}, {"units": "au", "value": ".562149540464416", "title": "perihelion distance", "sigma": 1.22482355551916e-07, "name": "q", "label": "q"}, {"label": "tp", "name": "tp", "sigma": 1.2648518375963e-05, "units": "TDB", "value": "2457493.803611601465", "title": "time of perihelion passage"}, {"label": "node", "units": "deg", "title": "longitude of the ascending node", "value": "132.1224304336044", "sigma": 1.60964313080881e-06, "name": "om"}, {"label": "peri", "name": "w", "sigma": 1.59588052688799e-06, "value": "228.85152631861", "title": "argument of perihelion", "units": "deg"}, {"name": "i", "sigma": 1.11410046491328e-05, "units": "deg", "title": "inclination", "value": "26.05463993655134", "label": "i"}], "epoch": "2457346.5"}, "elements": [{"value": ".3783112703963362", "title": "eccentricity", "units": null, "name": "e", "sigma": "1.3654E-7", "label": "e"}, {"label": "a", "name": "a", "sigma": "2.2913E-9", "title": "semi-major axis", "value": ".9046711797894139", "units": "au"}, {"sigma": "1.2285E-7", "name": "q", "title": "perihelion distance", "value": ".5624238764723284", "units": "au", "label": "q"}, {"label": "i", "sigma": "1.1128E-5", "name": "i", "value": "26.06439693654013", "title": "inclination; angle with respect to x-y ecliptic plane", "units": "deg"}, {"label": "node", "units": "deg", "title": "longitude of the ascending node", "value": "132.0747022643859", "sigma": "1.5982E-6", "name": "om"}, {"units": "deg", "value": "228.85440747", "title": "argument of perihelion", "sigma": "1.5428E-6", "name": "w", "label": "peri"}, {"label": "M", "name": "ma", "sigma": "2.4546E-5", "value": "286.5162605626472", "title": "mean anomaly", "units": "deg"}, {"label": "tp", "value": "2461264.653936127277", "title": "time of perihelion passage", "units": "TDB", "sigma": "2.1632E-5", "name": "tp"}, {"value": "314.2928923140778", "title": "sidereal orbital period", "units": "d", "sigma": "1.194E-6", "name": "per", "label": "period"}, {"label": "n", "name": "n", "sigma": "4.3517E-9", "title": "mean motion", "value": "1.145428384808163", "units": "deg/d"}, {"sigma": "3.1582E-9", "name": "ad", "units": "au", "value": "1.246918483106499", "title": "aphelion distance", "label": "Q"}], "epoch": "2461200.5"}