{"spkid": "50623695", "covariance": {"labels": ["e", "q", "tp", "node", "peri", "i"], "data": [["3.960573472601053E-14", "-7.201368787723649E-14", "-3.297828263310866E-12", "-4.186215687452124E-11", "4.498296483999854E-11", "-3.308692590961442E-12"], ["-7.201368787723649E-14", "1.309421061489291E-13", "6.001158915771168E-12", "7.627965449541565E-11", "-8.194700640852119E-11", "6.02476523252134E-12"], ["-3.297828263310866E-12", "6.001158915771168E-12", "4.768955213230982E-10", "5.238042745514273E-9", "-5.256989449106584E-9", "4.072542231280626E-10"], ["-4.186215687452124E-11", "7.627965449541565E-11", "5.238042745514273E-9", "1.99861897345609E-7", "-2.005997447954317E-7", "1.088315134835377E-8"], ["4.498296483999854E-11", "-8.194700640852119E-11", "-5.256989449106584E-9", "-2.005997447954317E-7", "2.018821430089277E-7", "-1.096176324941109E-8"], ["-3.308692590961442E-12", "6.02476523252134E-12", "4.072542231280626E-10", "1.088315134835377E-8", "-1.096176324941109E-8", "6.538232998550385E-10"]], "elements": [{"label": "e", "sigma": 1.99011895940948e-07, "name": "e", "title": "eccentricity", "value": ".6301975457954658", "units": null}, {"label": "q", "sigma": 3.61859235268259e-07, "name": "q", "units": "au", "value": ".6899478565768482", "title": "perihelion distance"}, {"label": "tp", "title": "time of perihelion passage", "value": "2456356.785856084968", "units": "TDB", "name": "tp", "sigma": 2.18379376618558e-05}, {"label": "node", "units": "deg", "title": "longitude of the ascending node", "value": "54.82102019346564", "name": "om", "sigma": 0.000447059165374796}, {"value": "143.9282910312044", "title": "argument of perihelion", "units": "deg", "sigma": 0.000449312967772941, "name": "w", "label": "peri"}, {"title": "inclination", "value": "3.826387092092716", "units": "deg", "sigma": 2.55699687104822e-05, "name": "i", "label": "i"}], "epoch": "2456507.5"}, "elements": [{"label": "e", "units": null, "value": ".6307650941091857", "title": "eccentricity", "sigma": "1.9726E-7", "name": "e"}, {"label": "a", "sigma": "2.0889E-8", "name": "a", "units": "au", "value": "1.865766750433503", "title": "semi-major axis"}, {"label": "q", "units": "au", "value": ".6889062105105248", "title": "perihelion distance", "name": "q", "sigma": "3.6079E-7"}, {"label": "i", "units": "deg", "value": "3.820098657086016", "title": "inclination; angle with respect to x-y ecliptic plane", "name": "i", "sigma": "2.5578E-5"}, {"units": "deg", "value": "54.59965143575849", "title": "longitude of the ascending node", "sigma": ".0004477", "name": "om", "label": "node"}, {"units": "deg", "value": "144.1336194594888", "title": "argument of perihelion", "name": "w", "sigma": ".00044996", "label": "peri"}, {"label": "M", "name": "ma", "sigma": "3.1844E-5", "units": "deg", "value": "73.92928757262638", "title": "mean anomaly"}, {"label": "tp", "units": "TDB", "value": "2461009.339362067519", "title": "time of perihelion passage", "sigma": "7.92E-5", "name": "tp"}, {"value": "930.860176193208", "title": "sidereal orbital period", "units": "d", "sigma": "1.5633E-5", "name": "per", "label": "period"}, {"value": ".3867390712450878", "title": "mean motion", "units": "deg/d", "name": "n", "sigma": "6.4949E-9", "label": "n"}, {"label": "Q", "name": "ad", "sigma": "3.4065E-8", "value": "3.042627290356481", "title": "aphelion distance", "units": "au"}], "epoch": "2461200.5"}