{"spkid": "50624764", "covariance": {"epoch": "2457166.5", "labels": ["e", "q", "tp", "node", "peri", "i"], "elements": [{"units": null, "title": "eccentricity", "value": ".7704252650615483", "name": "e", "sigma": 3.91570582084287e-08, "label": "e"}, {"label": "q", "units": "au", "title": "perihelion distance", "value": ".6321432345865903", "name": "q", "sigma": 1.07133024611974e-07}, {"label": "tp", "units": "TDB", "title": "time of perihelion passage", "value": "2456373.844335949130", "sigma": 2.85935555532585e-05, "name": "tp"}, {"label": "node", "units": "deg", "title": "longitude of the ascending node", "value": "286.2783874075422", "name": "om", "sigma": 1.68748525953013e-05}, {"value": "262.1834326940664", "title": "argument of perihelion", "units": "deg", "name": "w", "sigma": 1.81658238787331e-05, "label": "peri"}, {"units": "deg", "title": "inclination", "value": "24.81471144836499", "name": "i", "sigma": 1.68836773033461e-05, "label": "i"}], "data": [["1.533275207538271E-15", "-4.192628276589529E-15", "1.283243270042661E-13", "-1.898657420665295E-13", "2.011178234604519E-13", "-9.572097084004109E-14"], ["-4.192628276589529E-15", "1.147748496250988E-14", "-4.472013407198179E-13", "5.483607458968294E-13", "-5.760177802379762E-13", "2.652267735585813E-13"], ["1.283243270042661E-13", "-4.472013407198179E-13", "8.17591419177281E-10", "-2.497595023661672E-10", "2.788296488935291E-10", "-4.16230291231554E-11"], ["-1.898657420665295E-13", "5.483607458968294E-13", "-2.497595023661672E-10", "2.847606501131469E-10", "-2.716227075273306E-10", "-1.105516793348151E-11"], ["2.011178234604519E-13", "-5.760177802379762E-13", "2.788296488935291E-10", "-2.716227075273306E-10", "3.299971571931482E-10", "-7.606509748070411E-14"], ["-9.572097084004109E-14", "2.652267735585813E-13", "-4.16230291231554E-11", "-1.105516793348151E-11", "-7.606509748070411E-14", "2.850585592835249E-10"]]}, "elements": [{"label": "e", "name": "e", "sigma": "3.9141E-8", "value": ".7698155075938322", "title": "eccentricity", "units": null}, {"label": "a", "name": "a", "sigma": "1.6421E-8", "units": "au", "title": "semi-major axis", "value": "2.754885735058068"}, {"sigma": "1.0715E-7", "name": "q", "units": "au", "title": "perihelion distance", "value": ".6341319745613339", "label": "q"}, {"label": "i", "units": "deg", "value": "24.79501725162857", "title": "inclination; angle with respect to x-y ecliptic plane", "name": "i", "sigma": "1.6883E-5"}, {"label": "node", "units": "deg", "value": "286.1041522468856", "title": "longitude of the ascending node", "name": "om", "sigma": "1.6879E-5"}, {"units": "deg", "value": "262.3412593708878", "title": "argument of perihelion", "sigma": "1.8208E-5", "name": "w", "label": "peri"}, {"name": "ma", "sigma": "4.7888E-6", "value": "321.4959799852269", "title": "mean anomaly", "units": "deg", "label": "M"}, {"title": "time of perihelion passage", "value": "2461379.131228861296", "units": "TDB", "name": "tp", "sigma": "2.3555E-5", "label": "tp"}, {"label": "period", "units": "d", "title": "sidereal orbital period", "value": "1670.143594497237", "sigma": "1.4933E-5", "name": "per"}, {"label": "n", "sigma": "1.9272E-9", "name": "n", "units": "deg/d", "value": ".2155503282389145", "title": "mean motion"}, {"label": "Q", "title": "aphelion distance", "value": "4.875639495554802", "units": "au", "sigma": "2.9062E-8", "name": "ad"}], "epoch": "2461200.5"}