{"spkid": "50621046", "covariance": {"epoch": "2457728.5", "labels": ["e", "q", "tp", "node", "peri", "i"], "data": [["1.560761060922964E-13", "-1.586508446140587E-13", "-8.76620721153638E-12", "-2.191600050074587E-12", "-1.778880018428262E-12", "-1.158753783878534E-12"], ["-1.586508446140587E-13", "1.612685364651812E-13", "8.921367203660918E-12", "2.126219981226791E-12", "1.918312075935092E-12", "1.178309832544949E-12"], ["-8.76620721153638E-12", "8.921367203660918E-12", "8.097836001886356E-10", "-2.931133388875643E-9", "3.417619698672874E-9", "7.61480101537453E-11"], ["-2.191600050074587E-12", "2.126219981226791E-12", "-2.931133388875643E-9", "3.415447221426435E-8", "-3.663434779437633E-8", "-1.273515515134747E-10"], ["-1.778880018428262E-12", "1.918312075935092E-12", "3.417619698672874E-9", "-3.663434779437633E-8", "3.943509656492078E-8", "1.657269408264427E-10"], ["-1.158753783878534E-12", "1.178309832544949E-12", "7.61480101537453E-11", "-1.273515515134747E-10", "1.657269408264427E-10", "1.077533970089485E-11"]], "elements": [{"label": "e", "units": null, "title": "eccentricity", "value": ".3782337108056964", "name": "e", "sigma": 3.95064685959523e-07}, {"label": "q", "value": ".6061911919559463", "title": "perihelion distance", "units": "au", "name": "q", "sigma": 4.01582540040253e-07}, {"units": "TDB", "value": "2457609.514992609415", "title": "time of perihelion passage", "sigma": 2.84566969304e-05, "name": "tp", "label": "tp"}, {"label": "node", "units": "deg", "value": "124.9009588798798", "title": "longitude of the ascending node", "name": "om", "sigma": 0.000184809286060697}, {"value": "198.8964470279306", "title": "argument of perihelion", "units": "deg", "name": "w", "sigma": 0.000198582719703706, "label": "peri"}, {"units": "deg", "value": "1.419146310255112", "title": "inclination", "sigma": 3.28258125579472e-06, "name": "i", "label": "i"}]}, "elements": [{"units": null, "title": "eccentricity", "value": ".3782045104977657", "name": "e", "sigma": "3.9586E-7", "label": "e"}, {"label": "a", "name": "a", "sigma": "2.2386E-8", "units": "au", "title": "semi-major axis", "value": ".9755672668236567"}, {"label": "q", "title": "perihelion distance", "value": ".6066033262169724", "units": "au", "name": "q", "sigma": "4.001E-7"}, {"label": "i", "value": "1.417665487726423", "title": "inclination; angle with respect to x-y ecliptic plane", "units": "deg", "name": "i", "sigma": "3.3088E-6"}, {"value": "124.1672641118913", "title": "longitude of the ascending node", "units": "deg", "sigma": ".00018317", "name": "om", "label": "node"}, {"name": "w", "sigma": ".00019686", "units": "deg", "title": "argument of perihelion", "value": "199.5039890187961", "label": "peri"}, {"name": "ma", "sigma": ".00016268", "title": "mean anomaly", "value": "74.40250833283335", "units": "deg", "label": "M"}, {"label": "tp", "title": "time of perihelion passage", "value": "2461127.760663830281", "units": "TDB", "name": "tp", "sigma": ".00015656"}, {"units": "d", "value": "351.9526640682247", "title": "sidereal orbital period", "name": "per", "sigma": "1.2114E-5", "label": "period"}, {"units": "deg/d", "title": "mean motion", "value": "1.022864824601002", "name": "n", "sigma": "3.5207E-8", "label": "n"}, {"sigma": "3.0853E-8", "name": "ad", "value": "1.344531207430341", "title": "aphelion distance", "units": "au", "label": "Q"}], "epoch": "2461200.5"}