{"spkid": "50621795", "covariance": {"data": [["2.133704880166051E-15", "-2.538387111692334E-15", "5.464032554978468E-13", "2.086440606357874E-13", "4.72334986753266E-13", "-4.264269212168647E-14"], ["-2.538387111692334E-15", "4.872403494192951E-15", "-7.488142239295404E-13", "-4.018645633625889E-13", "-5.926907249171144E-13", "1.107294188129253E-13"], ["5.464032554978468E-13", "-7.488142239295404E-13", "4.282572364863514E-10", "5.464507879717508E-11", "4.106682493488965E-10", "-1.08716186153089E-12"], ["2.086440606357874E-13", "-4.018645633625889E-13", "5.464507879717508E-11", "5.673150820179703E-10", "-4.888429227705338E-10", "-2.510019438900136E-11"], ["4.72334986753266E-13", "-5.926907249171144E-13", "4.106682493488965E-10", "-4.888429227705338E-10", "9.29977634808348E-10", "1.853427468628437E-11"], ["-4.264269212168647E-14", "1.107294188129253E-13", "-1.08716186153089E-12", "-2.510019438900136E-11", "1.853427468628437E-11", "5.456610741915701E-11"]], "elements": [{"label": "e", "sigma": 4.61920434725078e-08, "name": "e", "title": "eccentricity", "value": ".518906674879251", "units": null}, {"label": "q", "value": "1.022456775049541", "title": "perihelion distance", "units": "au", "name": "q", "sigma": 6.98026037780322e-08}, {"sigma": 2.06943769291649e-05, "name": "tp", "value": "2456331.158493599721", "title": "time of perihelion passage", "units": "TDB", "label": "tp"}, {"title": "longitude of the ascending node", "value": "291.651900034352", "units": "deg", "sigma": 2.38183769811877e-05, "name": "om", "label": "node"}, {"label": "peri", "name": "w", "sigma": 3.04955346699865e-05, "value": "207.7573631437776", "title": "argument of perihelion", "units": "deg"}, {"label": "i", "title": "inclination", "value": "5.67378187246293", "units": "deg", "sigma": 7.38688753259159e-06, "name": "i"}], "labels": ["e", "q", "tp", "node", "peri", "i"], "epoch": "2456350.5"}, "elements": [{"sigma": "4.7099E-8", "name": "e", "units": null, "title": "eccentricity", "value": ".5212061980850399", "label": "e"}, {"title": "semi-major axis", "value": "2.122866965457775", "units": "au", "sigma": "1.227E-7", "name": "a", "label": "a"}, {"label": "q", "units": "au", "title": "perihelion distance", "value": "1.016415545351202", "sigma": "7.1417E-8", "name": "q"}, {"value": "5.666532661850301", "title": "inclination; angle with respect to x-y ecliptic plane", "units": "deg", "name": "i", "sigma": "7.3792E-6", "label": "i"}, {"value": "291.4918087114766", "title": "longitude of the ascending node", "units": "deg", "name": "om", "sigma": "2.3903E-5", "label": "node"}, {"label": "peri", "name": "w", "sigma": "3.0469E-5", "value": "208.0958217711355", "title": "argument of perihelion", "units": "deg"}, {"sigma": ".00013971", "name": "ma", "units": "deg", "value": "109.8453281250382", "title": "mean anomaly", "label": "M"}, {"sigma": ".00040857", "name": "tp", "value": "2460855.783806873307", "title": "time of perihelion passage", "units": "TDB", "label": "tp"}, {"value": "1129.750637954739", "title": "sidereal orbital period", "units": "d", "sigma": "9.7947E-5", "name": "per", "label": "period"}, {"sigma": "2.7627E-8", "name": "n", "units": "deg/d", "title": "mean motion", "value": ".3186543896551645", "label": "n"}, {"label": "Q", "value": "3.229318385564348", "title": "aphelion distance", "units": "au", "sigma": "1.8665E-7", "name": "ad"}], "epoch": "2461200.5"}