{"spkid": "50621723", "covariance": {"data": [["1.488904740191774E-13", "-3.422722410703889E-13", "4.017759304509169E-11", "-1.449185077020031E-11", "-2.943513980458077E-11", "-7.250253764785088E-13"], ["-3.422722410703889E-13", "7.877528445391746E-13", "-8.987911443837769E-11", "3.104243836604601E-11", "7.004547863335182E-11", "1.593948099885523E-12"], ["4.017759304509169E-11", "-8.987911443837769E-11", "1.77768670865244E-8", "-8.275547971983653E-9", "-2.871898623904876E-9", "-4.584017740086526E-10"], ["-1.449185077020031E-11", "3.104243836604601E-11", "-8.275547971983653E-9", "1.244238082978611E-7", "-1.178545148034715E-7", "3.697300693816798E-9"], ["-2.943513980458077E-11", "7.004547863335182E-11", "-2.871898623904876E-9", "-1.178545148034715E-7", "1.248226957846266E-7", "-3.57607342116134E-9"], ["-7.250253764785088E-13", "1.593948099885523E-12", "-4.584017740086526E-10", "3.697300693816798E-9", "-3.57607342116134E-9", "1.775028239976745E-10"]], "elements": [{"label": "e", "units": null, "title": "eccentricity", "value": ".6749526437786735", "name": "e", "sigma": 3.85863284103551e-07}, {"value": ".7914974164310493", "title": "perihelion distance", "units": "au", "name": "q", "sigma": 8.87554417790354e-07, "label": "q"}, {"name": "tp", "sigma": 0.000133329918197396, "units": "TDB", "value": "2457627.545625665324", "title": "time of perihelion passage", "label": "tp"}, {"sigma": 0.00035273759127411, "name": "om", "value": "30.99322955767397", "title": "longitude of the ascending node", "units": "deg", "label": "node"}, {"label": "peri", "units": "deg", "value": "351.3989548096094", "title": "argument of perihelion", "sigma": 0.000353302555587455, "name": "w"}, {"label": "i", "name": "i", "sigma": 1.33230185767969e-05, "units": "deg", "title": "inclination", "value": "3.615195633499912"}], "labels": ["e", "q", "tp", "node", "peri", "i"], "epoch": "2457062.5"}, "elements": [{"sigma": "4.0232E-7", "name": "e", "units": null, "value": ".6722253389625183", "title": "eccentricity", "label": "e"}, {"sigma": "1.5438E-7", "name": "a", "units": "au", "title": "semi-major axis", "value": "2.439240605760807", "label": "a"}, {"label": "q", "sigma": "9.4035E-7", "name": "q", "value": ".79952126274211", "title": "perihelion distance", "units": "au"}, {"units": "deg", "title": "inclination; angle with respect to x-y ecliptic plane", "value": "3.595414074165518", "name": "i", "sigma": "1.3406E-5", "label": "i"}, {"label": "node", "sigma": ".00035405", "name": "om", "units": "deg", "value": "30.96355246468021", "title": "longitude of the ascending node"}, {"label": "peri", "units": "deg", "title": "argument of perihelion", "value": "351.4418667176609", "sigma": ".00035483", "name": "w"}, {"title": "mean anomaly", "value": "204.2921054669314", "units": "deg", "sigma": ".00012603", "name": "ma", "label": "M"}, {"label": "tp", "name": "tp", "sigma": ".00054426", "title": "time of perihelion passage", "value": "2461802.350353517601", "units": "TDB"}, {"sigma": ".0001321", "name": "per", "units": "d", "title": "sidereal orbital period", "value": "1391.490957578401", "label": "period"}, {"label": "n", "units": "deg/d", "value": ".2587152996139512", "title": "mean motion", "name": "n", "sigma": "2.4561E-8"}, {"units": "au", "value": "4.078959948779504", "title": "aphelion distance", "name": "ad", "sigma": "2.5815E-7", "label": "Q"}], "epoch": "2461200.5"}