{"spkid": "50627027", "covariance": {"epoch": "2456411.5", "elements": [{"label": "e", "name": "e", "sigma": 8.12869176290016e-08, "value": ".3042887779771898", "title": "eccentricity", "units": null}, {"label": "q", "units": "au", "value": ".9348261263318027", "title": "perihelion distance", "sigma": 7.87271704295084e-08, "name": "q"}, {"title": "time of perihelion passage", "value": "2456452.487573305696", "units": "TDB", "sigma": 5.01860154174303e-05, "name": "tp", "label": "tp"}, {"label": "node", "name": "om", "sigma": 0.000178056699721724, "value": "22.83793670358028", "title": "longitude of the ascending node", "units": "deg"}, {"label": "peri", "name": "w", "sigma": 0.000180489816606637, "units": "deg", "value": "230.339082180517", "title": "argument of perihelion"}, {"label": "i", "units": "deg", "value": "4.724573540226269", "title": "inclination", "name": "i", "sigma": 1.14555116468749e-05}], "data": [["6.607562977624086E-15", "-5.65271528273481E-15", "2.424626228316143E-12", "-3.833713254032265E-13", "2.157588641945092E-12", "8.046661408148786E-14"], ["-5.65271528273481E-15", "6.197967363836867E-15", "-2.35556110913224E-12", "3.761524309527675E-13", "-2.140290627386521E-12", "-7.409874272102436E-14"], ["2.424626228316143E-12", "-2.35556110913224E-12", "2.518636143478549E-9", "1.136172547056694E-10", "1.581704037645618E-9", "-1.649711135739601E-11"], ["-3.833713254032265E-13", "3.761524309527675E-13", "1.136172547056694E-10", "3.170418831579222E-8", "-3.15539794310293E-8", "-1.744015122999654E-9"], ["2.157588641945092E-12", "-2.140290627386521E-12", "1.581704037645618E-9", "-3.15539794310293E-8", "3.257657389869746E-8", "1.733578392562744E-9"], ["8.046661408148786E-14", "-7.409874272102436E-14", "-1.649711135739601E-11", "-1.744015122999654E-9", "1.733578392562744E-9", "1.312287470916859E-10"]], "labels": ["e", "q", "tp", "node", "peri", "i"]}, "elements": [{"label": "e", "title": "eccentricity", "value": ".3040994485789941", "units": null, "sigma": "7.9153E-8", "name": "e"}, {"label": "a", "sigma": "7.163E-8", "name": "a", "value": "1.34337207657997", "title": "semi-major axis", "units": "au"}, {"title": "perihelion distance", "value": ".9348533688555832", "units": "au", "sigma": "7.8943E-8", "name": "q", "label": "q"}, {"label": "i", "sigma": "1.1481E-5", "name": "i", "units": "deg", "title": "inclination; angle with respect to x-y ecliptic plane", "value": "4.721561681802731"}, {"label": "node", "title": "longitude of the ascending node", "value": "22.63800820410057", "units": "deg", "sigma": ".00017781", "name": "om"}, {"value": "230.5060561109069", "title": "argument of perihelion", "units": "deg", "sigma": ".00018047", "name": "w", "label": "peri"}, {"label": "M", "value": "124.5977097301416", "title": "mean anomaly", "units": "deg", "name": "ma", "sigma": ".0002689"}, {"label": "tp", "name": "tp", "sigma": ".00040916", "units": "TDB", "title": "time of perihelion passage", "value": "2461003.665844722069"}, {"label": "period", "units": "d", "title": "sidereal orbital period", "value": "568.7126677811904", "sigma": "4.5486E-5", "name": "per"}, {"value": ".6330085830592196", "title": "mean motion", "units": "deg/d", "name": "n", "sigma": "5.0629E-8", "label": "n"}, {"title": "aphelion distance", "value": "1.751890784304358", "units": "au", "name": "ad", "sigma": "9.3412E-8", "label": "Q"}], "epoch": "2461200.5"}