{"spkid": "50634804", "covariance": {"elements": [{"sigma": 1.19528089041979e-07, "name": "e", "title": "eccentricity", "value": ".6164404268327979", "units": null, "label": "e"}, {"name": "q", "sigma": 2.77607887432166e-07, "units": "au", "title": "perihelion distance", "value": ".9100108894775168", "label": "q"}, {"name": "tp", "sigma": 0.00012901708041479, "value": "2457583.409215173620", "title": "time of perihelion passage", "units": "TDB", "label": "tp"}, {"label": "node", "name": "om", "sigma": 0.000126386663878589, "units": "deg", "title": "longitude of the ascending node", "value": "116.8241844656742"}, {"label": "peri", "name": "w", "sigma": 0.000128758828822038, "units": "deg", "value": "340.2185172535903", "title": "argument of perihelion"}, {"units": "deg", "value": "7.332571144201808", "title": "inclination", "sigma": 9.05858518637841e-06, "name": "i", "label": "i"}], "data": [["1.428696407002718E-14", "-3.316950123433082E-14", "9.772195243201955E-12", "-2.455527233458529E-13", "1.257180047762925E-12", "-1.647292933279213E-13"], ["-3.316950123433082E-14", "7.706613916455007E-14", "-2.222372756995134E-11", "5.600620525852719E-13", "-2.795529410807141E-12", "3.726473344655911E-13"], ["9.772195243201955E-12", "-2.222372756995134E-11", "1.66454070387564E-8", "-4.461667301326273E-10", "3.527607392370026E-9", "-3.246773812737815E-10"], ["-2.455527233458529E-13", "5.600620525852719E-13", "-4.461667301326273E-10", "1.597358880635948E-8", "-1.592343717000493E-8", "-2.780665954434798E-10"], ["1.257180047762925E-12", "-2.795529410807141E-12", "3.527607392370026E-9", "-1.592343717000493E-8", "1.657883599962282E-8", "2.135999222269268E-10"], ["-1.647292933279213E-13", "3.726473344655911E-13", "-3.246773812737815E-10", "-2.780665954434798E-10", "2.135999222269268E-10", "8.205796557887443E-11"]], "labels": ["e", "q", "tp", "node", "peri", "i"], "epoch": "2457664.5"}, "elements": [{"label": "e", "units": null, "value": ".6171957771464974", "title": "eccentricity", "sigma": "1.196E-7", "name": "e"}, {"name": "a", "sigma": "2.7332E-8", "units": "au", "value": "2.372181061645793", "title": "semi-major axis", "label": "a"}, {"label": "q", "title": "perihelion distance", "value": ".9080809277711144", "units": "au", "name": "q", "sigma": "2.7773E-7"}, {"label": "i", "units": "deg", "value": "7.342097699653363", "title": "inclination; angle with respect to x-y ecliptic plane", "name": "i", "sigma": "9.0704E-6"}, {"units": "deg", "value": "116.74723633476", "title": "longitude of the ascending node", "name": "om", "sigma": ".00012616", "label": "node"}, {"units": "deg", "value": "340.2208090158482", "title": "argument of perihelion", "name": "w", "sigma": ".00012853", "label": "peri"}, {"name": "ma", "sigma": "4.8459E-5", "title": "mean anomaly", "value": "256.3432145412805", "units": "deg", "label": "M"}, {"units": "TDB", "title": "time of perihelion passage", "value": "2461584.751360905161", "sigma": ".0001857", "name": "tp", "label": "tp"}, {"label": "period", "name": "per", "sigma": "2.3064E-5", "units": "d", "value": "1334.504917489912", "title": "sidereal orbital period"}, {"name": "n", "sigma": "4.6622E-9", "units": "deg/d", "title": "mean motion", "value": ".2697629624903359", "label": "n"}, {"units": "au", "value": "3.836281195520471", "title": "aphelion distance", "sigma": "4.4201E-8", "name": "ad", "label": "Q"}], "epoch": "2461200.5"}