{"spkid": "50638652", "covariance": {"elements": [{"label": "e", "name": "e", "sigma": 1.28494482018773e-07, "units": null, "title": "eccentricity", "value": ".5065663339090408"}, {"sigma": 1.31914160178501e-07, "name": "q", "units": "au", "value": ".77112491799876", "title": "perihelion distance", "label": "q"}, {"label": "tp", "name": "tp", "sigma": 1.88503569504968e-05, "units": "TDB", "value": "2456515.945899919705", "title": "time of perihelion passage"}, {"label": "node", "sigma": 1.20988296389216e-05, "name": "om", "units": "deg", "value": "236.1151707402418", "title": "longitude of the ascending node"}, {"title": "argument of perihelion", "value": "104.6390393941882", "units": "deg", "sigma": 1.92544651322876e-05, "name": "w", "label": "peri"}, {"label": "i", "name": "i", "sigma": 2.32541920705648e-05, "units": "deg", "title": "inclination", "value": "29.19008014313229"}], "data": [["1.651083190927269E-14", "-1.460777019532109E-14", "-9.311140349373635E-13", "1.402235375809581E-13", "4.423019962518494E-13", "3.076762557993044E-13"], ["-1.460777019532109E-14", "1.740134565559911E-14", "9.561926394623007E-13", "-1.915158784239729E-13", "-6.546591257251438E-13", "-2.044630025497686E-13"], ["-9.311140349373635E-13", "9.561926394623007E-13", "3.553359571611415E-10", "-5.842045979032845E-11", "2.267898347721239E-10", "7.922766775715505E-11"], ["1.402235375809581E-13", "-1.915158784239729E-13", "-5.842045979032845E-11", "1.463816786316468E-10", "-1.530351440403141E-10", "1.332006474518425E-10"], ["4.423019962518494E-13", "-6.546591257251438E-13", "2.267898347721239E-10", "-1.530351440403141E-10", "3.707344275304771E-10", "-4.154289353752783E-11"], ["3.076762557993044E-13", "-2.044630025497686E-13", "7.922766775715505E-11", "1.332006474518425E-10", "-4.154289353752783E-11", "5.407574488547177E-10"]], "labels": ["e", "q", "tp", "node", "peri", "i"], "epoch": "2456496.5"}, "elements": [{"label": "e", "units": null, "value": ".5067158475111052", "title": "eccentricity", "sigma": "1.2814E-7", "name": "e"}, {"sigma": "2.2173E-7", "name": "a", "units": "au", "value": "1.562633853734577", "title": "semi-major axis", "label": "a"}, {"label": "q", "name": "q", "sigma": "1.3172E-7", "units": "au", "title": "perihelion distance", "value": ".7708225161899165"}, {"label": "i", "title": "inclination; angle with respect to x-y ecliptic plane", "value": "29.19598561746855", "units": "deg", "sigma": "2.3251E-5", "name": "i"}, {"name": "om", "sigma": "1.2124E-5", "value": "235.990234771904", "title": "longitude of the ascending node", "units": "deg", "label": "node"}, {"label": "peri", "value": "104.7410605037274", "title": "argument of perihelion", "units": "deg", "sigma": "1.9263E-5", "name": "w"}, {"label": "M", "sigma": ".00050057", "name": "ma", "units": "deg", "title": "mean anomaly", "value": "203.6913463438652"}, {"label": "tp", "value": "2461510.288143316966", "title": "time of perihelion passage", "units": "TDB", "name": "tp", "sigma": ".001058"}, {"label": "period", "title": "sidereal orbital period", "value": "713.4840521334805", "units": "d", "name": "per", "sigma": ".00015186"}, {"label": "n", "value": ".504566288375357", "title": "mean motion", "units": "deg/d", "sigma": "1.0739E-7", "name": "n"}, {"title": "aphelion distance", "value": "2.354445191279238", "units": "au", "sigma": "3.3409E-7", "name": "ad", "label": "Q"}], "epoch": "2461200.5"}