{"spkid": "50638525", "covariance": {"epoch": "2458338.5", "labels": ["e", "q", "tp", "node", "peri", "i"], "data": [["1.195325205969701E-14", "-1.809987907131426E-14", "-4.276116753839236E-12", "2.939230247724922E-12", "-6.110008477783723E-12", "-3.524889435073347E-13"], ["-1.809987907131426E-14", "2.741051352690079E-14", "6.449018782295353E-12", "-4.431562969692174E-12", "9.211732243885678E-12", "5.329901405313134E-13"], ["-4.276116753839236E-12", "6.449018782295353E-12", "1.788787528613894E-9", "-1.219544949958133E-9", "2.570430699978789E-9", "1.320111350325696E-10"], ["2.939230247724922E-12", "-4.431562969692174E-12", "-1.219544949958133E-9", "4.778906017645141E-9", "-5.696306620304352E-9", "-3.531515117195153E-10"], ["-6.110008477783723E-12", "9.211732243885678E-12", "2.570430699978789E-9", "-5.696306620304352E-9", "7.641163820842021E-9", "4.505007291438593E-10"], ["-3.524889435073347E-13", "5.329901405313134E-13", "1.320111350325696E-10", "-3.531515117195153E-10", "4.505007291438593E-10", "1.048838668683557E-10"]], "elements": [{"label": "e", "units": null, "title": "eccentricity", "value": ".4979188658943297", "name": "e", "sigma": 1.09330929108359e-07}, {"units": "au", "title": "perihelion distance", "value": ".8051079310792598", "sigma": 1.65561207796092e-07, "name": "q", "label": "q"}, {"label": "tp", "units": "TDB", "title": "time of perihelion passage", "value": "2457977.601602520795", "sigma": 4.22940602048786e-05, "name": "tp"}, {"value": "45.09778420820152", "title": "longitude of the ascending node", "units": "deg", "sigma": 6.91296319796738e-05, "name": "om", "label": "node"}, {"name": "w", "sigma": 8.74137507537688e-05, "title": "argument of perihelion", "value": "271.4418704132477", "units": "deg", "label": "peri"}, {"units": "deg", "title": "inclination", "value": "1.738786248669967", "sigma": 1.02412824816209e-05, "name": "i", "label": "i"}]}, "elements": [{"label": "e", "units": null, "title": "eccentricity", "value": ".4982000550505275", "name": "e", "sigma": "1.0931E-7"}, {"units": "au", "value": "1.604986155746253", "title": "semi-major axis", "sigma": "1.8821E-8", "name": "a", "label": "a"}, {"label": "q", "value": ".8053819645981352", "title": "perihelion distance", "units": "au", "sigma": "1.6609E-7", "name": "q"}, {"title": "inclination; angle with respect to x-y ecliptic plane", "value": "1.739977067562567", "units": "deg", "name": "i", "sigma": "1.0249E-5", "label": "i"}, {"label": "node", "value": "45.01740196083329", "title": "longitude of the ascending node", "units": "deg", "sigma": "6.9076E-5", "name": "om"}, {"label": "peri", "sigma": "8.7372E-5", "name": "w", "units": "deg", "title": "argument of perihelion", "value": "271.5527642649033"}, {"label": "M", "sigma": "1.0393E-5", "name": "ma", "units": "deg", "title": "mean anomaly", "value": "123.5727824160016"}, {"name": "tp", "sigma": "1.7672E-5", "units": "TDB", "title": "time of perihelion passage", "value": "2460945.567216666810", "label": "tp"}, {"label": "period", "value": "742.6862145985322", "title": "sidereal orbital period", "units": "d", "sigma": "1.3063E-5", "name": "per"}, {"label": "n", "value": ".4847269182108117", "title": "mean motion", "units": "deg/d", "name": "n", "sigma": "8.5261E-9"}, {"label": "Q", "value": "2.40459034689437", "title": "aphelion distance", "units": "au", "name": "ad", "sigma": "2.8197E-8"}], "epoch": "2461200.5"}