{"spkid": "50633074", "covariance": {"data": [["1.553802688764268E-13", "-2.97894141430551E-13", "-2.005605353634833E-11", "-1.806573646486403E-11", "-2.189590540046013E-11", "4.378025658361387E-13"], ["-2.97894141430551E-13", "5.711479579350849E-13", "3.815616104475927E-11", "3.435909369629162E-11", "4.209125019605214E-11", "-8.440332360271239E-13"], ["-2.005605353634833E-11", "3.815616104475927E-11", "6.351314273137452E-9", "5.922865997418932E-9", "1.340534402129205E-9", "1.22740337225486E-11"], ["-1.806573646486403E-11", "3.435909369629162E-11", "5.922865997418932E-9", "3.092431396388807E-8", "-2.423928016030493E-8", "2.805187677080982E-9"], ["-2.189590540046013E-11", "4.209125019605214E-11", "1.340534402129205E-9", "-2.423928016030493E-8", "2.901772166206563E-8", "-2.876041300615096E-9"], ["4.378025658361387E-13", "-8.440332360271239E-13", "1.22740337225486E-11", "2.805187677080982E-9", "-2.876041300615096E-9", "3.46237151030651E-10"]], "elements": [{"name": "e", "sigma": 3.94183039813266e-07, "units": null, "title": "eccentricity", "value": ".6740380553788989", "label": "e"}, {"label": "q", "sigma": 7.5574331484644e-07, "name": "q", "units": "au", "value": ".6286239425442346", "title": "perihelion distance"}, {"label": "tp", "units": "TDB", "value": "2456311.370496246432", "title": "time of perihelion passage", "name": "tp", "sigma": 7.96951333089885e-05}, {"label": "node", "name": "om", "sigma": 0.000175853103367237, "units": "deg", "title": "longitude of the ascending node", "value": "166.0733988987642"}, {"label": "peri", "sigma": 0.000170345888303961, "name": "w", "value": "280.2375528970089", "title": "argument of perihelion", "units": "deg"}, {"name": "i", "sigma": 1.86074488049988e-05, "units": "deg", "value": "3.108572837845731", "title": "inclination", "label": "i"}], "labels": ["e", "q", "tp", "node", "peri", "i"], "epoch": "2456506.5"}, "elements": [{"label": "e", "sigma": "3.8155E-7", "name": "e", "value": ".673838251684845", "title": "eccentricity", "units": null}, {"label": "a", "title": "semi-major axis", "value": "1.928490750829182", "units": "au", "name": "a", "sigma": "3.0685E-8"}, {"label": "q", "name": "q", "sigma": "7.2802E-7", "title": "perihelion distance", "value": ".628999914900052", "units": "au"}, {"name": "i", "sigma": "1.8573E-5", "value": "3.11775303900739", "title": "inclination; angle with respect to x-y ecliptic plane", "units": "deg", "label": "i"}, {"name": "om", "sigma": ".00017499", "units": "deg", "title": "longitude of the ascending node", "value": "165.423843530436", "label": "node"}, {"sigma": ".00016897", "name": "w", "value": "281.0570166178724", "title": "argument of perihelion", "units": "deg", "label": "peri"}, {"label": "M", "sigma": "1.0506E-5", "name": "ma", "title": "mean anomaly", "value": "358.3420806360801", "units": "deg"}, {"label": "tp", "title": "time of perihelion passage", "value": "2461205.004905348382", "units": "TDB", "sigma": "2.8618E-5", "name": "tp"}, {"label": "period", "title": "sidereal orbital period", "value": "978.1934880013131", "units": "d", "sigma": "2.3346E-5", "name": "per"}, {"label": "n", "value": ".3680253491929981", "title": "mean motion", "units": "deg/d", "name": "n", "sigma": "8.7836E-9"}, {"label": "Q", "units": "au", "value": "3.227981586758312", "title": "aphelion distance", "name": "ad", "sigma": "5.1361E-8"}], "epoch": "2461200.5"}