{"spkid": "50638311", "covariance": {"epoch": "2458742.5", "labels": ["e", "q", "tp", "node", "peri", "i"], "data": [["8.99678900172619E-15", "-1.730470740688352E-14", "1.807967425014798E-12", "-2.265342288598106E-12", "3.437678540414675E-12", "-5.244141691384209E-13"], ["-1.730470740688352E-14", "3.329047344631474E-14", "-3.460738131002466E-12", "4.355488765013951E-12", "-6.616622714932496E-12", "1.011268761922479E-12"], ["1.807967425014798E-12", "-3.460738131002466E-12", "8.139215169104976E-10", "-6.936990784792424E-10", "1.250259841814883E-9", "-1.525016776869128E-10"], ["-2.265342288598106E-12", "4.355488765013951E-12", "-6.936990784792424E-10", "4.439752399951143E-9", "-4.89432107537762E-9", "-4.233576437344731E-11"], ["3.437678540414675E-12", "-6.616622714932496E-12", "1.250259841814883E-9", "-4.89432107537762E-9", "5.805458705519088E-9", "-7.783733264601306E-11"], ["-5.244141691384209E-13", "1.011268761922479E-12", "-1.525016776869128E-10", "-4.233576437344731E-11", "-7.783733264601306E-11", "7.158539474013167E-11"]], "elements": [{"name": "e", "sigma": 9.48514048484586e-08, "units": null, "title": "eccentricity", "value": ".5108081279069794", "label": "e"}, {"title": "perihelion distance", "value": ".9262760769415427", "units": "au", "sigma": 1.82456771445498e-07, "name": "q", "label": "q"}, {"sigma": 2.85293097867877e-05, "name": "tp", "units": "TDB", "value": "2459213.035070846924", "title": "time of perihelion passage", "label": "tp"}, {"sigma": 6.66314670403642e-05, "name": "om", "value": "109.5325348792879", "title": "longitude of the ascending node", "units": "deg", "label": "node"}, {"units": "deg", "title": "argument of perihelion", "value": "44.33441886769494", "sigma": 7.61935607877666e-05, "name": "w", "label": "peri"}, {"title": "inclination", "value": "8.111320473268121", "units": "deg", "sigma": 8.46081525268881e-06, "name": "i", "label": "i"}]}, "elements": [{"title": "eccentricity", "value": ".5099667135600846", "units": null, "sigma": "9.4959E-8", "name": "e", "label": "e"}, {"label": "a", "sigma": "7.1527E-9", "name": "a", "value": "1.894670788894059", "title": "semi-major axis", "units": "au"}, {"name": "q", "sigma": "1.8259E-7", "value": ".9284517534034626", "title": "perihelion distance", "units": "au", "label": "q"}, {"label": "i", "sigma": "8.4492E-6", "name": "i", "title": "inclination; angle with respect to x-y ecliptic plane", "value": "8.094848988886808", "units": "deg"}, {"label": "node", "name": "om", "sigma": "6.6926E-5", "units": "deg", "title": "longitude of the ascending node", "value": "109.3517439252831"}, {"label": "peri", "sigma": "7.6564E-5", "name": "w", "units": "deg", "value": "44.6290807237449", "title": "argument of perihelion"}, {"label": "M", "sigma": "1.0284E-5", "name": "ma", "units": "deg", "value": "30.97058342946037", "title": "mean anomaly"}, {"name": "tp", "sigma": "2.7211E-5", "title": "time of perihelion passage", "value": "2461118.550567203140", "units": "TDB", "label": "tp"}, {"name": "per", "sigma": "5.3942E-6", "value": "952.574751265628", "title": "sidereal orbital period", "units": "d", "label": "period"}, {"label": "n", "sigma": "2.1401E-9", "name": "n", "units": "deg/d", "title": "mean motion", "value": ".3779230968715998"}, {"name": "ad", "sigma": "1.08E-8", "title": "aphelion distance", "value": "2.860889824384655", "units": "au", "label": "Q"}], "epoch": "2461200.5"}