{"spkid": "50644254", "covariance": {"epoch": "2457370.5", "labels": ["e", "q", "tp", "node", "peri", "i"], "data": [["1.105213578786354E-13", "-2.001733330357747E-13", "2.151528336393022E-11", "-1.02413060087089E-11", "1.541480046400557E-11", "-4.539794978719771E-12"], ["-2.001733330357747E-13", "3.627153504649767E-13", "-3.894967085182479E-11", "1.834442255927411E-11", "-2.782142269332341E-11", "8.251165924369825E-12"], ["2.151528336393022E-11", "-3.894967085182479E-11", "7.199241663988142E-9", "-2.670758403121179E-9", "5.637858375349283E-9", "-1.247896933196985E-9"], ["-1.02413060087089E-11", "1.834442255927411E-11", "-2.670758403121179E-9", "1.376589646914067E-7", "-1.377879308418306E-7", "-3.407826872809092E-10"], ["1.541480046400557E-11", "-2.782142269332341E-11", "5.637858375349283E-9", "-1.377879308418306E-7", "1.395880294761631E-7", "-1.314129803607047E-10"], ["-4.539794978719771E-12", "8.251165924369825E-12", "-1.247896933196985E-9", "-3.407826872809092E-10", "-1.314129803607047E-10", "3.162140333903683E-10"]], "elements": [{"label": "e", "units": null, "title": "eccentricity", "value": ".4843748025135893", "sigma": 3.32447526504011e-07, "name": "e"}, {"sigma": 6.02258541213802e-07, "name": "q", "title": "perihelion distance", "value": ".8935344567837473", "units": "au", "label": "q"}, {"name": "tp", "sigma": 8.48483450869146e-05, "title": "time of perihelion passage", "value": "2457226.588868340204", "units": "TDB", "label": "tp"}, {"sigma": 0.000371024210384453, "name": "om", "units": "deg", "title": "longitude of the ascending node", "value": ".8393525228035413", "label": "node"}, {"label": "peri", "sigma": 0.000373614814315711, "name": "w", "value": "191.0587403627691", "title": "argument of perihelion", "units": "deg"}, {"label": "i", "value": "5.521085329913197", "title": "inclination", "units": "deg", "sigma": 1.77824079750288e-05, "name": "i"}]}, "elements": [{"label": "e", "units": null, "title": "eccentricity", "value": ".4839002228378186", "sigma": "3.3167E-7", "name": "e"}, {"label": "a", "sigma": "5.7033E-8", "name": "a", "value": "1.732963844905262", "title": "semi-major axis", "units": "au"}, {"sigma": "6.0143E-7", "name": "q", "title": "perihelion distance", "value": ".8943822541857229", "units": "au", "label": "q"}, {"name": "i", "sigma": "1.7779E-5", "value": "5.511496811442541", "title": "inclination; angle with respect to x-y ecliptic plane", "units": "deg", "label": "i"}, {"name": "om", "sigma": ".00037193", "units": "deg", "value": ".7445258919494359", "title": "longitude of the ascending node", "label": "node"}, {"label": "peri", "name": "w", "sigma": ".00037453", "units": "deg", "title": "argument of perihelion", "value": "191.2275396188698"}, {"sigma": "6.6227E-5", "name": "ma", "units": "deg", "title": "mean anomaly", "value": "276.8020927710542", "label": "M"}, {"label": "tp", "sigma": ".00016199", "name": "tp", "units": "TDB", "title": "time of perihelion passage", "value": "2461393.071751876307"}, {"name": "per", "sigma": "4.1135E-5", "title": "sidereal orbital period", "value": "833.2641166645976", "units": "d", "label": "period"}, {"value": ".4320358849016726", "title": "mean motion", "units": "deg/d", "name": "n", "sigma": "2.1328E-8", "label": "n"}, {"label": "Q", "sigma": "8.4631E-8", "name": "ad", "units": "au", "value": "2.571545435624802", "title": "aphelion distance"}], "epoch": "2461200.5"}