{"spkid": "50648228", "covariance": {"data": [["8.819417387013597E-16", "-2.01294887916382E-15", "1.168153951858968E-13", "-1.802435503442803E-14", "2.591587652625756E-13", "-8.720516138336105E-16"], ["-2.01294887916382E-15", "4.599468642093699E-15", "-2.556204952941197E-13", "4.039814263027638E-14", "-5.897216079340708E-13", "2.540287630797354E-15"], ["1.168153951858968E-13", "-2.556204952941197E-13", "1.099997243144636E-10", "1.586743317432338E-11", "9.909620902755712E-11", "9.558660429401743E-12"], ["-1.802435503442803E-14", "4.039814263027638E-14", "1.586743317432338E-11", "3.010540670423839E-10", "-2.824330081569981E-10", "-6.814643000640159E-11"], ["2.591587652625756E-13", "-5.897216079340708E-13", "9.909620902755712E-11", "-2.824330081569981E-10", "4.249361947799468E-10", "7.807743488013057E-11"], ["-8.720516138336105E-16", "2.540287630797354E-15", "9.558660429401743E-12", "-6.814643000640159E-11", "7.807743488013057E-11", "7.516564614063719E-11"]], "elements": [{"sigma": 2.96975039136517e-08, "name": "e", "title": "eccentricity", "value": ".5938220653310112", "units": null, "label": "e"}, {"title": "perihelion distance", "value": ".9284911181908697", "units": "au", "sigma": 6.78193824956679e-08, "name": "q", "label": "q"}, {"label": "tp", "units": "TDB", "title": "time of perihelion passage", "value": "2457875.654372957149", "name": "tp", "sigma": 1.0488075338901e-05}, {"sigma": 1.73509096891887e-05, "name": "om", "value": "201.0824069074505", "title": "longitude of the ascending node", "units": "deg", "label": "node"}, {"units": "deg", "title": "argument of perihelion", "value": "226.7497547094446", "name": "w", "sigma": 2.06139805661097e-05, "label": "peri"}, {"label": "i", "title": "inclination", "value": "5.519971067561904", "units": "deg", "name": "i", "sigma": 8.66981234748695e-06}], "labels": ["e", "q", "tp", "node", "peri", "i"], "epoch": "2458137.5"}, "elements": [{"units": null, "value": ".5939307080774274", "title": "eccentricity", "name": "e", "sigma": "3.2353E-8", "label": "e"}, {"title": "semi-major axis", "value": "2.284480014447444", "units": "au", "sigma": "7.1007E-9", "name": "a", "label": "a"}, {"label": "q", "value": ".9276571818779419", "title": "perihelion distance", "units": "au", "sigma": "7.526E-8", "name": "q"}, {"label": "i", "title": "inclination; angle with respect to x-y ecliptic plane", "value": "5.475913042258136", "units": "deg", "sigma": "8.5893E-6", "name": "i"}, {"units": "deg", "value": "200.4060754173458", "title": "longitude of the ascending node", "sigma": "1.7702E-5", "name": "om", "label": "node"}, {"sigma": "2.0956E-5", "name": "w", "units": "deg", "value": "227.8149074208038", "title": "argument of perihelion", "label": "peri"}, {"sigma": "4.8984E-6", "name": "ma", "value": "227.6988001211711", "title": "mean anomaly", "units": "deg", "label": "M"}, {"name": "tp", "sigma": "1.8789E-5", "units": "TDB", "value": "2461663.990410993314", "title": "time of perihelion passage", "label": "tp"}, {"label": "period", "name": "per", "sigma": "5.8801E-6", "units": "d", "value": "1261.186959078319", "title": "sidereal orbital period"}, {"label": "n", "units": "deg/d", "value": ".2854453873064861", "title": "mean motion", "sigma": "1.3308E-9", "name": "n"}, {"label": "Q", "units": "au", "title": "aphelion distance", "value": "3.641302847016946", "name": "ad", "sigma": "1.1318E-8"}], "epoch": "2461200.5"}