{"spkid": "50644069", "covariance": {"data": [["3.283491305468862E-15", "-7.169212164952168E-15", "-1.421937410341878E-13", "6.84395997037858E-14", "5.712469004314238E-13", "1.420120841038197E-14"], ["-7.169212164952168E-15", "1.572269963427841E-14", "2.893298489270823E-13", "-1.702937595805266E-13", "-1.238652912986849E-12", "-2.754002921073209E-14"], ["-1.421937410341878E-13", "2.893298489270823E-13", "1.006860195565361E-10", "6.180437185475866E-11", "-6.295518883253492E-11", "1.689585216364514E-11"], ["6.84395997037858E-14", "-1.702937595805266E-13", "6.180437185475866E-11", "1.863488967368903E-10", "-1.492928517154557E-10", "-1.225653422414791E-10"], ["5.712469004314238E-13", "-1.238652912986849E-12", "-6.295518883253492E-11", "-1.492928517154557E-10", "2.591988461448481E-10", "1.181851554548962E-10"], ["1.420120841038197E-14", "-2.754002921073209E-14", "1.689585216364514E-11", "-1.225653422414791E-10", "1.181851554548962E-10", "2.630924919345168E-10"]], "elements": [{"title": "eccentricity", "value": ".8025770972164196", "units": null, "name": "e", "sigma": 5.73017565652997e-08, "label": "e"}, {"title": "perihelion distance", "value": ".4454228502005426", "units": "au", "sigma": 1.25390189545588e-07, "name": "q", "label": "q"}, {"label": "tp", "title": "time of perihelion passage", "value": "2456520.969312973935", "units": "TDB", "sigma": 1.00342423508971e-05, "name": "tp"}, {"label": "node", "sigma": 1.36509668791954e-05, "name": "om", "units": "deg", "title": "longitude of the ascending node", "value": "101.0504614499"}, {"sigma": 1.60996536032564e-05, "name": "w", "units": "deg", "value": "278.5860934660938", "title": "argument of perihelion", "label": "peri"}, {"label": "i", "name": "i", "sigma": 1.62201261380581e-05, "value": "23.19096726373801", "title": "inclination", "units": "deg"}], "labels": ["e", "q", "tp", "node", "peri", "i"], "epoch": "2456584.5"}, "elements": [{"label": "e", "sigma": "5.6482E-8", "name": "e", "value": ".8018188252571053", "title": "eccentricity", "units": null}, {"units": "au", "title": "semi-major axis", "value": "2.258414942621355", "name": "a", "sigma": "2.9694E-8", "label": "a"}, {"label": "q", "sigma": "1.2536E-7", "name": "q", "units": "au", "value": ".4475753263856072", "title": "perihelion distance"}, {"label": "i", "units": "deg", "value": "23.20828467386845", "title": "inclination; angle with respect to x-y ecliptic plane", "name": "i", "sigma": "1.6226E-5"}, {"units": "deg", "value": "100.74606613", "title": "longitude of the ascending node", "sigma": "1.3542E-5", "name": "om", "label": "node"}, {"label": "peri", "name": "w", "sigma": "1.5908E-5", "units": "deg", "title": "argument of perihelion", "value": "278.8509789131215"}, {"label": "M", "name": "ma", "sigma": "2.5287E-5", "title": "mean anomaly", "value": "281.1077691790408", "units": "deg"}, {"label": "tp", "units": "TDB", "value": "2461472.166301802152", "title": "time of perihelion passage", "sigma": "8.4937E-5", "name": "tp"}, {"title": "sidereal orbital period", "value": "1239.664129548134", "units": "d", "sigma": "2.4449E-5", "name": "per", "label": "period"}, {"sigma": "5.7274E-9", "name": "n", "title": "mean motion", "value": ".2904012396738644", "units": "deg/d", "label": "n"}, {"label": "Q", "value": "4.069254558857103", "title": "aphelion distance", "units": "au", "name": "ad", "sigma": "5.3504E-8"}], "epoch": "2461200.5"}