{"spkid": "50640768", "covariance": {"elements": [{"label": "e", "sigma": 7.92705813412144e-08, "name": "e", "units": null, "title": "eccentricity", "value": ".6076165134999135"}, {"label": "q", "sigma": 1.71256544057094e-07, "name": "q", "title": "perihelion distance", "value": "1.006223187960607", "units": "au"}, {"title": "time of perihelion passage", "value": "2456492.202468260080", "units": "TDB", "sigma": 4.52235145557944e-05, "name": "tp", "label": "tp"}, {"label": "node", "value": "81.82771389228563", "title": "longitude of the ascending node", "units": "deg", "sigma": 1.85952983530741e-05, "name": "om"}, {"sigma": 5.03264219214876e-05, "name": "w", "units": "deg", "title": "argument of perihelion", "value": "198.1399778532886", "label": "peri"}, {"units": "deg", "title": "inclination", "value": "32.84425359590431", "sigma": 1.35534821009207e-05, "name": "i", "label": "i"}], "data": [["6.283825066174097E-15", "-1.328966327993294E-14", "2.425816493440605E-12", "-2.904645712665593E-13", "3.091067898412639E-12", "3.168037593182507E-13"], ["-1.328966327993294E-14", "2.932880388237942E-14", "-4.517566484512231E-12", "4.650206419451534E-13", "-5.88447999915121E-12", "-5.48705699778398E-13"], ["2.425816493440605E-12", "-4.517566484512231E-12", "2.045166268778145E-9", "-4.80645731180346E-10", "2.150230032834517E-9", "2.93432655985435E-10"], ["-2.904645712665593E-13", "4.650206419451534E-13", "-4.80645731180346E-10", "3.45785120839841E-10", "-5.878722716686228E-10", "-1.276541545162182E-10"], ["3.091067898412639E-12", "-5.88447999915121E-12", "2.150230032834517E-9", "-5.878722716686228E-10", "2.532748743419591E-9", "3.461216810326986E-10"], ["3.168037593182507E-13", "-5.48705699778398E-13", "2.93432655985435E-10", "-1.276541545162182E-10", "3.461216810326986E-10", "1.836968770599778E-10"]], "labels": ["e", "q", "tp", "node", "peri", "i"], "epoch": "2456995.5"}, "elements": [{"title": "eccentricity", "value": ".6078455193137337", "units": null, "sigma": "7.8034E-8", "name": "e", "label": "e"}, {"units": "au", "title": "semi-major axis", "value": "2.563882124108587", "name": "a", "sigma": "1.2705E-7", "label": "a"}, {"label": "q", "units": "au", "title": "perihelion distance", "value": "1.005437862920604", "sigma": "1.6753E-7", "name": "q"}, {"title": "inclination; angle with respect to x-y ecliptic plane", "value": "32.83074772258535", "units": "deg", "sigma": "1.3525E-5", "name": "i", "label": "i"}, {"label": "node", "name": "om", "sigma": "1.8631E-5", "units": "deg", "value": "81.77035710475457", "title": "longitude of the ascending node"}, {"label": "peri", "name": "w", "sigma": "5.0377E-5", "title": "argument of perihelion", "value": "198.1201625897067", "units": "deg"}, {"name": "ma", "sigma": "9.2589E-5", "units": "deg", "value": "49.83252548924239", "title": "mean anomaly", "label": "M"}, {"name": "tp", "sigma": ".00037027", "units": "TDB", "value": "2460992.934148582358", "title": "time of perihelion passage", "label": "tp"}, {"label": "period", "sigma": ".00011146", "name": "per", "units": "d", "value": "1499.496679663204", "title": "sidereal orbital period"}, {"label": "n", "units": "deg/d", "title": "mean motion", "value": ".2400805582849694", "name": "n", "sigma": "1.7845E-8"}, {"label": "Q", "title": "aphelion distance", "value": "4.122326385296568", "units": "au", "sigma": "2.0427E-7", "name": "ad"}], "epoch": "2461200.5"}