{"spkid": "50648665", "covariance": {"epoch": "2458871.5", "elements": [{"sigma": 1.58186053459495e-07, "name": "e", "units": null, "value": ".2707910508618507", "title": "eccentricity", "label": "e"}, {"label": "q", "value": ".6173440227542027", "title": "perihelion distance", "units": "au", "sigma": 1.32848755834608e-07, "name": "q"}, {"units": "TDB", "title": "time of perihelion passage", "value": "2458954.253764267024", "sigma": 4.46575590571452e-05, "name": "tp", "label": "tp"}, {"label": "node", "units": "deg", "value": "341.4223196496844", "title": "longitude of the ascending node", "sigma": 2.74181043320979e-05, "name": "om"}, {"label": "peri", "sigma": 3.42961802389947e-05, "name": "w", "title": "argument of perihelion", "value": "182.9448010335765", "units": "deg"}, {"label": "i", "sigma": 1.21891349499148e-05, "name": "i", "units": "deg", "title": "inclination", "value": "3.976712683117079"}], "data": [["2.502282750909031E-14", "-2.101084645808118E-14", "-2.826644002696848E-12", "5.604650067650686E-14", "-1.618741611293692E-12", "1.003673322883334E-12"], ["-2.101084645808118E-14", "1.764879192680322E-14", "2.477450541132672E-12", "-1.600470948933926E-14", "1.408898375825307E-12", "-8.236507810086726E-13"], ["-2.826644002696848E-12", "2.477450541132672E-12", "1.99429758094241E-9", "4.34222971700737E-10", "1.04536082075379E-9", "1.713412041944968E-10"], ["5.604650067650686E-14", "-1.600470948933926E-14", "4.34222971700737E-10", "7.517524451658033E-10", "-4.077639548091093E-10", "2.389138910412082E-10"], ["-1.618741611293692E-12", "1.408898375825307E-12", "1.04536082075379E-9", "-4.077639548091093E-10", "1.176227978985611E-9", "-7.887625201810787E-11"], ["1.003673322883334E-12", "-8.236507810086726E-13", "1.713412041944968E-10", "2.389138910412082E-10", "-7.887625201810787E-11", "1.485750108272334E-10"]], "labels": ["e", "q", "tp", "node", "peri", "i"]}, "elements": [{"value": ".2708249168736332", "title": "eccentricity", "units": null, "sigma": "1.5823E-7", "name": "e", "label": "e"}, {"label": "a", "name": "a", "sigma": "3.0969E-9", "units": "au", "value": ".8466411393947525", "title": "semi-major axis"}, {"name": "q", "sigma": "1.3261E-7", "title": "perihelion distance", "value": ".6173496231963705", "units": "au", "label": "q"}, {"label": "i", "name": "i", "sigma": "1.2209E-5", "title": "inclination; angle with respect to x-y ecliptic plane", "value": "3.967090554221303", "units": "deg"}, {"label": "node", "sigma": "2.7639E-5", "name": "om", "value": "341.2396772637674", "title": "longitude of the ascending node", "units": "deg"}, {"label": "peri", "units": "deg", "value": "182.950238952403", "title": "argument of perihelion", "sigma": "3.463E-5", "name": "w"}, {"sigma": "6.737E-5", "name": "ma", "title": "mean anomaly", "value": "322.2578528650814", "units": "deg", "label": "M"}, {"label": "tp", "sigma": "5.3356E-5", "name": "tp", "units": "TDB", "value": "2461230.331258870027", "title": "time of perihelion passage"}, {"label": "period", "units": "d", "title": "sidereal orbital period", "value": "284.5427197032436", "sigma": "1.5612E-6", "name": "per"}, {"label": "n", "name": "n", "sigma": "6.9419E-9", "title": "mean motion", "value": "1.265187878907788", "units": "deg/d"}, {"label": "Q", "units": "au", "value": "1.075932655593134", "title": "aphelion distance", "name": "ad", "sigma": "3.9357E-9"}], "epoch": "2461200.5"}