{"spkid": "50653674", "covariance": {"labels": ["e", "q", "tp", "node", "peri", "i"], "elements": [{"title": "eccentricity", "value": ".3886288233785907", "units": null, "sigma": 2.56550864771244e-06, "name": "e", "label": "e"}, {"label": "q", "name": "q", "sigma": 3.33671324391845e-06, "title": "perihelion distance", "value": ".7536328883142828", "units": "au"}, {"label": "tp", "units": "TDB", "value": "2458025.336151778901", "title": "time of perihelion passage", "name": "tp", "sigma": 0.000347104687550658}, {"label": "node", "sigma": 0.000579393940657954, "name": "om", "units": "deg", "value": "248.0775801205793", "title": "longitude of the ascending node"}, {"label": "peri", "title": "argument of perihelion", "value": "57.41244349366599", "units": "deg", "name": "w", "sigma": 0.000827747588553954}, {"name": "i", "sigma": 4.34006416643404e-05, "units": "deg", "title": "inclination", "value": "2.798117991698113", "label": "i"}], "data": [["6.581834621487335E-12", "-8.560269573789564E-12", "-2.953701676043047E-10", "-2.85581905157842E-10", "1.544738927266483E-10", "-3.965613974373558E-11"], ["-8.560269573789564E-12", "1.113365527214076E-11", "3.790143428083524E-10", "3.800862754196174E-10", "-2.137044276160817E-10", "5.096459457443138E-11"], ["-2.953701676043047E-10", "3.790143428083524E-10", "1.204816641196402E-7", "-1.671284625701398E-7", "2.591247040448305E-7", "1.4489047900496E-8"], ["-2.85581905157842E-10", "3.800862754196174E-10", "-1.671284625701398E-7", "3.356973384711528E-7", "-4.745364745271327E-7", "-2.100306925109342E-8"], ["1.544738927266483E-10", "-2.137044276160817E-10", "2.591247040448305E-7", "-4.745364745271327E-7", "6.851660703568854E-7", "3.20023377429484E-8"], ["-3.965613974373558E-11", "5.096459457443138E-11", "1.4489047900496E-8", "-2.100306925109342E-8", "3.20023377429484E-8", "1.883615696876484E-9"]], "epoch": "2457876.5"}, "elements": [{"units": null, "value": ".3885872483839335", "title": "eccentricity", "sigma": "2.5751E-6", "name": "e", "label": "e"}, {"label": "a", "value": "1.231924463005148", "title": "semi-major axis", "units": "au", "name": "a", "sigma": "2.5992E-7"}, {"label": "q", "title": "perihelion distance", "value": ".7532143257091227", "units": "au", "name": "q", "sigma": "3.33E-6"}, {"value": "2.800617307139714", "title": "inclination; angle with respect to x-y ecliptic plane", "units": "deg", "sigma": "4.3445E-5", "name": "i", "label": "i"}, {"name": "om", "sigma": ".00057847", "units": "deg", "title": "longitude of the ascending node", "value": "247.9963317387936", "label": "node"}, {"name": "w", "sigma": ".0008272", "title": "argument of perihelion", "value": "57.53204992344961", "units": "deg", "label": "peri"}, {"value": "128.0170228246063", "title": "mean anomaly", "units": "deg", "sigma": ".00085158", "name": "ma", "label": "M"}, {"value": "2461022.901305882143", "title": "time of perihelion passage", "units": "TDB", "name": "tp", "sigma": ".0011279", "label": "tp"}, {"label": "period", "units": "d", "value": "499.4299076149081", "title": "sidereal orbital period", "sigma": ".00015806", "name": "per"}, {"sigma": "2.2813E-7", "name": "n", "value": ".7208218701183242", "title": "mean motion", "units": "deg/d", "label": "n"}, {"label": "Q", "sigma": "3.6092E-7", "name": "ad", "title": "aphelion distance", "value": "1.710634600301174", "units": "au"}], "epoch": "2461200.5"}