{"spkid": "50655418", "covariance": {"labels": ["e", "q", "tp", "node", "peri", "i"], "elements": [{"label": "e", "name": "e", "sigma": 7.07220476622638e-07, "title": "eccentricity", "value": ".1542798995368543", "units": null}, {"label": "q", "value": ".7480428520573222", "title": "perihelion distance", "units": "au", "sigma": 6.3232712976773e-07, "name": "q"}, {"sigma": 0.000281437251558223, "name": "tp", "units": "TDB", "value": "2457389.025743223613", "title": "time of perihelion passage", "label": "tp"}, {"label": "node", "sigma": 1.88975491231363e-05, "name": "om", "value": "92.20290566370167", "title": "longitude of the ascending node", "units": "deg"}, {"value": "160.6765395071192", "title": "argument of perihelion", "units": "deg", "sigma": 0.000222027959219345, "name": "w", "label": "peri"}, {"label": "i", "units": "deg", "title": "inclination", "value": "3.303946165622699", "name": "i", "sigma": 2.99971475720759e-05}], "data": [["5.001608025543513E-13", "-4.471917222058136E-13", "-1.971308386538408E-10", "-3.645016052344337E-12", "-1.543607246496241E-10", "1.654851743069549E-11"], ["-4.471917222058136E-13", "3.998375990402953E-13", "1.761682939395353E-10", "3.25816649493035E-12", "1.379328355764156E-10", "-1.483507649776004E-11"], ["-1.971308386538408E-10", "1.761682939395353E-10", "7.920692656464655E-8", "1.449663798959869E-9", "6.22559960191336E-8", "-5.886002413763786E-9"], ["-3.645016052344337E-12", "3.25816649493035E-12", "1.449663798959869E-9", "3.571173628613481E-10", "8.084985716160483E-10", "-2.950479178159392E-11"], ["-1.543607246496241E-10", "1.379328355764156E-10", "6.22559960191336E-8", "8.084985716160483E-10", "4.929641467510732E-8", "-4.59088499318995E-9"], ["1.654851743069549E-11", "-1.483507649776004E-11", "-5.886002413763786E-9", "-2.950479178159392E-11", "-4.59088499318995E-9", "8.998288624608982E-10"]], "epoch": "2457289.5"}, "elements": [{"sigma": "6.9509E-7", "name": "e", "units": null, "title": "eccentricity", "value": ".1550847882719429", "label": "e"}, {"title": "semi-major axis", "value": ".8801418467304517", "units": "au", "sigma": "4.5142E-8", "name": "a", "label": "a"}, {"label": "q", "units": "au", "title": "perihelion distance", "value": ".7436452347809828", "name": "q", "sigma": "5.8017E-7"}, {"label": "i", "sigma": "3.1859E-5", "name": "i", "value": "3.217866571402558", "title": "inclination; angle with respect to x-y ecliptic plane", "units": "deg"}, {"label": "node", "sigma": "2.3613E-5", "name": "om", "units": "deg", "title": "longitude of the ascending node", "value": "91.39771151694899"}, {"label": "peri", "units": "deg", "value": "162.0697803559712", "title": "argument of perihelion", "name": "w", "sigma": ".00024792"}, {"label": "M", "value": "210.1521370212024", "title": "mean anomaly", "units": "deg", "sigma": ".00023968", "name": "ma"}, {"label": "tp", "units": "TDB", "value": "2461326.038080852782", "title": "time of perihelion passage", "name": "tp", "sigma": ".00019146"}, {"units": "d", "title": "sidereal orbital period", "value": "301.5972881334714", "sigma": "2.3203E-5", "name": "per", "label": "period"}, {"label": "n", "value": "1.193644685030068", "title": "mean motion", "units": "deg/d", "sigma": "9.1832E-8", "name": "n"}, {"label": "Q", "title": "aphelion distance", "value": "1.016638458679921", "units": "au", "sigma": "5.2143E-8", "name": "ad"}], "epoch": "2461200.5"}