{"spkid": "50655005", "covariance": {"epoch": "2456671.5", "labels": ["e", "q", "tp", "node", "peri", "i"], "data": [["4.748676603010225E-15", "-1.989150001848095E-15", "7.343084263322199E-13", "-1.916922140290384E-13", "7.222394817209995E-13", "-7.471809407976079E-15"], ["-1.989150001848095E-15", "1.096007524174673E-14", "1.505500136266163E-12", "3.088143864914187E-13", "1.521298599960317E-12", "2.786558703171667E-13"], ["7.343084263322199E-13", "1.505500136266163E-12", "2.301558011822674E-9", "-5.628807829638848E-10", "2.21057026911805E-9", "-6.388952502425727E-11"], ["-1.916922140290384E-13", "3.088143864914187E-13", "-5.628807829638848E-10", "1.032269919406283E-9", "-1.249403387201488E-9", "2.51225147901694E-10"], ["7.222394817209995E-13", "1.521298599960317E-12", "2.21057026911805E-9", "-1.249403387201488E-9", "2.86513745445321E-9", "-2.163631001872919E-10"], ["-7.471809407976079E-15", "2.786558703171667E-13", "-6.388952502425727E-11", "2.51225147901694E-10", "-2.163631001872919E-10", "2.050790519314629E-10"]], "elements": [{"label": "e", "units": null, "value": ".6294069988628017", "title": "eccentricity", "name": "e", "sigma": 6.89106421607739e-08}, {"title": "perihelion distance", "value": ".9897914401166598", "units": "au", "name": "q", "sigma": 1.04690377980723e-07, "label": "q"}, {"units": "TDB", "value": "2456634.527672253988", "title": "time of perihelion passage", "name": "tp", "sigma": 4.79745558793687e-05, "label": "tp"}, {"sigma": 3.21289576458105e-05, "name": "om", "title": "longitude of the ascending node", "value": "279.3694031829522", "units": "deg", "label": "node"}, {"title": "argument of perihelion", "value": "172.6400858402429", "units": "deg", "name": "w", "sigma": 5.35269787532718e-05, "label": "peri"}, {"label": "i", "value": "14.0204752569352", "title": "inclination", "units": "deg", "name": "i", "sigma": 1.43205814103849e-05}]}, "elements": [{"label": "e", "sigma": "8.068E-8", "name": "e", "value": ".620746663331439", "title": "eccentricity", "units": null}, {"label": "a", "units": "au", "value": "2.689663643491132", "title": "semi-major axis", "sigma": "5.1306E-7", "name": "a"}, {"sigma": "1.2403E-7", "name": "q", "title": "perihelion distance", "value": "1.020063911310131", "units": "au", "label": "q"}, {"units": "deg", "title": "inclination; angle with respect to x-y ecliptic plane", "value": "13.93005545740111", "name": "i", "sigma": "1.4351E-5", "label": "i"}, {"value": "279.1113689431474", "title": "longitude of the ascending node", "units": "deg", "name": "om", "sigma": "3.2251E-5", "label": "node"}, {"label": "peri", "sigma": "5.4181E-5", "name": "w", "units": "deg", "value": "173.1288506273879", "title": "argument of perihelion"}, {"title": "mean anomaly", "value": "304.5315967238394", "units": "deg", "name": "ma", "sigma": ".00028981", "label": "M"}, {"label": "tp", "units": "TDB", "title": "time of perihelion passage", "value": "2461448.749595418333", "name": "tp", "sigma": ".0013681"}, {"title": "sidereal orbital period", "value": "1611.184910184883", "units": "d", "name": "per", "sigma": ".00046101", "label": "period"}, {"value": ".2234380409872943", "title": "mean motion", "units": "deg/d", "sigma": "6.3932E-8", "name": "n", "label": "n"}, {"label": "Q", "title": "aphelion distance", "value": "4.359263375672134", "units": "au", "sigma": "8.3154E-7", "name": "ad"}], "epoch": "2461200.5"}