{"spkid": "50653933", "covariance": {"data": [["4.828667571638802E-16", "-5.132456564207647E-16", "-1.257104055806798E-13", "-1.189937906002456E-13", "1.194021415216061E-14", "-1.440705085420947E-14"], ["-5.132456564207647E-16", "5.485212371767011E-16", "9.01161253803756E-14", "1.268432997692246E-13", "-4.98856458445865E-14", "1.492624125599895E-14"], ["-1.257104055806798E-13", "9.01161253803756E-14", "8.855338251566081E-10", "3.714047147514123E-12", "7.531869959039158E-10", "7.261397610913199E-12"], ["-1.189937906002456E-13", "1.268432997692246E-13", "3.714047147514123E-12", "8.54382881383541E-10", "-8.468786254413289E-10", "-1.250774153873918E-11"], ["1.194021415216061E-14", "-4.98856458445865E-14", "7.531869959039158E-10", "-8.468786254413289E-10", "1.488727501257898E-9", "1.902022346128355E-11"], ["-1.440705085420947E-14", "1.492624125599895E-14", "7.261397610913199E-12", "-1.250774153873918E-11", "1.902022346128355E-11", "4.325566747431205E-12"]], "elements": [{"name": "e", "sigma": 2.19742293872591e-08, "value": ".06048055330963042", "title": "eccentricity", "units": null, "label": "e"}, {"title": "perihelion distance", "value": "1.033884925666115", "units": "au", "name": "q", "sigma": 2.34205302496912e-08, "label": "q"}, {"sigma": 2.9757920376878e-05, "name": "tp", "value": "2458080.301523914841", "title": "time of perihelion passage", "units": "TDB", "label": "tp"}, {"label": "node", "title": "longitude of the ascending node", "value": "56.51399875632366", "units": "deg", "name": "om", "sigma": 2.92298286239167e-05}, {"label": "peri", "sigma": 3.85840316874468e-05, "name": "w", "units": "deg", "title": "argument of perihelion", "value": "176.7221381154241"}, {"name": "i", "sigma": 2.07979968925644e-06, "title": "inclination", "value": "2.302377089013278", "units": "deg", "label": "i"}], "labels": ["e", "q", "tp", "node", "peri", "i"], "epoch": "2458108.5"}, "elements": [{"label": "e", "value": ".05800271339951151", "title": "eccentricity", "units": null, "name": "e", "sigma": "2.0954E-8"}, {"name": "a", "sigma": "3.0657E-9", "value": "1.097515570227125", "title": "semi-major axis", "units": "au", "label": "a"}, {"label": "q", "title": "perihelion distance", "value": "1.03385668915574", "units": "au", "sigma": "2.4104E-8", "name": "q"}, {"label": "i", "title": "inclination; angle with respect to x-y ecliptic plane", "value": "2.298996693797669", "units": "deg", "name": "i", "sigma": "2.0764E-6"}, {"label": "node", "sigma": "2.9326E-5", "name": "om", "title": "longitude of the ascending node", "value": "55.98127419574829", "units": "deg"}, {"value": "177.6554863379291", "title": "argument of perihelion", "units": "deg", "name": "w", "sigma": "3.9196E-5", "label": "peri"}, {"sigma": "1.9413E-5", "name": "ma", "units": "deg", "title": "mean anomaly", "value": "149.9909479948776", "label": "M"}, {"label": "tp", "value": "2461025.524593377864", "title": "time of perihelion passage", "units": "TDB", "sigma": "2.3022E-5", "name": "tp"}, {"label": "period", "title": "sidereal orbital period", "value": "419.96631947496", "units": "d", "name": "per", "sigma": "1.7596E-6"}, {"sigma": "3.5917E-9", "name": "n", "units": "deg/d", "title": "mean motion", "value": ".8572115984207266", "label": "n"}, {"name": "ad", "sigma": "3.2435E-9", "units": "au", "value": "1.161174451298511", "title": "aphelion distance", "label": "Q"}], "epoch": "2461200.5"}