{"spkid": "50669907", "covariance": {"elements": [{"units": null, "title": "eccentricity", "value": ".5691095917576796", "name": "e", "sigma": 1.17505602493802e-06, "label": "e"}, {"label": "q", "value": ".7594348620399836", "title": "perihelion distance", "units": "au", "sigma": 2.06242558680758e-06, "name": "q"}, {"value": "2457684.771802736676", "title": "time of perihelion passage", "units": "TDB", "sigma": 7.68585331141777e-05, "name": "tp", "label": "tp"}, {"value": "39.8905857096092", "title": "longitude of the ascending node", "units": "deg", "sigma": 4.16780572118792e-06, "name": "om", "label": "node"}, {"name": "w", "sigma": 0.000263942647452328, "value": "257.9366537430649", "title": "argument of perihelion", "units": "deg", "label": "peri"}, {"name": "i", "sigma": 6.77440345528453e-05, "units": "deg", "value": "40.60786881819573", "title": "inclination", "label": "i"}], "data": [["1.38075666174315E-12", "-2.423457734451925E-12", "8.828756754319569E-11", "1.950039632583634E-12", "3.098477762317817E-10", "-2.089882180015883E-11"], ["-2.423457734451925E-12", "4.253599301118593E-12", "-1.548892621229402E-10", "-3.422978079657051E-12", "-5.438077908519053E-10", "3.672127231497414E-11"], ["8.828756754319569E-11", "-1.548892621229402E-10", "5.907234112463152E-9", "1.304618051805453E-10", "1.99676785070992E-8", "-1.034017494454987E-9"], ["1.950039632583634E-12", "-3.422978079657051E-12", "1.304618051805453E-10", "1.737060452956677E-11", "4.315300543195857E-10", "2.399646879310867E-11"], ["3.098477762317817E-10", "-5.438077908519053E-10", "1.99676785070992E-8", "4.315300543195857E-10", "6.966572114414374E-8", "-4.450164492196624E-9"], ["-2.089882180015883E-11", "3.672127231497414E-11", "-1.034017494454987E-9", "2.399646879310867E-11", "-4.450164492196624E-9", "4.589254217497097E-9"]], "labels": ["e", "q", "tp", "node", "peri", "i"], "epoch": "2457302.5"}, "elements": [{"label": "e", "sigma": "1.1687E-6", "name": "e", "value": ".5695453679509488", "title": "eccentricity", "units": null}, {"name": "a", "sigma": "2.0452E-8", "value": "1.762600876449261", "title": "semi-major axis", "units": "au", "label": "a"}, {"label": "q", "value": ".7587197117213019", "title": "perihelion distance", "units": "au", "sigma": "2.0526E-6", "name": "q"}, {"name": "i", "sigma": "6.7677E-5", "units": "deg", "value": "40.59973581516061", "title": "inclination; angle with respect to x-y ecliptic plane", "label": "i"}, {"label": "node", "units": "deg", "title": "longitude of the ascending node", "value": "39.80388349388156", "name": "om", "sigma": "4.1496E-6"}, {"sigma": ".00026386", "name": "w", "units": "deg", "title": "argument of perihelion", "value": "257.9502101313846", "label": "peri"}, {"value": "40.77513866203699", "title": "mean anomaly", "units": "deg", "sigma": "5.6733E-5", "name": "ma", "label": "M"}, {"label": "tp", "sigma": ".00013306", "name": "tp", "units": "TDB", "value": "2461103.689526266633", "title": "time of perihelion passage"}, {"label": "period", "name": "per", "sigma": "1.4877E-5", "value": "854.7308896452673", "title": "sidereal orbital period", "units": "d"}, {"label": "n", "units": "deg/d", "title": "mean motion", "value": ".4211851991793676", "sigma": "7.3309E-9", "name": "n"}, {"value": "2.766482041177221", "title": "aphelion distance", "units": "au", "name": "ad", "sigma": "3.2101E-8", "label": "Q"}], "epoch": "2461200.5"}