{"spkid": "50673191", "covariance": {"epoch": "2458436.5", "data": [["7.377833692740675E-16", "-1.716753209573644E-15", "3.366258439235854E-14", "-5.950996531233977E-14", "1.365994738513973E-13", "-1.794840865249079E-14"], ["-1.716753209573644E-15", "4.005339795548187E-15", "-4.926032824947227E-14", "1.447812524534521E-13", "-3.098532926571625E-13", "4.409426024905069E-14"], ["3.366258439235854E-14", "-4.926032824947227E-14", "1.749154888129184E-10", "-4.822486141736929E-12", "1.088399265620988E-10", "4.332268480926943E-12"], ["-5.950996531233977E-14", "1.447812524534521E-13", "-4.822486141736929E-12", "3.898117364297815E-9", "-3.876940767892443E-9", "2.27973983708958E-10"], ["1.365994738513973E-13", "-3.098532926571625E-13", "1.088399265620988E-10", "-3.876940767892443E-9", "3.93426146056902E-9", "-2.2372336775207E-10"], ["-1.794840865249079E-14", "4.409426024905069E-14", "4.332268480926943E-12", "2.27973983708958E-10", "-2.2372336775207E-10", "3.092691427123277E-11"]], "elements": [{"name": "e", "sigma": 2.71621679781653e-08, "units": null, "value": ".5759228859539272", "title": "eccentricity", "label": "e"}, {"label": "q", "units": "au", "value": ".9888998780164058", "title": "perihelion distance", "sigma": 6.32877539145464e-08, "name": "q"}, {"units": "TDB", "title": "time of perihelion passage", "value": "2458171.601053492457", "name": "tp", "sigma": 1.32255619469616e-05, "label": "tp"}, {"value": "201.9006012981614", "title": "longitude of the ascending node", "units": "deg", "name": "om", "sigma": 6.24349050155265e-05, "label": "node"}, {"label": "peri", "value": "127.0548201233687", "title": "argument of perihelion", "units": "deg", "sigma": 6.27236913818775e-05, "name": "w"}, {"value": "4.934458443581637", "title": "inclination", "units": "deg", "sigma": 5.56119719765742e-06, "name": "i", "label": "i"}], "labels": ["e", "q", "tp", "node", "peri", "i"]}, "elements": [{"label": "e", "name": "e", "sigma": "2.7407E-8", "units": null, "value": ".5763736669731396", "title": "eccentricity"}, {"label": "a", "title": "semi-major axis", "value": "2.334614468328195", "units": "au", "name": "a", "sigma": "6.9111E-9"}, {"sigma": "6.3958E-8", "name": "q", "value": ".9890041662493263", "title": "perihelion distance", "units": "au", "label": "q"}, {"name": "i", "sigma": "5.5496E-6", "value": "4.937871776918925", "title": "inclination; angle with respect to x-y ecliptic plane", "units": "deg", "label": "i"}, {"label": "node", "title": "longitude of the ascending node", "value": "201.6281675070569", "units": "deg", "sigma": "6.2383E-5", "name": "om"}, {"units": "deg", "value": "127.4220624244267", "title": "argument of perihelion", "name": "w", "sigma": "6.267E-5", "label": "peri"}, {"label": "M", "sigma": "6.934E-6", "name": "ma", "units": "deg", "value": "118.1138254394337", "title": "mean anomaly"}, {"name": "tp", "sigma": "2.3445E-5", "units": "TDB", "title": "time of perihelion passage", "value": "2460773.016436867373", "label": "tp"}, {"label": "period", "units": "d", "value": "1302.930306043294", "title": "sidereal orbital period", "name": "per", "sigma": "5.7856E-6"}, {"units": "deg/d", "value": ".2763002735681533", "title": "mean motion", "name": "n", "sigma": "1.2269E-9", "label": "n"}, {"name": "ad", "sigma": "1.0895E-8", "value": "3.680224770407063", "title": "aphelion distance", "units": "au", "label": "Q"}], "epoch": "2461200.5"}