{"spkid": "50673944", "covariance": {"labels": ["e", "q", "tp", "node", "peri", "i"], "elements": [{"units": null, "value": ".6425455819121503", "title": "eccentricity", "sigma": 5.7790414139062e-08, "name": "e", "label": "e"}, {"label": "q", "name": "q", "sigma": 1.06758269870709e-07, "units": "au", "title": "perihelion distance", "value": ".658326392338064"}, {"label": "tp", "title": "time of perihelion passage", "value": "2457818.556594007491", "units": "TDB", "name": "tp", "sigma": 1.5891549454876e-05}, {"name": "om", "sigma": 3.48142745237863e-05, "units": "deg", "value": "271.6486265809057", "title": "longitude of the ascending node", "label": "node"}, {"label": "peri", "units": "deg", "title": "argument of perihelion", "value": "102.4053185514944", "sigma": 3.76149505054589e-05, "name": "w"}, {"label": "i", "title": "inclination", "value": "4.489156619198489", "units": "deg", "sigma": 1.55284468526843e-05, "name": "i"}], "data": [["3.339731966364298E-15", "-6.168748664654666E-15", "-2.329113466186173E-13", "8.294832015887458E-14", "3.883132267640803E-13", "-3.764832053369921E-15"], ["-6.168748664654666E-15", "1.139732818578713E-14", "4.424223961760741E-13", "-1.616064852517793E-13", "-7.033967961766607E-13", "9.861580089136975E-15"], ["-2.329113466186173E-13", "4.424223961760741E-13", "2.525413440767712E-10", "-1.148573173626105E-10", "2.011952682615661E-10", "4.227345392775277E-11"], ["8.294832015887458E-14", "-1.616064852517793E-13", "-1.148573173626105E-10", "1.212033710617559E-9", "-1.246928693251603E-9", "2.927944222486075E-10"], ["3.883132267640803E-13", "-7.033967961766607E-13", "2.011952682615661E-10", "-1.246928693251603E-9", "1.414884501528123E-9", "-2.728547783590778E-10"], ["-3.764832053369921E-15", "9.861580089136975E-15", "4.227345392775277E-11", "2.927944222486075E-10", "-2.728547783590778E-10", "2.411326616566414E-10"]], "epoch": "2457567.5"}, "elements": [{"label": "e", "value": ".6419159927981058", "title": "eccentricity", "units": null, "sigma": "5.751E-8", "name": "e"}, {"label": "a", "sigma": "3.4785E-9", "name": "a", "units": "au", "value": "1.843005753343181", "title": "semi-major axis"}, {"title": "perihelion distance", "value": ".659950885453272", "units": "au", "name": "q", "sigma": "1.0615E-7", "label": "q"}, {"label": "i", "name": "i", "sigma": "1.553E-5", "title": "inclination; angle with respect to x-y ecliptic plane", "value": "4.48954038568342", "units": "deg"}, {"label": "node", "value": "271.454219031047", "title": "longitude of the ascending node", "units": "deg", "name": "om", "sigma": "3.486E-5"}, {"title": "argument of perihelion", "value": "102.5761231942436", "units": "deg", "sigma": "3.7695E-5", "name": "w", "label": "peri"}, {"label": "M", "sigma": "9.125E-6", "name": "ma", "units": "deg", "title": "mean anomaly", "value": "252.7652805833055"}, {"label": "tp", "sigma": "2.3648E-5", "name": "tp", "units": "TDB", "value": "2461472.720847874122", "title": "time of perihelion passage"}, {"sigma": "2.5873E-6", "name": "per", "units": "d", "title": "sidereal orbital period", "value": "913.8785065858743", "label": "period"}, {"sigma": "1.1152E-9", "name": "n", "units": "deg/d", "title": "mean motion", "value": ".3939254478638643", "label": "n"}, {"label": "Q", "units": "au", "value": "3.02606062123309", "title": "aphelion distance", "name": "ad", "sigma": "5.7114E-9"}], "epoch": "2461200.5"}