{"spkid": "50674005", "covariance": {"epoch": "2458114.5", "labels": ["e", "q", "tp", "node", "peri", "i"], "elements": [{"label": "e", "value": ".1621697454566101", "title": "eccentricity", "units": null, "sigma": 3.66608394241911e-08, "name": "e"}, {"value": ".7423241431747367", "title": "perihelion distance", "units": "au", "name": "q", "sigma": 3.15897532256628e-08, "label": "q"}, {"label": "tp", "title": "time of perihelion passage", "value": "2458204.430966433642", "units": "TDB", "name": "tp", "sigma": 4.87576781198553e-05}, {"label": "node", "name": "om", "sigma": 2.05918560118403e-05, "units": "deg", "title": "longitude of the ascending node", "value": "102.3167502991604"}, {"sigma": 4.09149737638979e-05, "name": "w", "value": "350.2289715689079", "title": "argument of perihelion", "units": "deg", "label": "peri"}, {"title": "inclination", "value": "2.612651752324315", "units": "deg", "sigma": 8.90045886511257e-06, "name": "i", "label": "i"}], "data": [["1.344017147286323E-15", "-1.157844013211561E-15", "-1.270396782502638E-12", "-2.986681799986786E-13", "-9.415556922664124E-13", "2.381148790442741E-13"], ["-1.157844013211561E-15", "9.979125088582702E-16", "1.105108990959948E-12", "2.575011018860144E-13", "8.19096659337007E-13", "-2.049802929515887E-13"], ["-1.270396782502638E-12", "1.105108990959948E-12", "2.377311175639413E-9", "3.772058668500149E-10", "1.774618077263581E-9", "-2.482358297395042E-10"], ["-2.986681799986786E-13", "2.575011018860144E-13", "3.772058668500149E-10", "4.240245340123622E-10", "-6.809982743627871E-11", "-1.59245040051631E-10"], ["-9.415556922664124E-13", "8.19096659337007E-13", "1.774618077263581E-9", "-6.809982743627871E-11", "1.674035078100451E-9", "-8.061605051318231E-11"], ["2.381148790442741E-13", "-2.049802929515887E-13", "-2.482358297395042E-10", "-1.59245040051631E-10", "-8.061605051318231E-11", "7.921816800956092E-11"]]}, "elements": [{"label": "e", "units": null, "title": "eccentricity", "value": ".1594288123343875", "name": "e", "sigma": "4.6065E-8"}, {"label": "a", "name": "a", "sigma": "3.3694E-9", "units": "au", "value": ".8885967402162278", "title": "semi-major axis"}, {"label": "q", "units": "au", "value": ".7469288172793463", "title": "perihelion distance", "sigma": "4.3649E-8", "name": "q"}, {"title": "inclination; angle with respect to x-y ecliptic plane", "value": "2.732758187948459", "units": "deg", "sigma": "8.311E-6", "name": "i", "label": "i"}, {"name": "om", "sigma": "1.2153E-5", "units": "deg", "title": "longitude of the ascending node", "value": "100.4120664683544", "label": "node"}, {"label": "peri", "units": "deg", "value": "351.9536436259245", "title": "argument of perihelion", "name": "w", "sigma": "4.6246E-5"}, {"label": "M", "name": "ma", "sigma": "9.1003E-5", "value": "290.5312479727147", "title": "mean anomaly", "units": "deg"}, {"label": "tp", "name": "tp", "sigma": "7.7639E-5", "value": "2461259.539476331918", "title": "time of perihelion passage", "units": "TDB"}, {"sigma": "1.7402E-6", "name": "per", "units": "d", "value": "305.9535526295704", "title": "sidereal orbital period", "label": "period"}, {"name": "n", "sigma": "6.6924E-9", "units": "deg/d", "title": "mean motion", "value": "1.17664919039481", "label": "n"}, {"label": "Q", "value": "1.030264663153109", "title": "aphelion distance", "units": "au", "name": "ad", "sigma": "3.9065E-9"}], "epoch": "2461200.5"}