{"spkid": "50674601", "covariance": {"elements": [{"label": "e", "name": "e", "sigma": 8.18435474310218e-07, "value": ".3736872954801085", "title": "eccentricity", "units": null}, {"units": "au", "value": ".7849132392900442", "title": "perihelion distance", "name": "q", "sigma": 1.0232325484018e-06, "label": "q"}, {"label": "tp", "name": "tp", "sigma": 4.0045614816449e-05, "value": "2457443.205328182155", "title": "time of perihelion passage", "units": "TDB"}, {"label": "node", "name": "om", "sigma": 1.62223849948833e-05, "units": "deg", "value": "279.4310639164376", "title": "longitude of the ascending node"}, {"value": "115.2922069192284", "title": "argument of perihelion", "units": "deg", "sigma": 8.83532167778066e-05, "name": "w", "label": "peri"}, {"sigma": 4.1979743594353e-05, "name": "i", "units": "deg", "value": "24.40785461535858", "title": "inclination", "label": "i"}], "data": [["6.69836625609391E-13", "-8.374448989471765E-13", "-1.238646593767586E-11", "7.775206144226662E-12", "6.847701797833658E-11", "1.836994777421586E-11"], ["-8.374448989471765E-13", "1.047004848108838E-12", "1.555713150607731E-11", "-9.710198880176954E-12", "-8.556481178821247E-11", "-2.292797464169869E-11"], ["-1.238646593767586E-11", "1.555713150607731E-11", "1.603651266027396E-9", "7.593017166890542E-11", "-2.976879801139275E-10", "4.079575580993571E-10"], ["7.775206144226662E-12", "-9.710198880176954E-12", "7.593017166890542E-11", "2.63165774922215E-10", "8.277941119474782E-10", "5.845556438116104E-10"], ["6.847701797833658E-11", "-8.556481178821247E-11", "-2.976879801139275E-10", "8.277941119474782E-10", "7.806290914986083E-9", "2.192977143811322E-9"], ["1.836994777421586E-11", "-2.292797464169869E-11", "4.079575580993571E-10", "5.845556438116104E-10", "2.192977143811322E-9", "1.762298872247621E-9"]], "labels": ["e", "q", "tp", "node", "peri", "i"], "epoch": "2457368.5"}, "elements": [{"label": "e", "units": null, "value": ".3736284082839539", "title": "eccentricity", "sigma": "8.1899E-7", "name": "e"}, {"name": "a", "sigma": "8.0974E-9", "units": "au", "value": "1.253271073371651", "title": "semi-major axis", "label": "a"}, {"label": "q", "name": "q", "sigma": "1.0227E-6", "value": ".7850133970794786", "title": "perihelion distance", "units": "au"}, {"sigma": "4.2002E-5", "name": "i", "title": "inclination; angle with respect to x-y ecliptic plane", "value": "24.41043941694974", "units": "deg", "label": "i"}, {"units": "deg", "value": "279.373987369251", "title": "longitude of the ascending node", "name": "om", "sigma": "1.6225E-5", "label": "node"}, {"label": "peri", "name": "w", "sigma": "8.8418E-5", "units": "deg", "value": "115.3652564896698", "title": "argument of perihelion"}, {"sigma": "3.8708E-5", "name": "ma", "units": "deg", "value": "119.5561647329438", "title": "mean anomaly", "label": "M"}, {"label": "tp", "units": "TDB", "title": "time of perihelion passage", "value": "2461030.309456700485", "sigma": "5.4064E-5", "name": "tp"}, {"title": "sidereal orbital period", "value": "512.4670544984685", "units": "d", "sigma": "4.9666E-6", "name": "per", "label": "period"}, {"label": "n", "sigma": "6.8081E-9", "name": "n", "value": ".7024841828170162", "title": "mean motion", "units": "deg/d"}, {"sigma": "1.1123E-8", "name": "ad", "value": "1.721528749663823", "title": "aphelion distance", "units": "au", "label": "Q"}], "epoch": "2461200.5"}