{"spkid": "50689296", "covariance": {"epoch": "2457546.5", "data": [["9.240763431880822E-16", "-1.031299909917717E-15", "4.821888056794777E-13", "-5.375122556004876E-13", "1.018764378850099E-12", "1.439294050602843E-14"], ["-1.031299909917717E-15", "1.196851488508834E-15", "-5.654744125566339E-13", "5.328138401273107E-13", "-1.132112778076659E-12", "-1.935440390202417E-14"], ["4.821888056794777E-13", "-5.654744125566339E-13", "6.757320078283984E-10", "-9.020108018268636E-10", "1.590373037578214E-9", "4.58719705060686E-11"], ["-5.375122556004876E-13", "5.328138401273107E-13", "-9.020108018268636E-10", "7.749634005374952E-9", "-8.572220976132845E-9", "-1.460852795711574E-10"], ["1.018764378850099E-12", "-1.132112778076659E-12", "1.590373037578214E-9", "-8.572220976132845E-9", "1.012363954251716E-8", "1.93753058621452E-10"], ["1.439294050602843E-14", "-1.935440390202417E-14", "4.58719705060686E-11", "-1.460852795711574E-10", "1.93753058621452E-10", "6.667671886461453E-12"]], "elements": [{"label": "e", "name": "e", "sigma": 3.0398624034454e-08, "units": null, "value": ".1738490516231888", "title": "eccentricity"}, {"title": "perihelion distance", "value": ".9970657750378538", "units": "au", "name": "q", "sigma": 3.45955414541937e-08, "label": "q"}, {"label": "tp", "sigma": 2.59948457935107e-05, "name": "tp", "value": "2457452.762895488362", "title": "time of perihelion passage", "units": "TDB"}, {"sigma": 8.8032005573967e-05, "name": "om", "title": "longitude of the ascending node", "value": "68.80325697073411", "units": "deg", "label": "node"}, {"label": "peri", "value": "338.0404226355351", "title": "argument of perihelion", "units": "deg", "name": "w", "sigma": 0.000100616298592808}, {"label": "i", "units": "deg", "title": "inclination", "value": "2.175203083967214", "sigma": 2.58218355011054e-06, "name": "i"}], "labels": ["e", "q", "tp", "node", "peri", "i"]}, "elements": [{"sigma": "3.0123E-8", "name": "e", "units": null, "value": ".1732936063116123", "title": "eccentricity", "label": "e"}, {"label": "a", "sigma": "6.4625E-9", "name": "a", "value": "1.205886520616368", "title": "semi-major axis", "units": "au"}, {"label": "q", "sigma": "3.4794E-8", "name": "q", "units": "au", "value": ".9969140966561951", "title": "perihelion distance"}, {"label": "i", "name": "i", "sigma": "2.5824E-6", "title": "inclination; angle with respect to x-y ecliptic plane", "value": "2.175400844196715", "units": "deg"}, {"label": "node", "units": "deg", "value": "68.72175774920574", "title": "longitude of the ascending node", "name": "om", "sigma": "8.8078E-5"}, {"label": "peri", "name": "w", "sigma": ".00010067", "units": "deg", "title": "argument of perihelion", "value": "338.2028254769677"}, {"name": "ma", "sigma": "3.3444E-5", "title": "mean anomaly", "value": "268.2045688276452", "units": "deg", "label": "M"}, {"sigma": "4.5752E-5", "name": "tp", "value": "2461323.832249602048", "title": "time of perihelion passage", "units": "TDB", "label": "tp"}, {"label": "period", "title": "sidereal orbital period", "value": "483.6799532361572", "units": "d", "name": "per", "sigma": "3.8882E-6"}, {"label": "n", "title": "mean motion", "value": ".7442938198933989", "units": "deg/d", "sigma": "5.9832E-9", "name": "n"}, {"label": "Q", "sigma": "7.5825E-9", "name": "ad", "value": "1.414858944576541", "title": "aphelion distance", "units": "au"}], "epoch": "2461200.5"}