{"spkid": "50689376", "covariance": {"epoch": "2458479.5", "data": [["5.333669718537009E-14", "-6.185524183836704E-14", "-1.59933481701987E-12", "-4.907898801914162E-12", "-5.546524793265329E-13", "-1.751474597439507E-13"], ["-6.185524183836704E-14", "7.173615022107671E-14", "1.855954526745482E-12", "5.693037019155947E-12", "6.434482692678973E-13", "2.030629601638424E-13"], ["-1.59933481701987E-12", "1.855954526745482E-12", "2.850176782449752E-10", "1.359205000098962E-10", "1.480580794738367E-10", "-1.196746135473761E-11"], ["-4.907898801914162E-12", "5.693037019155947E-12", "1.359205000098962E-10", "2.761681801494684E-9", "-2.253176875689144E-9", "3.818033612991541E-10"], ["-5.546524793265329E-13", "6.434482692678973E-13", "1.480580794738367E-10", "-2.253176875689144E-9", "2.372114977099015E-9", "-3.708706595594563E-10"], ["-1.751474597439507E-13", "2.030629601638424E-13", "-1.196746135473761E-11", "3.818033612991541E-10", "-3.708706595594563E-10", "8.093548254708741E-11"]], "elements": [{"sigma": 2.30947390514312e-07, "name": "e", "value": ".4199922042420244", "title": "eccentricity", "units": null, "label": "e"}, {"name": "q", "sigma": 2.67836051010831e-07, "value": ".6731871182193788", "title": "perihelion distance", "units": "au", "label": "q"}, {"title": "time of perihelion passage", "value": "2458616.871356586044", "units": "TDB", "sigma": 1.68824665924436e-05, "name": "tp", "label": "tp"}, {"name": "om", "sigma": 5.25517059808213e-05, "value": "125.2016045299799", "title": "longitude of the ascending node", "units": "deg", "label": "node"}, {"units": "deg", "value": "81.22314786301759", "title": "argument of perihelion", "name": "w", "sigma": 4.87043630191281e-05, "label": "peri"}, {"label": "i", "name": "i", "sigma": 8.99641498304116e-06, "value": "5.572402662145429", "title": "inclination", "units": "deg"}], "labels": ["e", "q", "tp", "node", "peri", "i"]}, "elements": [{"title": "eccentricity", "value": ".4199739716213734", "units": null, "name": "e", "sigma": "2.3105E-7", "label": "e"}, {"label": "a", "name": "a", "sigma": "2.3727E-9", "title": "semi-major axis", "value": "1.160262145707018", "units": "au"}, {"value": ".6729822442525051", "title": "perihelion distance", "units": "au", "name": "q", "sigma": "2.6771E-7", "label": "q"}, {"title": "inclination; angle with respect to x-y ecliptic plane", "value": "5.573068783291692", "units": "deg", "sigma": "8.9981E-6", "name": "i", "label": "i"}, {"units": "deg", "value": "125.1513141528236", "title": "longitude of the ascending node", "name": "om", "sigma": "5.254E-5", "label": "node"}, {"units": "deg", "value": "81.25260760900952", "title": "argument of perihelion", "sigma": "4.8681E-5", "name": "w", "label": "peri"}, {"units": "deg", "value": "237.1256506385208", "title": "mean anomaly", "sigma": "1.4226E-5", "name": "ma", "label": "M"}, {"name": "tp", "sigma": "1.8204E-5", "units": "TDB", "title": "time of perihelion passage", "value": "2461356.308570230081", "label": "tp"}, {"sigma": "1.4003E-6", "name": "per", "title": "sidereal orbital period", "value": "456.4914123599301", "units": "d", "label": "period"}, {"label": "n", "units": "deg/d", "title": "mean motion", "value": ".7886238169057834", "name": "n", "sigma": "2.4191E-9"}, {"title": "aphelion distance", "value": "1.647542047161531", "units": "au", "name": "ad", "sigma": "3.3692E-9", "label": "Q"}], "epoch": "2461200.5"}