{"spkid": "50682490", "covariance": {"epoch": "2458455.5", "data": [["9.320118534768824E-14", "-1.054057347511826E-13", "1.172559211995236E-12", "-6.548064079242267E-13", "1.282288107652565E-11", "1.181664353912882E-12"], ["-1.054057347511826E-13", "1.192087900999582E-13", "-1.32682433955031E-12", "7.402922603145413E-13", "-1.450204633676839E-11", "-1.336312329792965E-12"], ["1.172559211995236E-12", "-1.32682433955031E-12", "3.804220534189292E-11", "-2.20073654604022E-11", "1.925800620628496E-10", "2.214144371852968E-11"], ["-6.548064079242267E-13", "7.402922603145413E-13", "-2.20073654604022E-11", "1.816915062956905E-10", "-2.769466435095725E-10", "8.9955827727584E-12"], ["1.282288107652565E-11", "-1.450204633676839E-11", "1.925800620628496E-10", "-2.769466435095725E-10", "1.974544060837603E-9", "1.50631647854174E-10"], ["1.181664353912882E-12", "-1.336312329792965E-12", "2.214144371852968E-11", "8.9955827727584E-12", "1.50631647854174E-10", "3.994419101857968E-11"]], "elements": [{"label": "e", "sigma": 3.05288691811027e-07, "name": "e", "units": null, "value": ".3206464414214105", "title": "eccentricity"}, {"value": ".7668244378918171", "title": "perihelion distance", "units": "au", "name": "q", "sigma": 3.45266259718436e-07, "label": "q"}, {"label": "tp", "units": "TDB", "title": "time of perihelion passage", "value": "2458298.653943041628", "sigma": 6.16783635822911e-06, "name": "tp"}, {"label": "node", "value": "344.8366234887893", "title": "longitude of the ascending node", "units": "deg", "name": "om", "sigma": 1.34792991767262e-05}, {"title": "argument of perihelion", "value": "98.22536854514843", "units": "deg", "name": "w", "sigma": 4.44358420741365e-05, "label": "peri"}, {"label": "i", "sigma": 6.32014169291953e-06, "name": "i", "units": "deg", "value": "2.488153207916031", "title": "inclination"}], "labels": ["e", "q", "tp", "node", "peri", "i"]}, "elements": [{"name": "e", "sigma": "3.0377E-7", "units": null, "value": ".3210538832637145", "title": "eccentricity", "label": "e"}, {"label": "a", "value": "1.131436307626129", "title": "semi-major axis", "units": "au", "name": "a", "sigma": "7.5325E-9"}, {"label": "q", "name": "q", "sigma": "3.4815E-7", "units": "au", "title": "perihelion distance", "value": ".7681842873972015"}, {"label": "i", "name": "i", "sigma": "6.3799E-6", "value": "2.456623858858073", "title": "inclination; angle with respect to x-y ecliptic plane", "units": "deg"}, {"label": "node", "sigma": "1.3716E-5", "name": "om", "title": "longitude of the ascending node", "value": "344.6094254233707", "units": "deg"}, {"name": "w", "sigma": "4.6116E-5", "value": "98.1186531174334", "title": "argument of perihelion", "units": "deg", "label": "peri"}, {"sigma": "1.5084E-5", "name": "ma", "value": "219.6791448066753", "title": "mean anomaly", "units": "deg", "label": "M"}, {"name": "tp", "sigma": "2.0091E-5", "units": "TDB", "value": "2461371.841796286505", "title": "time of perihelion passage", "label": "tp"}, {"label": "period", "units": "d", "value": "439.5857378303385", "title": "sidereal orbital period", "name": "per", "sigma": "4.3898E-6"}, {"label": "n", "title": "mean motion", "value": ".8189528663437774", "units": "deg/d", "sigma": "8.1782E-9", "name": "n"}, {"label": "Q", "name": "ad", "sigma": "9.9508E-9", "value": "1.494688327855056", "title": "aphelion distance", "units": "au"}], "epoch": "2461200.5"}