{"spkid": "50693080", "covariance": {"epoch": "2457155.5", "data": [["3.755836370224351E-15", "-9.36312322160762E-15", "-8.892499565642357E-13", "1.764446633209963E-12", "-3.305979810315125E-12", "1.388940174101563E-13"], ["-9.36312322160762E-15", "2.343201815068256E-14", "2.073419424111377E-12", "-5.823101507969569E-12", "9.517275703271495E-12", "-4.340373820397223E-13"], ["-8.892499565642357E-13", "2.073419424111377E-12", "8.30946700167059E-10", "3.061263206446477E-9", "-2.065619034571276E-9", "3.137613901360592E-11"], ["1.764446633209963E-12", "-5.823101507969569E-12", "3.061263206446477E-9", "3.633043446578753E-8", "-3.346369891697688E-8", "2.227821527130835E-9"], ["-3.305979810315125E-12", "9.517275703271495E-12", "-2.065619034571276E-9", "-3.346369891697688E-8", "3.189660339869051E-8", "-2.184050324869713E-9"], ["1.388940174101563E-13", "-4.340373820397223E-13", "3.137613901360592E-11", "2.227821527130835E-9", "-2.184050324869713E-9", "3.72493941251805E-10"]], "elements": [{"label": "e", "value": ".6276897942854534", "title": "eccentricity", "units": null, "name": "e", "sigma": 6.12848788056593e-08}, {"label": "q", "value": ".9450548795188901", "title": "perihelion distance", "units": "au", "sigma": 1.53075204232046e-07, "name": "q"}, {"label": "tp", "name": "tp", "sigma": 2.88261461206152e-05, "units": "TDB", "value": "2456906.763460262801", "title": "time of perihelion passage"}, {"label": "node", "units": "deg", "title": "longitude of the ascending node", "value": "327.0793427947958", "name": "om", "sigma": 0.000190605441857748}, {"sigma": 0.000178596202083612, "name": "w", "units": "deg", "value": "9.825034152512613", "title": "argument of perihelion", "label": "peri"}, {"units": "deg", "title": "inclination", "value": "14.73204573501733", "sigma": 1.9300102104699e-05, "name": "i", "label": "i"}], "labels": ["e", "q", "tp", "node", "peri", "i"]}, "elements": [{"label": "e", "name": "e", "sigma": "6.4079E-8", "units": null, "value": ".6243091207408989", "title": "eccentricity"}, {"label": "a", "sigma": "1.9587E-8", "name": "a", "value": "2.544715415355023", "title": "semi-major axis", "units": "au"}, {"name": "q", "sigma": "1.6172E-7", "units": "au", "title": "perihelion distance", "value": ".956026371858917", "label": "q"}, {"title": "inclination; angle with respect to x-y ecliptic plane", "value": "14.6278043791792", "units": "deg", "sigma": "1.9334E-5", "name": "i", "label": "i"}, {"value": "326.900786526456", "title": "longitude of the ascending node", "units": "deg", "sigma": ".00019188", "name": "om", "label": "node"}, {"label": "peri", "sigma": ".00017971", "name": "w", "units": "deg", "value": "10.06369288394576", "title": "argument of perihelion"}, {"label": "M", "value": "323.0652160960483", "title": "mean anomaly", "units": "deg", "sigma": "1.1866E-5", "name": "ma"}, {"title": "time of perihelion passage", "value": "2461352.621402064810", "units": "TDB", "sigma": "5.035E-5", "name": "tp", "label": "tp"}, {"label": "period", "name": "per", "sigma": "1.7119E-5", "title": "sidereal orbital period", "value": "1482.713554944404", "units": "d"}, {"name": "n", "sigma": "2.8032E-9", "units": "deg/d", "value": ".2427980770793579", "title": "mean motion", "label": "n"}, {"name": "ad", "sigma": "3.1815E-8", "units": "au", "value": "4.133404458851128", "title": "aphelion distance", "label": "Q"}], "epoch": "2461200.5"}