{"spkid": "50698498", "covariance": {"epoch": "2457992.5", "labels": ["e", "q", "tp", "node", "peri", "i"], "elements": [{"label": "e", "name": "e", "sigma": 1.22224003958124e-07, "units": null, "title": "eccentricity", "value": ".1091792769591017"}, {"label": "q", "value": ".9876804702872158", "title": "perihelion distance", "units": "au", "sigma": 1.35603058239634e-07, "name": "q"}, {"sigma": 0.000112933396116634, "name": "tp", "units": "TDB", "title": "time of perihelion passage", "value": "2457807.588887827672", "label": "tp"}, {"label": "node", "title": "longitude of the ascending node", "value": "63.21286407593869", "units": "deg", "sigma": 3.94247063398314e-06, "name": "om"}, {"label": "peri", "title": "argument of perihelion", "value": "325.8919502131303", "units": "deg", "name": "w", "sigma": 0.000122011683362799}, {"title": "inclination", "value": "8.501034929186499", "units": "deg", "sigma": 1.86196296151254e-05, "name": "i", "label": "i"}], "data": [["1.493870714355547E-14", "-1.657363187704073E-14", "-1.315872605077999E-11", "-2.118453238725914E-13", "-1.4242202666988E-11", "1.446595651524592E-12"], ["-1.657363187704073E-14", "1.838818940394148E-14", "1.457497260576925E-11", "2.349436182420639E-13", "1.577551674476291E-11", "-1.597648706306487E-12"], ["-1.315872605077999E-11", "1.457497260576925E-11", "1.27539519584365E-8", "1.884837269947372E-10", "1.377285038590723E-8", "-1.631323243722167E-9"], ["-2.118453238725914E-13", "2.349436182420639E-13", "1.884837269947372E-10", "1.55430746998194E-11", "1.914234871891575E-10", "-2.696584857850223E-11"], ["-1.4242202666988E-11", "1.577551674476291E-11", "1.377285038590723E-8", "1.914234871891575E-10", "1.48868508770239E-8", "-1.750508930325143E-9"], ["1.446595651524592E-12", "-1.597648706306487E-12", "-1.631323243722167E-9", "-2.696584857850223E-11", "-1.750508930325143E-9", "3.466906070044544E-10"]]}, "elements": [{"units": null, "title": "eccentricity", "value": ".1106363388008664", "name": "e", "sigma": "1.1858E-7", "label": "e"}, {"units": "au", "title": "semi-major axis", "value": "1.111175442746043", "sigma": "7.1021E-9", "name": "a", "label": "a"}, {"label": "q", "units": "au", "title": "perihelion distance", "value": ".9882390599951894", "name": "q", "sigma": "1.3374E-7"}, {"sigma": "1.8617E-5", "name": "i", "title": "inclination; angle with respect to x-y ecliptic plane", "value": "8.499374347287491", "units": "deg", "label": "i"}, {"label": "node", "units": "deg", "title": "longitude of the ascending node", "value": "63.05923681109346", "name": "om", "sigma": "3.7178E-6"}, {"label": "peri", "units": "deg", "value": "326.6392505946176", "title": "argument of perihelion", "sigma": ".0001239", "name": "w"}, {"name": "ma", "sigma": ".00010415", "units": "deg", "value": "339.214825391133", "title": "mean anomaly", "label": "M"}, {"label": "tp", "sigma": ".00012393", "name": "tp", "units": "TDB", "title": "time of perihelion passage", "value": "2461225.201513020718"}, {"label": "period", "value": "427.8311274645151", "title": "sidereal orbital period", "units": "d", "name": "per", "sigma": "4.1017E-6"}, {"name": "n", "sigma": "8.0672E-9", "title": "mean motion", "value": ".8414535009023132", "units": "deg/d", "label": "n"}, {"label": "Q", "name": "ad", "sigma": "7.8878E-9", "units": "au", "value": "1.234111825496897", "title": "aphelion distance"}], "epoch": "2461200.5"}