{"spkid": "50694153", "covariance": {"labels": ["e", "q", "tp", "node", "peri", "i"], "elements": [{"title": "eccentricity", "value": ".6485451956476499", "units": null, "name": "e", "sigma": 4.49117100372594e-08, "label": "e"}, {"name": "q", "sigma": 8.19642185428922e-08, "units": "au", "title": "perihelion distance", "value": ".6053981263962898", "label": "q"}, {"label": "tp", "units": "TDB", "value": "2458551.093797059721", "title": "time of perihelion passage", "sigma": 2.78164523101627e-05, "name": "tp"}, {"label": "node", "name": "om", "sigma": 9.15181377608305e-06, "value": "206.1448520984204", "title": "longitude of the ascending node", "units": "deg"}, {"label": "peri", "value": "89.84769324365408", "title": "argument of perihelion", "units": "deg", "sigma": 4.11937661598257e-06, "name": "w"}, {"label": "i", "name": "i", "sigma": 2.51953255042209e-05, "value": "32.94985471946436", "title": "inclination", "units": "deg"}], "data": [["2.017061698470866E-15", "-3.674278811815627E-15", "3.156394135571525E-13", "2.779601642849188E-13", "1.124206293378086E-13", "-9.837510061619607E-13"], ["-3.674278811815627E-15", "6.718133121346999E-15", "-4.468185212024473E-13", "-4.837918498641408E-13", "-2.028396699786942E-13", "1.812825362766567E-12"], ["3.156394135571525E-13", "-4.468185212024473E-13", "7.737550191235567E-10", "1.901967460538615E-10", "2.912005386796154E-11", "-8.603328640938307E-11"], ["2.779601642849188E-13", "-4.837918498641408E-13", "1.901967460538615E-10", "8.375569539210347E-11", "9.61376705599029E-12", "-1.453368436819765E-10"], ["1.124206293378086E-13", "-2.028396699786942E-13", "2.912005386796154E-11", "9.61376705599029E-12", "1.696926370430401E-11", "-4.102121955332653E-11"], ["-9.837510061619607E-13", "1.812825362766567E-12", "-8.603328640938307E-11", "-1.453368436819765E-10", "-4.102121955332653E-11", "6.348044272636426E-10"]], "epoch": "2458513.5"}, "elements": [{"label": "e", "name": "e", "sigma": "4.5106E-8", "value": ".6487707705066885", "title": "eccentricity", "units": null}, {"sigma": "1.693E-8", "name": "a", "title": "semi-major axis", "value": "1.72261955407215", "units": "au", "label": "a"}, {"label": "q", "sigma": "8.2078E-8", "name": "q", "value": ".605034338686873", "title": "perihelion distance", "units": "au"}, {"name": "i", "sigma": "2.5193E-5", "units": "deg", "title": "inclination; angle with respect to x-y ecliptic plane", "value": "32.944433054009", "label": "i"}, {"sigma": "9.1402E-6", "name": "om", "title": "longitude of the ascending node", "value": "206.0590567864499", "units": "deg", "label": "node"}, {"label": "peri", "sigma": "4.1498E-6", "name": "w", "value": "89.9064240125772", "title": "argument of perihelion", "units": "deg"}, {"label": "M", "name": "ma", "sigma": "2.6239E-5", "units": "deg", "value": "74.84191775646589", "title": "mean anomaly"}, {"sigma": "5.7922E-5", "name": "tp", "title": "time of perihelion passage", "value": "2461028.817949144082", "units": "TDB", "label": "tp"}, {"label": "period", "units": "d", "value": "825.8144654877029", "title": "sidereal orbital period", "name": "per", "sigma": "1.2174E-5"}, {"units": "deg/d", "title": "mean motion", "value": ".4359332695721115", "name": "n", "sigma": "6.4265E-9", "label": "n"}, {"value": "2.840204769457426", "title": "aphelion distance", "units": "au", "sigma": "2.7913E-8", "name": "ad", "label": "Q"}], "epoch": "2461200.5"}