{"spkid": "50699504", "covariance": {"labels": ["e", "q", "tp", "node", "peri", "i"], "data": [["2.587700434278115E-11", "-3.494422427887873E-11", "1.164782873387504E-9", "-3.630840126146003E-11", "5.048500296553847E-9", "4.271267033652398E-10"], ["-3.494422427887873E-11", "4.718860299928123E-11", "-1.573542914704228E-9", "4.866710832838898E-11", "-6.817656691010293E-9", "-5.768469586186809E-10"], ["1.164782873387504E-9", "-1.573542914704228E-9", "6.399973099821576E-8", "5.148993886256705E-9", "2.305148159071443E-7", "2.02307649366494E-8"], ["-3.630840126146003E-11", "4.866710832838898E-11", "5.148993886256705E-9", "5.69649002892565E-9", "-6.807383225687234E-9", "-1.546358092785889E-9"], ["5.048500296553847E-9", "-6.817656691010293E-9", "2.305148159071443E-7", "-6.807383225687234E-9", "9.874844832056706E-7", "8.512451095293595E-8"], ["4.271267033652398E-10", "-5.768469586186809E-10", "2.02307649366494E-8", "-1.546358092785889E-9", "8.512451095293595E-8", "8.713276033928648E-9"]], "elements": [{"label": "e", "title": "eccentricity", "value": ".4224214069495342", "units": null, "sigma": 5.08694449967573e-06, "name": "e"}, {"label": "q", "sigma": 6.86939611605571e-06, "name": "q", "title": "perihelion distance", "value": ".7802910622428072", "units": "au"}, {"label": "tp", "name": "tp", "sigma": 0.000252981681151454, "units": "TDB", "title": "time of perihelion passage", "value": "2458195.964765026810"}, {"label": "node", "name": "om", "sigma": 7.54750954217724e-05, "units": "deg", "title": "longitude of the ascending node", "value": "251.3719478283516"}, {"title": "argument of perihelion", "value": "254.5253487044025", "units": "deg", "sigma": 0.000993722538340391, "name": "w", "label": "peri"}, {"label": "i", "name": "i", "sigma": 9.33449304136473e-05, "value": "6.019512217458685", "title": "inclination", "units": "deg"}], "epoch": "2458442.5"}, "elements": [{"title": "eccentricity", "value": ".421909147034674", "units": null, "name": "e", "sigma": "5.1095E-6", "label": "e"}, {"label": "a", "sigma": "4.7999E-8", "name": "a", "units": "au", "value": "1.348649262444025", "title": "semi-major axis"}, {"units": "au", "value": ".779641802477324", "title": "perihelion distance", "name": "q", "sigma": "6.8646E-6", "label": "q"}, {"sigma": "9.3338E-5", "name": "i", "value": "6.019059718959298", "title": "inclination; angle with respect to x-y ecliptic plane", "units": "deg", "label": "i"}, {"label": "node", "value": "251.2789214935404", "title": "longitude of the ascending node", "units": "deg", "name": "om", "sigma": "7.5576E-5"}, {"sigma": ".00099095", "name": "w", "title": "argument of perihelion", "value": "254.7897742302397", "units": "deg", "label": "peri"}, {"label": "M", "sigma": ".00016742", "name": "ma", "units": "deg", "value": "85.93998133359639", "title": "mean anomaly"}, {"units": "TDB", "value": "2461063.934905384119", "title": "time of perihelion passage", "sigma": ".00025877", "name": "tp", "label": "tp"}, {"label": "period", "sigma": "3.054E-5", "name": "per", "units": "d", "title": "sidereal orbital period", "value": "572.0670786613017"}, {"label": "n", "title": "mean motion", "value": ".6292968314877314", "units": "deg/d", "name": "n", "sigma": "3.3596E-8"}, {"label": "Q", "sigma": "6.825E-8", "name": "ad", "units": "au", "title": "aphelion distance", "value": "1.917656722410725"}], "epoch": "2461200.5"}