{"spkid": "50693168", "covariance": {"epoch": "2458008.5", "labels": ["e", "q", "tp", "node", "peri", "i"], "elements": [{"label": "e", "value": ".4939499948705525", "title": "eccentricity", "units": null, "sigma": 3.42480069654843e-08, "name": "e"}, {"label": "q", "title": "perihelion distance", "value": ".8101136231542069", "units": "au", "sigma": 5.21385009114407e-08, "name": "q"}, {"sigma": 1.45729835524637e-05, "name": "tp", "title": "time of perihelion passage", "value": "2457750.789986009926", "units": "TDB", "label": "tp"}, {"label": "node", "units": "deg", "value": "46.32510081782", "title": "longitude of the ascending node", "name": "om", "sigma": 9.45925438296585e-05}, {"label": "peri", "title": "argument of perihelion", "value": "57.22159045316184", "units": "deg", "sigma": 9.22836572011344e-05, "name": "w"}, {"label": "i", "units": "deg", "title": "inclination", "value": "2.704794977440997", "name": "i", "sigma": 8.87253544229206e-06}], "data": [["1.172925981107861E-15", "-1.784895709499919E-15", "-2.208111561527423E-13", "-6.304307545584788E-13", "5.600356756236656E-13", "3.049442338899653E-14"], ["-1.784895709499919E-15", "2.718423277292303E-15", "3.279035898959308E-13", "9.241601657459355E-13", "-8.225519325694574E-13", "-4.370466585972156E-14"], ["-2.208111561527423E-13", "3.279035898959308E-13", "2.123718496203763E-10", "4.386630474281512E-10", "-3.088920200819559E-10", "-2.381110345297418E-11"], ["-6.304307545584788E-13", "9.241601657459355E-13", "4.386630474281512E-10", "8.947749348165871E-9", "-8.687178727729018E-9", "-7.142410454559614E-10"], ["5.600356756236656E-13", "-8.225519325694574E-13", "-3.088920200819559E-10", "-8.687178727729018E-9", "8.516273386416481E-9", "6.990324517099136E-10"], ["3.049442338899653E-14", "-4.370466585972156E-14", "-2.381110345297418E-11", "-7.142410454559614E-10", "6.990324517099136E-10", "7.872188517472868E-11"]]}, "elements": [{"name": "e", "sigma": "3.4771E-8", "value": ".4943880031975344", "title": "eccentricity", "units": null, "label": "e"}, {"label": "a", "sigma": "7.6413E-9", "name": "a", "value": "1.602323169473217", "title": "semi-major axis", "units": "au"}, {"label": "q", "title": "perihelion distance", "value": ".8101538172402087", "units": "au", "sigma": "5.2192E-8", "name": "q"}, {"name": "i", "sigma": "8.876E-6", "units": "deg", "value": "2.706013090875433", "title": "inclination; angle with respect to x-y ecliptic plane", "label": "i"}, {"label": "node", "units": "deg", "title": "longitude of the ascending node", "value": "46.007774282", "name": "om", "sigma": "9.4263E-5"}, {"name": "w", "sigma": "9.1915E-5", "title": "argument of perihelion", "value": "57.60770460005306", "units": "deg", "label": "peri"}, {"name": "ma", "sigma": "8.0596E-6", "units": "deg", "title": "mean anomaly", "value": "238.066430812133", "label": "M"}, {"label": "tp", "units": "TDB", "title": "time of perihelion passage", "value": "2461451.425259221455", "name": "tp", "sigma": "1.7983E-5"}, {"label": "period", "name": "per", "sigma": "5.2995E-6", "units": "d", "title": "sidereal orbital period", "value": "740.8385887609408"}, {"label": "n", "name": "n", "sigma": "3.4761E-9", "title": "mean motion", "value": ".4859358103930618", "units": "deg/d"}, {"label": "Q", "sigma": "1.1419E-8", "name": "ad", "units": "au", "title": "aphelion distance", "value": "2.394492521706225"}], "epoch": "2461200.5"}