{"spkid": "50695761", "covariance": {"epoch": "2459087.5", "labels": ["e", "q", "tp", "node", "peri", "i"], "data": [["1.992659198115959E-15", "-3.646643772011058E-15", "-9.039972547556801E-13", "1.6346042297261E-12", "-2.701310851499832E-12", "-1.370361136442869E-13"], ["-3.646643772011058E-15", "6.674071093562732E-15", "1.654547604154424E-12", "-2.968076906137564E-12", "4.920851878467489E-12", "2.496602349989102E-13"], ["-9.039972547556801E-13", "1.654547604154424E-12", "6.125859157803849E-10", "-5.958765174903786E-10", "1.29935257927997E-9", "3.735012306870031E-11"], ["1.6346042297261E-12", "-2.968076906137564E-12", "-5.958765174903786E-10", "1.268659096088406E-8", "-1.334960291499912E-8", "-5.040871647794404E-10"], ["-2.701310851499832E-12", "4.920851878467489E-12", "1.29935257927997E-9", "-1.334960291499912E-8", "1.482332809629749E-8", "5.481460504157972E-10"], ["-1.370361136442869E-13", "2.496602349989102E-13", "3.735012306870031E-11", "-5.040871647794404E-10", "5.481460504157972E-10", "2.824964567402672E-11"]], "elements": [{"units": null, "title": "eccentricity", "value": ".445744536728404", "name": "e", "sigma": 4.46392114414666e-08, "label": "e"}, {"name": "q", "sigma": 8.16949881789742e-08, "units": "au", "title": "perihelion distance", "value": "1.021068308978923", "label": "q"}, {"units": "TDB", "value": "2458752.264904309548", "title": "time of perihelion passage", "name": "tp", "sigma": 2.47504730415478e-05, "label": "tp"}, {"label": "node", "units": "deg", "title": "longitude of the ascending node", "value": "251.0272192419771", "sigma": 0.000112634767993209, "name": "om"}, {"units": "deg", "title": "argument of perihelion", "value": "109.0693580029121", "name": "w", "sigma": 0.000121751090739662, "label": "peri"}, {"name": "i", "sigma": 5.31503957407908e-06, "value": "2.310041043992725", "title": "inclination", "units": "deg", "label": "i"}]}, "elements": [{"value": ".4464636831768074", "title": "eccentricity", "units": null, "sigma": "4.5934E-8", "name": "e", "label": "e"}, {"units": "au", "title": "semi-major axis", "value": "1.843875404707319", "sigma": "6.3887E-9", "name": "a", "label": "a"}, {"label": "q", "sigma": "8.19E-8", "name": "q", "title": "perihelion distance", "value": "1.020652000202563", "units": "au"}, {"label": "i", "name": "i", "sigma": "5.3347E-6", "value": "2.320085374255424", "title": "inclination; angle with respect to x-y ecliptic plane", "units": "deg"}, {"label": "node", "value": "250.5122362679195", "title": "longitude of the ascending node", "units": "deg", "sigma": ".00011107", "name": "om"}, {"label": "peri", "sigma": ".00012012", "name": "w", "units": "deg", "value": "109.6410572744791", "title": "argument of perihelion"}, {"label": "M", "sigma": "8.7753E-6", "name": "ma", "units": "deg", "title": "mean anomaly", "value": "244.6938899332957"}, {"name": "tp", "sigma": "2.1782E-5", "units": "TDB", "value": "2461493.417692503085", "title": "time of perihelion passage", "label": "tp"}, {"label": "period", "title": "sidereal orbital period", "value": "914.5254248895205", "units": "d", "sigma": "4.753E-6", "name": "per"}, {"value": ".3936467923168893", "title": "mean motion", "units": "deg/d", "name": "n", "sigma": "2.0459E-9", "label": "n"}, {"units": "au", "value": "2.667098809212075", "title": "aphelion distance", "name": "ad", "sigma": "9.241E-9", "label": "Q"}], "epoch": "2461200.5"}