{"spkid": "50703189", "covariance": {"labels": ["e", "q", "tp", "node", "peri", "i"], "data": [["1.145534611679683E-15", "-1.592523181845719E-15", "-1.827799971877169E-13", "-7.92209743097456E-13", "7.459840482975563E-13", "-8.262289246035513E-14"], ["-1.592523181845719E-15", "2.374959718537845E-15", "3.14781243720525E-13", "1.247456987829484E-12", "-1.134612620449173E-12", "1.314547350627966E-13"], ["-1.827799971877169E-13", "3.14781243720525E-13", "2.651273419114517E-10", "7.105713865004927E-10", "-5.038760066274443E-10", "7.507104677543123E-11"], ["-7.92209743097456E-13", "1.247456987829484E-12", "7.105713865004927E-10", "9.036303617742617E-9", "-8.497463813143037E-9", "4.232305925752717E-10"], ["7.459840482975563E-13", "-1.134612620449173E-12", "-5.038760066274443E-10", "-8.497463813143037E-9", "8.135486396938908E-9", "-3.688567204568674E-10"], ["-8.262289246035513E-14", "1.314547350627966E-13", "7.507104677543123E-11", "4.232305925752717E-10", "-3.688567204568674E-10", "4.033415103588949E-11"]], "elements": [{"name": "e", "sigma": 3.3845747320449e-08, "value": ".3854812625347148", "title": "eccentricity", "units": null, "label": "e"}, {"label": "q", "sigma": 4.87335584432108e-08, "name": "q", "value": ".9547263889355301", "title": "perihelion distance", "units": "au"}, {"value": "2457091.075133545053", "title": "time of perihelion passage", "units": "TDB", "name": "tp", "sigma": 1.62827314020545e-05, "label": "tp"}, {"label": "node", "sigma": 9.50594741082793e-05, "name": "om", "units": "deg", "title": "longitude of the ascending node", "value": "210.1344966411971"}, {"label": "peri", "units": "deg", "title": "argument of perihelion", "value": "321.8688755943863", "sigma": 9.01969311946859e-05, "name": "w"}, {"label": "i", "value": "6.880930830122504", "title": "inclination", "units": "deg", "sigma": 6.35091733814018e-06, "name": "i"}], "epoch": "2457408.5"}, "elements": [{"sigma": "3.3882E-8", "name": "e", "value": ".3854916238248148", "title": "eccentricity", "units": null, "label": "e"}, {"value": "1.553323350887877", "title": "semi-major axis", "units": "au", "name": "a", "sigma": "2.2239E-8", "label": "a"}, {"value": ".9545302100291067", "title": "perihelion distance", "units": "au", "name": "q", "sigma": "4.8803E-8", "label": "q"}, {"units": "deg", "title": "inclination; angle with respect to x-y ecliptic plane", "value": "6.886585861412975", "name": "i", "sigma": "6.3533E-6", "label": "i"}, {"label": "node", "sigma": "9.4963E-5", "name": "om", "units": "deg", "value": "210.0506221983696", "title": "longitude of the ascending node"}, {"label": "peri", "units": "deg", "title": "argument of perihelion", "value": "321.9952602423543", "name": "w", "sigma": "9.0118E-5"}, {"name": "ma", "sigma": "4.7078E-5", "units": "deg", "title": "mean anomaly", "value": "291.8944325096123", "label": "M"}, {"label": "tp", "units": "TDB", "title": "time of perihelion passage", "value": "2461334.273887707400", "name": "tp", "sigma": "9.5303E-5"}, {"label": "period", "sigma": "1.5186E-5", "name": "per", "units": "d", "value": "707.1169266956174", "title": "sidereal orbital period"}, {"label": "n", "value": ".5091095777925906", "title": "mean motion", "units": "deg/d", "sigma": "1.0933E-8", "name": "n"}, {"label": "Q", "title": "aphelion distance", "value": "2.152116491746647", "units": "au", "name": "ad", "sigma": "3.0812E-8"}], "epoch": "2461200.5"}