{"spkid": "50702342", "covariance": {"epoch": "2458705.5", "labels": ["e", "q", "tp", "node", "peri", "i", "A2"], "data": [["3.54638813362208E-16", "-3.448677044226459E-16", "2.724547755857429E-13", "-2.055977773029894E-14", "-1.626901727439676E-14", "-1.433872149647869E-15", "-1.094621074795024E-21"], ["-3.448677044226459E-16", "3.386094411715116E-16", "-2.312360834794749E-13", "2.232075432538113E-14", "1.848066313645843E-14", "1.910728528726903E-15", "9.638705855593603E-22"], ["2.724547755857429E-13", "-2.312360834794749E-13", "6.166530512226189E-10", "1.491007704263005E-11", "7.106025290315585E-11", "4.821389543813381E-12", "-1.851209012019584E-18"], ["-2.055977773029894E-14", "2.232075432538113E-14", "1.491007704263005E-11", "6.118105199669111E-10", "-6.000185018808058E-10", "-2.085942932272087E-11", "-1.131097507241608E-20"], ["-1.626901727439676E-14", "1.848066313645843E-14", "7.106025290315585E-11", "-6.000185018808058E-10", "7.039501832946079E-10", "2.362455798559402E-11", "1.544538366092302E-19"], ["-1.433872149647869E-15", "1.910728528726903E-15", "4.821389543813381E-12", "-2.085942932272087E-11", "2.362455798559402E-11", "3.5518276070556E-12", "-7.657643291903857E-21"], ["-1.094621074795024E-21", "9.638705855593603E-22", "-1.851209012019584E-18", "-1.131097507241608E-20", "1.544538366092302E-19", "-7.657643291903857E-21", "7.133499874185099E-27"]], "elements": [{"name": "e", "sigma": 1.88318563440307e-08, "units": null, "value": ".08659613258941999", "title": "eccentricity", "label": "e"}, {"units": "au", "title": "perihelion distance", "value": ".9792817004141511", "sigma": 1.84013434610496e-08, "name": "q", "label": "q"}, {"title": "time of perihelion passage", "value": "2458692.704484179855", "units": "TDB", "name": "tp", "sigma": 2.48324998987742e-05, "label": "tp"}, {"label": "node", "name": "om", "sigma": 2.47348038190504e-05, "units": "deg", "value": "117.6399287707654", "title": "longitude of the ascending node"}, {"units": "deg", "title": "argument of perihelion", "value": "34.11676216170402", "sigma": 2.65320595373712e-05, "name": "w", "label": "peri"}, {"sigma": 1.88462930229146e-06, "name": "i", "units": "deg", "title": "inclination", "value": "1.735774875862976", "label": "i"}]}, "elements": [{"label": "e", "units": null, "value": ".08574106436269537", "title": "eccentricity", "name": "e", "sigma": "1.7495E-8"}, {"label": "a", "sigma": "2.3188E-8", "name": "a", "value": "1.070675363917538", "title": "semi-major axis", "units": "au"}, {"name": "q", "sigma": "3.6217E-8", "units": "au", "value": ".9788745186283319", "title": "perihelion distance", "label": "q"}, {"name": "i", "sigma": "1.885E-6", "units": "deg", "value": "1.737475178965992", "title": "inclination; angle with respect to x-y ecliptic plane", "label": "i"}, {"title": "longitude of the ascending node", "value": "117.5079074121138", "units": "deg", "name": "om", "sigma": "2.4714E-5", "label": "node"}, {"sigma": "2.6601E-5", "name": "w", "units": "deg", "title": "argument of perihelion", "value": "34.22217968654724", "label": "peri"}, {"label": "M", "title": "mean anomaly", "value": "67.47618127221126", "units": "deg", "sigma": "1.5482E-5", "name": "ma"}, {"label": "tp", "sigma": "1.5974E-5", "name": "tp", "units": "TDB", "value": "2461124.653920490106", "title": "time of perihelion passage"}, {"name": "per", "sigma": "1.3145E-5", "units": "d", "title": "sidereal orbital period", "value": "404.6552147551158", "label": "period"}, {"label": "n", "value": ".8896462639629155", "title": "mean motion", "units": "deg/d", "sigma": "2.8901E-8", "name": "n"}, {"label": "Q", "value": "1.162476209206744", "title": "aphelion distance", "units": "au", "name": "ad", "sigma": "2.5176E-8"}], "epoch": "2461200.5"}