{"spkid": "50704288", "covariance": {"elements": [{"units": null, "value": ".6444887791895177", "title": "eccentricity", "sigma": 3.52479637854546e-08, "name": "e", "label": "e"}, {"units": "au", "value": ".9782665201592475", "title": "perihelion distance", "sigma": 1.00437754276674e-07, "name": "q", "label": "q"}, {"sigma": 3.27355290596153e-05, "name": "tp", "units": "TDB", "value": "2458754.599156871017", "title": "time of perihelion passage", "label": "tp"}, {"title": "longitude of the ascending node", "value": "355.511433160633", "units": "deg", "sigma": 5.13722457678262e-05, "name": "om", "label": "node"}, {"label": "peri", "units": "deg", "title": "argument of perihelion", "value": "186.7511619509232", "sigma": 5.06620198198965e-05, "name": "w"}, {"label": "i", "sigma": 4.25869448439016e-06, "name": "i", "title": "inclination", "value": "6.126645642014018", "units": "deg"}], "data": [["1.242418951020721E-15", "-3.531677566564158E-15", "-4.040772052805648E-13", "-5.471972729794275E-13", "5.115801743153424E-13", "-3.002996550309214E-14"], ["-3.531677566564158E-15", "1.008774248414159E-14", "1.356596530060855E-12", "1.607064155372697E-12", "-1.402607202838073E-12", "9.759490729411313E-14"], ["-4.040772052805648E-13", "1.356596530060855E-12", "1.071614862812916E-9", "4.039654731430594E-10", "8.793632137870692E-11", "6.358158070755629E-11"], ["-5.471972729794275E-13", "1.607064155372697E-12", "4.039654731430594E-10", "2.63910763522994E-9", "-2.47283020148954E-9", "-6.602539646963906E-11"], ["5.115801743153424E-13", "-1.402607202838073E-12", "8.793632137870692E-11", "-2.47283020148954E-9", "2.566640252231588E-9", "9.405978483271016E-11"], ["-3.002996550309214E-14", "9.759490729411313E-14", "6.358158070755629E-11", "-6.602539646963906E-11", "9.405978483271016E-11", "1.813647871137518E-11"]], "labels": ["e", "q", "tp", "node", "peri", "i"], "epoch": "2458688.5"}, "elements": [{"name": "e", "sigma": "3.5887E-8", "title": "eccentricity", "value": ".6537982879492221", "units": null, "label": "e"}, {"name": "a", "sigma": "3.6156E-8", "units": "au", "title": "semi-major axis", "value": "2.727407464347114", "label": "a"}, {"units": "au", "value": ".9442331336170419", "title": "perihelion distance", "sigma": "1.0366E-7", "name": "q", "label": "q"}, {"units": "deg", "value": "6.099128930639496", "title": "inclination; angle with respect to x-y ecliptic plane", "name": "i", "sigma": "4.2522E-6", "label": "i"}, {"label": "node", "sigma": "5.2239E-5", "name": "om", "units": "deg", "value": "355.0646672951835", "title": "longitude of the ascending node"}, {"label": "peri", "name": "w", "sigma": "5.1251E-5", "value": "187.4549029173062", "title": "argument of perihelion", "units": "deg"}, {"sigma": "1.4878E-5", "name": "ma", "value": "171.653694399706", "title": "mean anomaly", "units": "deg", "label": "M"}, {"label": "tp", "units": "TDB", "value": "2460416.034012976112", "title": "time of perihelion passage", "name": "tp", "sigma": "5.2669E-5"}, {"sigma": "3.2715E-5", "name": "per", "title": "sidereal orbital period", "value": "1645.218043900624", "units": "d", "label": "period"}, {"label": "n", "sigma": "4.3511E-9", "name": "n", "title": "mean motion", "value": ".218815980857152", "units": "deg/d"}, {"units": "au", "value": "4.510581795077186", "title": "aphelion distance", "sigma": "5.9795E-8", "name": "ad", "label": "Q"}], "epoch": "2461200.5"}