{"spkid": "50707721", "covariance": {"labels": ["e", "q", "tp", "node", "peri", "i"], "elements": [{"units": null, "value": ".3236787346138163", "title": "eccentricity", "name": "e", "sigma": 9.85989873401224e-08, "label": "e"}, {"label": "q", "sigma": 1.44712359303273e-07, "name": "q", "title": "perihelion distance", "value": ".9574633053964271", "units": "au"}, {"units": "TDB", "title": "time of perihelion passage", "value": "2457440.256877834198", "name": "tp", "sigma": 9.65953148653946e-05, "label": "tp"}, {"sigma": 2.21665778570761e-05, "name": "om", "title": "longitude of the ascending node", "value": "98.59898881203166", "units": "deg", "label": "node"}, {"label": "peri", "units": "deg", "value": "228.1193451356711", "title": "argument of perihelion", "sigma": 3.95221432815421e-05, "name": "w"}, {"value": "16.81468413596874", "title": "inclination", "units": "deg", "name": "i", "sigma": 1.00638373967773e-05, "label": "i"}], "data": [["9.72176030449761E-15", "-1.421134935975872E-14", "2.662070248024913E-12", "-1.43712866906612E-13", "7.547481245603731E-13", "-5.470601795520718E-15"], ["-1.421134935975872E-14", "2.094166693511949E-14", "-4.987723646873297E-12", "1.898123012970069E-13", "-1.457471671401663E-12", "4.163946782149668E-15"], ["2.662070248024913E-12", "-4.987723646873297E-12", "9.330654853944714E-9", "-5.03886197231484E-11", "3.193170455536492E-9", "-2.385899113718643E-11"], ["-1.43712866906612E-13", "1.898123012970069E-13", "-5.03886197231484E-11", "4.913571738938158E-10", "-4.80351614122721E-10", "1.242379066667955E-10"], ["7.547481245603731E-13", "-1.457471671401663E-12", "3.193170455536492E-9", "-4.80351614122721E-10", "1.561999809566743E-9", "-1.25317757858362E-10"], ["-5.470601795520718E-15", "4.163946782149668E-15", "-2.385899113718643E-11", "1.242379066667955E-10", "-1.25317757858362E-10", "1.012808231487736E-10"]], "epoch": "2457694.5"}, "elements": [{"units": null, "title": "eccentricity", "value": ".3236306569996003", "sigma": "9.8564E-8", "name": "e", "label": "e"}, {"value": "1.415488999746336", "title": "semi-major axis", "units": "au", "sigma": "2.0263E-8", "name": "a", "label": "a"}, {"label": "q", "sigma": "1.4465E-7", "name": "q", "units": "au", "value": ".9573933647827222", "title": "perihelion distance"}, {"units": "deg", "title": "inclination; angle with respect to x-y ecliptic plane", "value": "16.81550043427773", "name": "i", "sigma": "1.0064E-5", "label": "i"}, {"sigma": "2.2168E-5", "name": "om", "title": "longitude of the ascending node", "value": "98.55940436278949", "units": "deg", "label": "node"}, {"name": "w", "sigma": "3.952E-5", "units": "deg", "value": "228.1470941090761", "title": "argument of perihelion", "label": "peri"}, {"sigma": "2.2312E-5", "name": "ma", "units": "deg", "value": "40.21669234235432", "title": "mean anomaly", "label": "M"}, {"label": "tp", "title": "time of perihelion passage", "value": "2461131.783343068623", "units": "TDB", "sigma": "3.8484E-5", "name": "tp"}, {"label": "period", "value": "615.1176303786418", "title": "sidereal orbital period", "units": "d", "sigma": "1.3208E-5", "name": "per"}, {"value": ".5852539127815251", "title": "mean motion", "units": "deg/d", "sigma": "1.2567E-8", "name": "n", "label": "n"}, {"label": "Q", "sigma": "2.682E-8", "name": "ad", "units": "au", "value": "1.87358463470995", "title": "aphelion distance"}], "epoch": "2461200.5"}