{"spkid": "50704164", "covariance": {"epoch": "2458782.5", "labels": ["e", "q", "tp", "node", "peri", "i"], "elements": [{"label": "e", "title": "eccentricity", "value": ".1095146771479252", "units": null, "name": "e", "sigma": 6.23273908138027e-08}, {"label": "q", "sigma": 7.03456825202727e-08, "name": "q", "units": "au", "title": "perihelion distance", "value": "1.003619963290411"}, {"label": "tp", "name": "tp", "sigma": 5.0395608014326e-05, "value": "2458816.591361604390", "title": "time of perihelion passage", "units": "TDB"}, {"label": "node", "sigma": 1.42495380522812e-05, "name": "om", "value": "143.6707020430638", "title": "longitude of the ascending node", "units": "deg"}, {"sigma": 4.11263384182241e-05, "name": "w", "title": "argument of perihelion", "value": "13.00997473418735", "units": "deg", "label": "peri"}, {"name": "i", "sigma": 1.21256615892294e-05, "title": "inclination", "value": "13.59281152240987", "units": "deg", "label": "i"}], "data": [["3.884703645656491E-15", "-4.371071281192007E-15", "-2.458227862173562E-13", "-2.601102287315752E-14", "-3.786909927508228E-13", "-5.38839711104474E-14"], ["-4.371071281192007E-15", "4.948515049243002E-15", "5.096714690573545E-13", "3.131344004903322E-14", "6.031952678444072E-13", "6.025572036007161E-14"], ["-2.458227862173562E-13", "5.096714690573545E-13", "2.539717307133603E-9", "-1.225382138805718E-11", "1.941761189059408E-9", "-7.632038446928588E-11"], ["-2.601102287315752E-14", "3.131344004903322E-14", "-1.225382138805718E-11", "2.030493347034095E-10", "-2.040804102569587E-10", "-1.118877462749385E-10"], ["-3.786909927508228E-13", "6.031952678444072E-13", "1.941761189059408E-9", "-2.040804102569587E-10", "1.691375711690294E-9", "6.000520931999487E-11"], ["-5.38839711104474E-14", "6.025572036007161E-14", "-7.632038446928588E-11", "-1.118877462749385E-10", "6.000520931999487E-11", "1.470316689765126E-10"]]}, "elements": [{"value": ".1093894602108566", "title": "eccentricity", "units": null, "name": "e", "sigma": "6.2341E-8", "label": "e"}, {"value": "1.126896716489589", "title": "semi-major axis", "units": "au", "sigma": "5.9184E-9", "name": "a", "label": "a"}, {"label": "q", "units": "au", "value": "1.003626092959406", "title": "perihelion distance", "sigma": "7.0452E-8", "name": "q"}, {"units": "deg", "title": "inclination; angle with respect to x-y ecliptic plane", "value": "13.59499452417979", "name": "i", "sigma": "1.2125E-5", "label": "i"}, {"label": "node", "name": "om", "sigma": "1.4241E-5", "units": "deg", "value": "143.6389962784334", "title": "longitude of the ascending node"}, {"label": "peri", "sigma": "4.1168E-5", "name": "w", "units": "deg", "title": "argument of perihelion", "value": "13.0515315127419"}, {"sigma": "5.5208E-5", "name": "ma", "units": "deg", "value": "164.1089740320279", "title": "mean anomaly", "label": "M"}, {"sigma": "6.5591E-5", "name": "tp", "units": "TDB", "value": "2461001.316010508552", "title": "time of perihelion passage", "label": "tp"}, {"label": "period", "units": "d", "title": "sidereal orbital period", "value": "436.9428097388929", "name": "per", "sigma": "3.4422E-6"}, {"label": "n", "sigma": "6.4906E-9", "name": "n", "units": "deg/d", "title": "mean motion", "value": ".823906451773695"}, {"name": "ad", "sigma": "6.5658E-9", "units": "au", "title": "aphelion distance", "value": "1.250167340019772", "label": "Q"}], "epoch": "2461200.5"}