{"spkid": "50719886", "covariance": {"elements": [{"label": "e", "value": ".7563057732576458", "title": "eccentricity", "units": null, "sigma": 9.4026844477547e-07, "name": "e"}, {"label": "q", "title": "perihelion distance", "value": ".6158867633298258", "units": "au", "name": "q", "sigma": 2.38363399985624e-06}, {"units": "TDB", "title": "time of perihelion passage", "value": "2457110.354540005844", "name": "tp", "sigma": 7.66179664572592e-05, "label": "tp"}, {"label": "node", "name": "om", "sigma": 0.00104168188129877, "units": "deg", "title": "longitude of the ascending node", "value": "116.3619604587456"}, {"label": "peri", "units": "deg", "title": "argument of perihelion", "value": "29.81311717191741", "sigma": 0.00112363507319173, "name": "w"}, {"label": "i", "units": "deg", "title": "inclination", "value": "2.134019241332359", "sigma": 3.20332118340033e-05, "name": "i"}], "data": [["8.841047482404813E-13", "-2.241250080257768E-12", "6.225400197790643E-11", "3.902381653386736E-10", "-5.635550263329891E-10", "-1.85751243905857E-11"], ["-2.241250080257768E-12", "5.681711045270645E-12", "-1.580173659105155E-10", "-9.900257326286635E-10", "1.429206323375746E-9", "4.714171772815964E-11"], ["6.225400197790643E-11", "-1.580173659105155E-10", "5.870312784045695E-9", "3.258125044339499E-8", "-4.339585573350034E-8", "-1.687426405906165E-9"], ["3.902381653386736E-10", "-9.900257326286635E-10", "3.258125044339499E-8", "1.08510114182614E-6", "-1.156188525063941E-6", "-3.136318996710738E-8"], ["-5.635550263329891E-10", "1.429206323375746E-9", "-4.339585573350034E-8", "-1.156188525063941E-6", "1.26255577770658E-6", "3.463374846105704E-8"], ["-1.85751243905857E-11", "4.714171772815964E-11", "-1.687426405906165E-9", "-3.136318996710738E-8", "3.463374846105704E-8", "1.02612666040213E-9"]], "labels": ["e", "q", "tp", "node", "peri", "i"], "epoch": "2457555.5"}, "elements": [{"sigma": "9.2609E-7", "name": "e", "units": null, "value": ".7661291371021687", "title": "eccentricity", "label": "e"}, {"title": "semi-major axis", "value": "2.496493660660648", "units": "au", "sigma": "3.8731E-7", "name": "a", "label": "a"}, {"sigma": "2.4022E-6", "name": "q", "units": "au", "title": "perihelion distance", "value": ".5838571266376715", "label": "q"}, {"label": "i", "value": "2.124789385280295", "title": "inclination; angle with respect to x-y ecliptic plane", "units": "deg", "sigma": "2.4306E-5", "name": "i"}, {"label": "node", "name": "om", "sigma": ".0011724", "units": "deg", "title": "longitude of the ascending node", "value": "115.7119548560055"}, {"value": "31.00174830977464", "title": "argument of perihelion", "units": "deg", "name": "w", "sigma": ".0012454", "label": "peri"}, {"value": "287.8367817546965", "title": "mean anomaly", "units": "deg", "sigma": "1.5553E-5", "name": "ma", "label": "M"}, {"label": "tp", "name": "tp", "sigma": ".00012628", "value": "2461489.306870510727", "title": "time of perihelion passage", "units": "TDB"}, {"label": "period", "units": "d", "title": "sidereal orbital period", "value": "1440.768246095069", "sigma": ".00033528", "name": "per"}, {"label": "n", "sigma": "5.8146E-8", "name": "n", "units": "deg/d", "value": ".2498666950605777", "title": "mean motion"}, {"label": "Q", "units": "au", "value": "4.409130194683625", "title": "aphelion distance", "name": "ad", "sigma": "6.8403E-7"}], "epoch": "2461200.5"}