{"spkid": "50719496", "covariance": {"epoch": "2457352.5", "labels": ["e", "q", "tp", "node", "peri", "i"], "elements": [{"value": ".4344536753385335", "title": "eccentricity", "units": null, "name": "e", "sigma": 3.35153893823686e-08, "label": "e"}, {"sigma": 5.68130848823283e-08, "name": "q", "title": "perihelion distance", "value": ".9723714036602061", "units": "au", "label": "q"}, {"label": "tp", "value": "2457228.043519223506", "title": "time of perihelion passage", "units": "TDB", "sigma": 1.71872620680646e-05, "name": "tp"}, {"name": "om", "sigma": 4.07576056111212e-05, "units": "deg", "title": "longitude of the ascending node", "value": "253.0942783310102", "label": "node"}, {"sigma": 4.59066535485158e-05, "name": "w", "units": "deg", "value": "40.24658035676005", "title": "argument of perihelion", "label": "peri"}, {"label": "i", "sigma": 7.29562364847876e-06, "name": "i", "title": "inclination", "value": "7.018405503324312", "units": "deg"}], "data": [["1.123281325451789E-15", "-1.89848251111414E-15", "3.551519366565665E-13", "-1.778298995864926E-13", "4.860986532689281E-13", "3.092788232615128E-14"], ["-1.89848251111414E-15", "3.22772661384664E-15", "-6.08355689788593E-13", "3.143943548455709E-13", "-8.377859683869702E-13", "-5.468457610960261E-14"], ["3.551519366565665E-13", "-6.08355689788593E-13", "2.954019773963312E-10", "-2.427604582295072E-10", "4.656919432154855E-10", "4.628433883938629E-11"], ["-1.778298995864926E-13", "3.143943548455709E-13", "-2.427604582295072E-10", "1.661182415151695E-9", "-1.790311158240231E-9", "-1.860414483302485E-10"], ["4.860986532689281E-13", "-8.377859683869702E-13", "4.656919432154855E-10", "-1.790311158240231E-9", "2.107420840023458E-9", "2.098147372553812E-10"], ["3.092788232615128E-14", "-5.468457610960261E-14", "4.628433883938629E-11", "-1.860414483302485E-10", "2.098147372553812E-10", "5.322612442024258E-11"]]}, "elements": [{"label": "e", "sigma": "3.3562E-8", "name": "e", "title": "eccentricity", "value": ".4348969050849384", "units": null}, {"sigma": "7.2495E-9", "name": "a", "value": "1.719759140973104", "title": "semi-major axis", "units": "au", "label": "a"}, {"label": "q", "sigma": "5.7069E-8", "name": "q", "value": ".971841213072369", "title": "perihelion distance", "units": "au"}, {"sigma": "7.2901E-6", "name": "i", "value": "7.013745248602614", "title": "inclination; angle with respect to x-y ecliptic plane", "units": "deg", "label": "i"}, {"name": "om", "sigma": "4.0793E-5", "units": "deg", "value": "252.9875528765777", "title": "longitude of the ascending node", "label": "node"}, {"label": "peri", "title": "argument of perihelion", "value": "40.42754465668922", "units": "deg", "sigma": "4.5913E-5", "name": "w"}, {"label": "M", "name": "ma", "sigma": "1.4193E-5", "value": "296.3556972007755", "title": "mean anomaly", "units": "deg"}, {"name": "tp", "sigma": "3.3241E-5", "units": "TDB", "value": "2461346.132028623701", "title": "time of perihelion passage", "label": "tp"}, {"name": "per", "sigma": "5.2087E-6", "title": "sidereal orbital period", "value": "823.7584198215362", "units": "d", "label": "period"}, {"sigma": "2.7633E-9", "name": "n", "title": "mean motion", "value": ".4370213297218771", "units": "deg/d", "label": "n"}, {"name": "ad", "sigma": "1.0402E-8", "value": "2.46767706887384", "title": "aphelion distance", "units": "au", "label": "Q"}], "epoch": "2461200.5"}