{"spkid": "50711801", "covariance": {"labels": ["e", "q", "tp", "node", "peri", "i"], "elements": [{"title": "eccentricity", "value": ".482086829842472", "units": null, "sigma": 1.00124785991671e-07, "name": "e", "label": "e"}, {"sigma": 1.84291926505871e-07, "name": "q", "units": "au", "title": "perihelion distance", "value": ".9526578977297485", "label": "q"}, {"sigma": 3.19971529309993e-05, "name": "tp", "units": "TDB", "value": "2458851.980306593901", "title": "time of perihelion passage", "label": "tp"}, {"label": "node", "title": "longitude of the ascending node", "value": "328.4448704048825", "units": "deg", "sigma": 2.98866097020534e-05, "name": "om"}, {"label": "peri", "name": "w", "sigma": 5.44217834155927e-05, "value": "126.615125134729", "title": "argument of perihelion", "units": "deg"}, {"label": "i", "sigma": 7.52349336861749e-06, "name": "i", "units": "deg", "title": "inclination", "value": "4.448226203903604"}], "data": [["1.002497276987792E-14", "-1.845165170555921E-14", "-3.061914262879483E-12", "-2.428254663750638E-13", "-4.224784674710158E-12", "-1.855518784916681E-13"], ["-1.845165170555921E-14", "3.396351417524548E-14", "5.628503787733488E-12", "4.44275141472453E-13", "7.769691662099207E-12", "3.471024362101091E-13"], ["-3.061914262879483E-12", "5.628503787733488E-12", "1.023817795689757E-9", "2.846220061966246E-12", "1.469070738397907E-9", "5.55490249502895E-11"], ["-2.428254663750638E-13", "4.44275141472453E-13", "2.846220061966246E-12", "8.932094394828704E-10", "-8.657356200911739E-10", "-1.671914008407465E-10"], ["-4.224784674710158E-12", "7.769691662099207E-12", "1.469070738397907E-9", "-8.657356200911739E-10", "2.961730510133675E-9", "2.441539611557129E-10"], ["-1.855518784916681E-13", "3.471024362101091E-13", "5.55490249502895E-11", "-1.671914008407465E-10", "2.441539611557129E-10", "5.660295246763141E-11"]], "epoch": "2458624.5"}, "elements": [{"label": "e", "sigma": "1.0092E-7", "name": "e", "title": "eccentricity", "value": ".4824882766210326", "units": null}, {"label": "a", "units": "au", "title": "semi-major axis", "value": "1.845151410895079", "name": "a", "sigma": "3.0654E-9"}, {"units": "au", "title": "perihelion distance", "value": ".9548874865474457", "name": "q", "sigma": "1.8573E-7", "label": "q"}, {"value": "4.469656881580431", "title": "inclination; angle with respect to x-y ecliptic plane", "units": "deg", "name": "i", "sigma": "7.5135E-6", "label": "i"}, {"label": "node", "value": "328.2492769303867", "title": "longitude of the ascending node", "units": "deg", "sigma": "2.9556E-5", "name": "om"}, {"sigma": "5.4367E-5", "name": "w", "value": "126.9449847464542", "title": "argument of perihelion", "units": "deg", "label": "peri"}, {"label": "M", "title": "mean anomaly", "value": "205.0529170130613", "units": "deg", "sigma": "1.2775E-5", "name": "ma"}, {"name": "tp", "sigma": "3.2458E-5", "value": "2461594.528236752417", "title": "time of perihelion passage", "units": "TDB", "label": "tp"}, {"label": "period", "title": "sidereal orbital period", "value": "915.4748995360404", "units": "d", "sigma": "2.2814E-6", "name": "per"}, {"label": "n", "sigma": "9.7996E-10", "name": "n", "units": "deg/d", "value": ".3932385259087352", "title": "mean motion"}, {"label": "Q", "sigma": "4.5445E-9", "name": "ad", "title": "aphelion distance", "value": "2.735415335242712", "units": "au"}], "epoch": "2461200.5"}