{"spkid": "50712698", "covariance": {"epoch": "2457521.5", "elements": [{"label": "e", "units": null, "title": "eccentricity", "value": ".4716160709586464", "name": "e", "sigma": 6.28145388487873e-08}, {"label": "q", "value": ".3521044021225246", "title": "perihelion distance", "units": "au", "sigma": 4.12304007154026e-08, "name": "q"}, {"sigma": 3.08934740513562e-05, "name": "tp", "units": "TDB", "value": "2457572.413466883838", "title": "time of perihelion passage", "label": "tp"}, {"units": "deg", "value": "314.9839925301197", "title": "longitude of the ascending node", "sigma": 0.000240766771475511, "name": "om", "label": "node"}, {"units": "deg", "value": "42.25852641483304", "title": "argument of perihelion", "name": "w", "sigma": 0.000248013887404406, "label": "peri"}, {"label": "i", "title": "inclination", "value": "4.090339903036856", "units": "deg", "name": "i", "sigma": 1.58566620896456e-05}], "data": [["3.945666290785809E-15", "-2.587986143784608E-15", "-4.315621842669198E-13", "7.023630839600383E-12", "-7.054816219104919E-12", "3.580165130219288E-13"], ["-2.587986143784608E-15", "1.699945943152671E-15", "2.491748283812988E-13", "-4.348845712255262E-12", "4.359721327987095E-12", "-2.18825664793522E-13"], ["-4.315621842669198E-13", "2.491748283812988E-13", "9.544067389618178E-10", "-5.220408671250729E-9", "5.675767915886707E-9", "-3.044708430175505E-10"], ["7.023630839600383E-12", "-4.348845712255262E-12", "-5.220408671250729E-9", "5.796863824674096E-8", "-5.96014198077687E-8", "3.635503649883658E-9"], ["-7.054816219104919E-12", "4.359721327987095E-12", "5.675767915886707E-9", "-5.96014198077687E-8", "6.151088834544552E-8", "-3.73096482670228E-9"], ["3.580165130219288E-13", "-2.18825664793522E-13", "-3.044708430175505E-10", "3.635503649883658E-9", "-3.73096482670228E-9", "2.514337326252042E-10"]], "labels": ["e", "q", "tp", "node", "peri", "i"]}, "elements": [{"units": null, "value": ".4715131449661549", "title": "eccentricity", "name": "e", "sigma": "6.3156E-8", "label": "e"}, {"label": "a", "value": ".6666415281207124", "title": "semi-major axis", "units": "au", "sigma": "4.0124E-9", "name": "a"}, {"label": "q", "units": "au", "title": "perihelion distance", "value": ".3523112846314719", "name": "q", "sigma": "4.1164E-8"}, {"sigma": "1.57E-5", "name": "i", "units": "deg", "title": "inclination; angle with respect to x-y ecliptic plane", "value": "4.055163821325999", "label": "i"}, {"label": "node", "units": "deg", "value": "314.5633738799265", "title": "longitude of the ascending node", "name": "om", "sigma": ".0002439"}, {"label": "peri", "name": "w", "sigma": ".00025075", "value": "42.6952723028994", "title": "argument of perihelion", "units": "deg"}, {"label": "M", "units": "deg", "title": "mean anomaly", "value": "91.82333493657339", "name": "ma", "sigma": "3.792E-5"}, {"label": "tp", "name": "tp", "sigma": "2.0837E-5", "value": "2461149.790709460258", "title": "time of perihelion passage", "units": "TDB"}, {"name": "per", "sigma": "1.7949E-6", "units": "d", "value": "198.8094268947755", "title": "sidereal orbital period", "label": "period"}, {"label": "n", "name": "n", "sigma": "1.6348E-8", "title": "mean motion", "value": "1.810779325824114", "units": "deg/d"}, {"name": "ad", "sigma": "5.9044E-9", "units": "au", "value": ".980971771609953", "title": "aphelion distance", "label": "Q"}], "epoch": "2461200.5"}