{"spkid": "50713295", "covariance": {"epoch": "2457369.5", "labels": ["e", "q", "tp", "node", "peri", "i"], "elements": [{"sigma": 4.98931436610568e-08, "name": "e", "title": "eccentricity", "value": ".2252051708531976", "units": null, "label": "e"}, {"label": "q", "sigma": 5.69638857367417e-08, "name": "q", "units": "au", "value": ".9369470889509877", "title": "perihelion distance"}, {"label": "tp", "units": "TDB", "title": "time of perihelion passage", "value": "2457146.947986527981", "sigma": 3.91182930890838e-05, "name": "tp"}, {"label": "node", "units": "deg", "title": "longitude of the ascending node", "value": "148.8725767373878", "sigma": 0.000232055851698003, "name": "om"}, {"label": "peri", "name": "w", "sigma": 0.000213261488518617, "title": "argument of perihelion", "value": "80.47173218124193", "units": "deg"}, {"label": "i", "sigma": 4.80487131712868e-05, "name": "i", "units": "deg", "title": "inclination", "value": "3.535874756597025"}], "data": [["2.489325784382853E-15", "-2.836827934233271E-15", "-1.3404406681578E-12", "-6.585715505766345E-12", "5.773810631005982E-12", "-1.647431671321748E-12"], ["-2.836827934233271E-15", "3.244884278228563E-15", "1.450488135937843E-12", "7.230500848552564E-12", "-6.36946392398191E-12", "1.805906012402541E-12"], ["-1.3404406681578E-12", "1.450488135937843E-12", "1.530240854203465E-9", "6.46004172736389E-9", "-5.337745099892753E-9", "1.62227669491802E-9"], ["-6.585715505766345E-12", "7.230500848552564E-12", "6.46004172736389E-9", "5.384991830728543E-8", "-4.924061506493665E-8", "1.070174848614769E-8"], ["5.773810631005982E-12", "-6.36946392398191E-12", "-5.337745099892753E-9", "-4.924061506493665E-8", "4.548046248517611E-8", "-9.547411886377354E-9"], ["-1.647431671321748E-12", "1.805906012402541E-12", "1.62227669491802E-9", "1.070174848614769E-8", "-9.547411886377354E-9", "2.308678837416589E-9"]]}, "elements": [{"title": "eccentricity", "value": ".2244489614017382", "units": null, "name": "e", "sigma": "4.7038E-8", "label": "e"}, {"label": "a", "value": "1.207222747235328", "title": "semi-major axis", "units": "au", "sigma": "3.1547E-9", "name": "a"}, {"label": "q", "name": "q", "sigma": "5.8037E-8", "value": ".9362628554378057", "title": "perihelion distance", "units": "au"}, {"label": "i", "sigma": "4.8039E-5", "name": "i", "value": "3.52631126080112", "title": "inclination; angle with respect to x-y ecliptic plane", "units": "deg"}, {"units": "deg", "value": "148.6930980767916", "title": "longitude of the ascending node", "sigma": ".00023401", "name": "om", "label": "node"}, {"value": "80.89410137536784", "title": "argument of perihelion", "units": "deg", "name": "w", "sigma": ".00021578", "label": "peri"}, {"name": "ma", "sigma": "2.7965E-5", "units": "deg", "value": "128.547488569876", "title": "mean anomaly", "label": "M"}, {"label": "tp", "name": "tp", "sigma": "3.7037E-5", "units": "TDB", "value": "2461027.502177206333", "title": "time of perihelion passage"}, {"label": "period", "sigma": "1.8991E-6", "name": "per", "title": "sidereal orbital period", "value": "484.4841147702895", "units": "d"}, {"name": "n", "sigma": "2.9126E-9", "title": "mean motion", "value": ".7430584182738135", "units": "deg/d", "label": "n"}, {"sigma": "3.8628E-9", "name": "ad", "title": "aphelion distance", "value": "1.478182639032851", "units": "au", "label": "Q"}], "epoch": "2461200.5"}