{"spkid": "50712650", "covariance": {"epoch": "2457487.5", "labels": ["e", "q", "tp", "node", "peri", "i"], "data": [["4.557177522273853E-15", "-5.993913954395938E-15", "4.953217422201732E-13", "-1.120696039983849E-11", "1.227131587596924E-11", "4.25809508780571E-13"], ["-5.993913954395938E-15", "7.887539811606291E-15", "-6.42401296955408E-13", "1.508140887518473E-11", "-1.647500696421112E-11", "-5.715485975254456E-13"], ["4.953217422201732E-13", "-6.42401296955408E-13", "1.160188229297903E-10", "-3.417493674020379E-10", "5.137538337838012E-10", "2.297785102538633E-11"], ["-1.120696039983849E-11", "1.508140887518473E-11", "-3.417493674020379E-10", "9.993789476970456E-8", "-1.019023416222825E-7", "-3.825962140665044E-9"], ["1.227131587596924E-11", "-1.647500696421112E-11", "5.137538337838012E-10", "-1.019023416222825E-7", "1.041685923884988E-7", "3.909617920621175E-9"], ["4.25809508780571E-13", "-5.715485975254456E-13", "2.297785102538633E-11", "-3.825962140665044E-9", "3.909617920621175E-9", "1.516228845862315E-10"]], "elements": [{"name": "e", "sigma": 6.75068701857363e-08, "title": "eccentricity", "value": ".3253072912878228", "units": null, "label": "e"}, {"label": "q", "units": "au", "value": ".8847162833593853", "title": "perihelion distance", "sigma": 8.88118224765503e-08, "name": "q"}, {"label": "tp", "value": "2457682.750253339970", "title": "time of perihelion passage", "units": "TDB", "sigma": 1.07712034114016e-05, "name": "tp"}, {"label": "node", "name": "om", "sigma": 0.000316129553774563, "value": "15.73403954332061", "title": "longitude of the ascending node", "units": "deg"}, {"label": "peri", "sigma": 0.000322751595485598, "name": "w", "title": "argument of perihelion", "value": "207.9904934030772", "units": "deg"}, {"label": "i", "value": "1.814084473110303", "title": "inclination", "units": "deg", "sigma": 1.23135244583438e-05, "name": "i"}]}, "elements": [{"label": "e", "sigma": "6.8134E-8", "name": "e", "units": null, "value": ".3260581818243343", "title": "eccentricity"}, {"units": "au", "title": "semi-major axis", "value": "1.313764941994893", "name": "a", "sigma": "5.6422E-9", "label": "a"}, {"value": ".8854011336634863", "title": "perihelion distance", "units": "au", "sigma": "8.7363E-8", "name": "q", "label": "q"}, {"name": "i", "sigma": "1.2469E-5", "units": "deg", "title": "inclination; angle with respect to x-y ecliptic plane", "value": "1.85876863729157", "label": "i"}, {"label": "node", "title": "longitude of the ascending node", "value": "14.86065595877503", "units": "deg", "name": "om", "sigma": ".00030503"}, {"label": "peri", "sigma": ".00031087", "name": "w", "value": "208.480775471021", "title": "argument of perihelion", "units": "deg"}, {"label": "M", "name": "ma", "sigma": "1.853E-5", "value": "144.2443782254865", "title": "mean anomaly", "units": "deg"}, {"label": "tp", "name": "tp", "sigma": "2.7071E-5", "units": "TDB", "value": "2460980.120433320432", "title": "time of perihelion passage"}, {"label": "period", "units": "d", "value": "550.0155013363747", "title": "sidereal orbital period", "name": "per", "sigma": "3.5432E-6"}, {"units": "deg/d", "value": ".6545270071939913", "title": "mean motion", "name": "n", "sigma": "4.2164E-9", "label": "n"}, {"units": "au", "value": "1.7421287503263", "title": "aphelion distance", "name": "ad", "sigma": "7.4818E-9", "label": "Q"}], "epoch": "2461200.5"}