{"spkid": "50719266", "covariance": {"epoch": "2457390.5", "labels": ["e", "q", "tp", "node", "peri", "i"], "data": [["2.703595728805315E-12", "-3.244621786484219E-12", "-6.875553320547873E-12", "-1.330728946044273E-11", "-1.406683644906847E-11", "1.187768309378335E-11"], ["-3.244621786484219E-12", "3.893941792262466E-12", "8.453201074887349E-12", "1.589632776248381E-11", "1.71329035911397E-11", "-1.42530883162674E-11"], ["-6.875553320547873E-12", "8.453201074887349E-12", "1.717832536241002E-9", "-6.015457805149003E-10", "2.173469659539186E-9", "-1.774695441996285E-11"], ["-1.330728946044273E-11", "1.589632776248381E-11", "-6.015457805149003E-10", "2.007119953100025E-9", "-2.434485181354855E-9", "-6.849962817056578E-11"], ["-1.406683644906847E-11", "1.71329035911397E-11", "2.173469659539186E-9", "-2.434485181354855E-9", "4.46691942180549E-9", "-4.075333743295582E-11"], ["1.187768309378335E-11", "-1.42530883162674E-11", "-1.774695441996285E-11", "-6.849962817056578E-11", "-4.075333743295582E-11", "5.362172152220617E-11"]], "elements": [{"sigma": 1.64426145390729e-06, "name": "e", "units": null, "title": "eccentricity", "value": ".124808916472813", "label": "e"}, {"label": "q", "name": "q", "sigma": 1.97330732331851e-06, "value": ".851135199323808", "title": "perihelion distance", "units": "au"}, {"sigma": 4.14467433731651e-05, "name": "tp", "units": "TDB", "title": "time of perihelion passage", "value": "2457398.389756441946", "label": "tp"}, {"label": "node", "title": "longitude of the ascending node", "value": "246.1676231289206", "units": "deg", "name": "om", "sigma": 4.4800892324819e-05}, {"label": "peri", "name": "w", "sigma": 6.68350164345419e-05, "units": "deg", "title": "argument of perihelion", "value": "222.2897146343803"}, {"label": "i", "value": ".6130748795921788", "title": "inclination", "units": "deg", "name": "i", "sigma": 7.32268540374405e-06}]}, "elements": [{"name": "e", "sigma": "1.6715E-6", "units": null, "value": ".124391530712762", "title": "eccentricity", "label": "e"}, {"label": "a", "name": "a", "sigma": "4.3735E-7", "value": ".9737253002679245", "title": "semi-major axis", "units": "au"}, {"label": "q", "value": ".8526021196738536", "title": "perihelion distance", "units": "au", "name": "q", "sigma": "2.0105E-6"}, {"name": "i", "sigma": "7.1241E-6", "value": ".6194440992037955", "title": "inclination; angle with respect to x-y ecliptic plane", "units": "deg", "label": "i"}, {"label": "node", "title": "longitude of the ascending node", "value": "243.4925259009818", "units": "deg", "sigma": "9.6226E-5", "name": "om"}, {"label": "peri", "sigma": "7.452E-5", "name": "w", "units": "deg", "title": "argument of perihelion", "value": "223.5830642469675"}, {"label": "M", "sigma": ".0026198", "name": "ma", "value": "302.1990420818323", "title": "mean anomaly", "units": "deg"}, {"label": "tp", "sigma": ".0025919", "name": "tp", "units": "TDB", "value": "2461256.848926096484", "title": "time of perihelion passage"}, {"label": "period", "value": "350.9563530669099", "title": "sidereal orbital period", "units": "d", "sigma": ".00023645", "name": "per"}, {"label": "n", "units": "deg/d", "value": "1.025768580206798", "title": "mean motion", "sigma": "6.9108E-7", "name": "n"}, {"units": "au", "title": "aphelion distance", "value": "1.094848480861995", "name": "ad", "sigma": "4.9175E-7", "label": "Q"}], "epoch": "2461200.5"}