{"spkid": "50712649", "covariance": {"epoch": "2457477.5", "labels": ["e", "q", "tp", "node", "peri", "i"], "data": [["9.33674930920146E-14", "-2.332911556785721E-13", "-2.031186546884611E-11", "2.556572684365365E-12", "-3.042362171626282E-11", "4.111659345780847E-12"], ["-2.332911556785721E-13", "5.829210758180829E-13", "5.070780535649129E-11", "-6.37444739392967E-12", "7.599629955907627E-11", "-1.026621566308624E-11"], ["-2.031186546884611E-11", "5.070780535649129E-11", "4.807671772896002E-9", "-5.598919426951799E-10", "6.715859939074573E-9", "-9.426020196359654E-10"], ["2.556572684365365E-12", "-6.37444739392967E-12", "-5.598919426951799E-10", "6.626187768674088E-10", "-1.40883049282091E-9", "3.576618908158552E-10"], ["-3.042362171626282E-11", "7.599629955907627E-11", "6.715859939074573E-9", "-1.40883049282091E-9", "1.051236988900624E-8", "-1.589928869397852E-9"], ["4.111659345780847E-12", "-1.026621566308624E-11", "-9.426020196359654E-10", "3.576618908158552E-10", "-1.589928869397852E-9", "3.573490900461986E-10"]], "elements": [{"label": "e", "value": ".7249205163041984", "title": "eccentricity", "units": null, "name": "e", "sigma": 3.05560948244396e-07}, {"label": "q", "name": "q", "sigma": 7.63492682229557e-07, "title": "perihelion distance", "value": ".6955503250765704", "units": "au"}, {"name": "tp", "sigma": 6.93373764494735e-05, "units": "TDB", "title": "time of perihelion passage", "value": "2456988.007709387409", "label": "tp"}, {"name": "om", "sigma": 2.57413825749008e-05, "units": "deg", "value": "119.6289637846194", "title": "longitude of the ascending node", "label": "node"}, {"label": "peri", "units": "deg", "value": "289.151201533509", "title": "argument of perihelion", "name": "w", "sigma": 0.00010252984877101}, {"label": "i", "sigma": 1.89036792727289e-05, "name": "i", "units": "deg", "title": "inclination", "value": "10.59088896313656"}]}, "elements": [{"title": "eccentricity", "value": ".725975903052924", "units": null, "name": "e", "sigma": "3.1382E-7", "label": "e"}, {"label": "a", "units": "au", "title": "semi-major axis", "value": "2.525291052211329", "name": "a", "sigma": "2.2265E-8"}, {"units": "au", "title": "perihelion distance", "value": ".6919906001107407", "sigma": "7.8703E-7", "name": "q", "label": "q"}, {"title": "inclination; angle with respect to x-y ecliptic plane", "value": "10.61308395039468", "units": "deg", "sigma": "1.8988E-5", "name": "i", "label": "i"}, {"label": "node", "title": "longitude of the ascending node", "value": "119.3783518821299", "units": "deg", "name": "om", "sigma": "2.5232E-5"}, {"label": "peri", "name": "w", "sigma": ".00010051", "title": "argument of perihelion", "value": "289.3905964654867", "units": "deg"}, {"label": "M", "name": "ma", "sigma": "5.6566E-6", "units": "deg", "value": "314.3570543342242", "title": "mean anomaly"}, {"label": "tp", "units": "TDB", "title": "time of perihelion passage", "value": "2461386.338953313210", "name": "tp", "sigma": "2.2554E-5"}, {"title": "sidereal orbital period", "value": "1465.769183318076", "units": "d", "name": "per", "sigma": "1.9385E-5", "label": "period"}, {"name": "n", "sigma": "3.2481E-9", "value": ".2456048360800331", "title": "mean motion", "units": "deg/d", "label": "n"}, {"sigma": "3.8428E-8", "name": "ad", "title": "aphelion distance", "value": "4.358591504311917", "units": "au", "label": "Q"}], "epoch": "2461200.5"}