{"spkid": "50714477", "covariance": {"epoch": "2458146.5", "labels": ["e", "q", "tp", "node", "peri", "i"], "elements": [{"label": "e", "value": ".2544125304325744", "title": "eccentricity", "units": null, "sigma": 6.59573150896556e-06, "name": "e"}, {"label": "q", "sigma": 7.85829260471249e-06, "name": "q", "value": ".884662794913074", "title": "perihelion distance", "units": "au"}, {"sigma": 0.00182594729345744, "name": "tp", "units": "TDB", "title": "time of perihelion passage", "value": "2457918.332277620837", "label": "tp"}, {"label": "node", "name": "om", "sigma": 7.33877132534004e-05, "units": "deg", "title": "longitude of the ascending node", "value": "356.5916420310744"}, {"name": "w", "sigma": 0.000872977196510185, "value": "54.16091036317646", "title": "argument of perihelion", "units": "deg", "label": "peri"}, {"label": "i", "name": "i", "sigma": 0.00027150421622311, "units": "deg", "value": "28.37007714021252", "title": "inclination"}], "data": [["4.350367413836113E-11", "-5.182873135048491E-11", "8.47263772181684E-9", "-6.016352751811859E-11", "1.408068198051962E-9", "-5.677944102309402E-10"], ["-5.182873135048491E-11", "6.175276266127901E-11", "-1.019310461614038E-8", "6.629455025255522E-11", "-1.742156047407975E-9", "6.958189297564315E-10"], ["8.47263772181684E-9", "-1.019310461614038E-8", "3.334083518484563E-6", "7.975044390806879E-8", "1.372437936065634E-6", "-4.393221027012211E-7"], ["-6.016352751811859E-11", "6.629455025255522E-11", "7.975044390806879E-8", "5.38575645656332E-9", "5.74149311928429E-8", "-1.743448994657644E-8"], ["1.408068198051962E-9", "-1.742156047407975E-9", "1.372437936065634E-6", "5.74149311928429E-8", "7.620891856267815E-7", "-2.324865511668242E-7"], ["-5.677944102309402E-10", "6.958189297564315E-10", "-4.393221027012211E-7", "-1.743448994657644E-8", "-2.324865511668242E-7", "7.371453942692511E-8"]]}, "elements": [{"label": "e", "sigma": "6.5937E-6", "name": "e", "units": null, "value": ".254369237723291", "title": "eccentricity"}, {"name": "a", "sigma": "1.1266E-7", "units": "au", "title": "semi-major axis", "value": "1.186526545876949", "label": "a"}, {"units": "au", "value": ".8847106928637798", "title": "perihelion distance", "name": "q", "sigma": "7.8602E-6", "label": "q"}, {"label": "i", "sigma": ".00027146", "name": "i", "title": "inclination; angle with respect to x-y ecliptic plane", "value": "28.36833879191938", "units": "deg"}, {"label": "node", "sigma": "7.3075E-5", "name": "om", "value": "356.5540114431276", "title": "longitude of the ascending node", "units": "deg"}, {"label": "peri", "units": "deg", "value": "54.20207913165133", "title": "argument of perihelion", "name": "w", "sigma": ".0008745"}, {"label": "M", "units": "deg", "value": "343.0495496973814", "title": "mean anomaly", "name": "ma", "sigma": ".001066"}, {"label": "tp", "units": "TDB", "title": "time of perihelion passage", "value": "2461222.727640021236", "name": "tp", "sigma": ".0013951"}, {"title": "sidereal orbital period", "value": "472.0789279803838", "units": "d", "name": "per", "sigma": "6.7238E-5", "label": "period"}, {"label": "n", "units": "deg/d", "title": "mean motion", "value": ".7625843448258276", "sigma": "1.0861E-7", "name": "n"}, {"name": "ad", "sigma": "1.4132E-7", "units": "au", "value": "1.488342398890117", "title": "aphelion distance", "label": "Q"}], "epoch": "2461200.5"}