{"spkid": "50715489", "covariance": {"labels": ["e", "q", "tp", "node", "peri", "i"], "elements": [{"label": "e", "units": null, "value": ".5258478663106173", "title": "eccentricity", "sigma": 2.18884494760937e-07, "name": "e"}, {"units": "au", "value": ".8726294948099487", "title": "perihelion distance", "sigma": 4.02427907596018e-07, "name": "q", "label": "q"}, {"units": "TDB", "title": "time of perihelion passage", "value": "2458075.930373053042", "name": "tp", "sigma": 4.01336699082415e-05, "label": "tp"}, {"value": "43.68686365263808", "title": "longitude of the ascending node", "units": "deg", "name": "om", "sigma": 0.000365352893798108, "label": "node"}, {"sigma": 0.000349719923924868, "name": "w", "units": "deg", "title": "argument of perihelion", "value": "210.5594619233411", "label": "peri"}, {"name": "i", "sigma": 1.34708351529378e-05, "value": "1.061760029792835", "title": "inclination", "units": "deg", "label": "i"}], "data": [["4.791042204675082E-14", "-8.80850583978206E-14", "8.693898590452771E-12", "2.288195159721389E-11", "-6.366051955004763E-12", "-5.926180298768834E-13"], ["-8.80850583978206E-14", "1.619482208121091E-13", "-1.598495437081785E-11", "-4.213316515269978E-11", "1.176647106575402E-11", "1.091416790598035E-12"], ["8.693898590452771E-12", "-1.598495437081785E-11", "1.610711460303688E-9", "4.742022606342919E-9", "-1.712476625805519E-9", "-1.217974134791454E-10"], ["2.288195159721389E-11", "-4.213316515269978E-11", "4.742022606342919E-9", "1.334827370066513E-7", "-1.25029916469799E-7", "-4.823270045399013E-9"], ["-6.366051955004763E-12", "1.176647106575402E-11", "-1.712476625805519E-9", "-1.25029916469799E-7", "1.223040251900152E-7", "4.605583378908361E-9"], ["-5.926180298768834E-13", "1.091416790598035E-12", "-1.217974134791454E-10", "-4.823270045399013E-9", "4.605583378908361E-9", "1.814633997176252E-10"]], "epoch": "2458162.5"}, "elements": [{"label": "e", "name": "e", "sigma": "2.202E-7", "units": null, "value": ".5259208388405882", "title": "eccentricity"}, {"label": "a", "name": "a", "sigma": "5.1872E-9", "units": "au", "value": "1.835464561577975", "title": "semi-major axis"}, {"value": ".8701554996907142", "title": "perihelion distance", "units": "au", "sigma": "4.0198E-7", "name": "q", "label": "q"}, {"label": "i", "sigma": "1.3457E-5", "name": "i", "value": "1.062474358755138", "title": "inclination; angle with respect to x-y ecliptic plane", "units": "deg"}, {"name": "om", "sigma": ".00036388", "title": "longitude of the ascending node", "value": "43.48864356452787", "units": "deg", "label": "node"}, {"name": "w", "sigma": ".00034838", "value": "210.9353427138373", "title": "argument of perihelion", "units": "deg", "label": "peri"}, {"label": "M", "title": "mean anomaly", "value": "156.0136919761973", "units": "deg", "name": "ma", "sigma": "1.74E-5"}, {"value": "2460806.879556791366", "title": "time of perihelion passage", "units": "TDB", "sigma": "4.2357E-5", "name": "tp", "label": "tp"}, {"label": "period", "title": "sidereal orbital period", "value": "908.2751504703034", "units": "d", "sigma": "3.8503E-6", "name": "per"}, {"label": "n", "value": ".3963556636043523", "title": "mean motion", "units": "deg/d", "name": "n", "sigma": "1.6802E-9"}, {"name": "ad", "sigma": "7.9153E-9", "units": "au", "title": "aphelion distance", "value": "2.800773623465237", "label": "Q"}], "epoch": "2461200.5"}