{"spkid": "50711808", "covariance": {"elements": [{"units": null, "title": "eccentricity", "value": ".2236315317244597", "sigma": 5.40892322614632e-09, "name": "e", "label": "e"}, {"name": "q", "sigma": 7.78700998995532e-09, "value": "1.021551019953471", "title": "perihelion distance", "units": "au", "label": "q"}, {"label": "tp", "title": "time of perihelion passage", "value": "2458262.545920726050", "units": "TDB", "name": "tp", "sigma": 3.54851478535916e-06}, {"name": "om", "sigma": 4.25869879835974e-06, "units": "deg", "value": "89.15462803426792", "title": "longitude of the ascending node", "label": "node"}, {"value": "152.1370218669447", "title": "argument of perihelion", "units": "deg", "name": "w", "sigma": 5.78465875532703e-06, "label": "peri"}, {"label": "i", "value": "5.440358493520341", "title": "inclination", "units": "deg", "sigma": 1.40201422732441e-06, "name": "i"}], "data": [["2.925645046634517E-17", "-4.137359685567527E-17", "-1.306000476782473E-14", "1.260068293923064E-14", "-2.632432667441307E-14", "-6.573840608963615E-16"], ["-4.137359685567527E-17", "6.063752458366398E-17", "1.848430617720878E-14", "-1.850760439508978E-14", "3.779401866060384E-14", "9.044319570836467E-16"], ["-1.306000476782473E-14", "1.848430617720878E-14", "1.259195718191257E-11", "-3.288118622436431E-13", "1.360067775842095E-11", "-7.6880902797033E-13"], ["1.260068293923064E-14", "-1.850760439508978E-14", "-3.288118622436431E-13", "1.813651545515065E-11", "-1.876489859593377E-11", "-4.929475065510999E-12"], ["-2.632432667441307E-14", "3.779401866060384E-14", "1.360067775842095E-11", "-1.876489859593377E-11", "3.346227691558164E-11", "4.244205510700919E-12"], ["-6.573840608963615E-16", "9.044319570836467E-16", "-7.6880902797033E-13", "-4.929475065510999E-12", "4.244205510700919E-12", "1.96564389362006E-12"]], "labels": ["e", "q", "tp", "node", "peri", "i"], "epoch": "2458486.5"}, "elements": [{"label": "e", "sigma": "5.5335E-9", "name": "e", "title": "eccentricity", "value": ".2244301904301936", "units": null}, {"label": "a", "units": "au", "title": "semi-major axis", "value": "1.317330959332909", "name": "a", "sigma": "1.3271E-9"}, {"units": "au", "value": "1.021682121270235", "title": "perihelion distance", "sigma": "7.7206E-9", "name": "q", "label": "q"}, {"label": "i", "units": "deg", "title": "inclination; angle with respect to x-y ecliptic plane", "value": "5.438685643357821", "name": "i", "sigma": "1.4015E-6"}, {"title": "longitude of the ascending node", "value": "89.06396839807576", "units": "deg", "sigma": "4.2364E-6", "name": "om", "label": "node"}, {"label": "peri", "units": "deg", "value": "152.3653082603339", "title": "argument of perihelion", "name": "w", "sigma": "5.7449E-6"}, {"label": "M", "name": "ma", "sigma": "4.6256E-6", "title": "mean anomaly", "value": "116.6176409743431", "units": "deg"}, {"sigma": "6.8601E-6", "name": "tp", "units": "TDB", "title": "time of perihelion passage", "value": "2461021.603219099150", "label": "tp"}, {"label": "period", "value": "552.2564218090751", "title": "sidereal orbital period", "units": "d", "name": "per", "sigma": "8.3452E-7"}, {"value": ".6518710978873116", "title": "mean motion", "units": "deg/d", "name": "n", "sigma": "9.8505E-10", "label": "n"}, {"sigma": "1.6249E-9", "name": "ad", "title": "aphelion distance", "value": "1.612979797395584", "units": "au", "label": "Q"}], "epoch": "2461200.5"}