{"spkid": "50712648", "covariance": {"epoch": "2457577.5", "data": [["5.077870998977895E-15", "-9.037149762934511E-15", "-6.456342274086538E-13", "1.718106308108182E-12", "-1.114065948724197E-12", "-5.503607182110769E-14"], ["-9.037149762934511E-15", "1.608613564788245E-14", "1.139045860206307E-12", "-2.995750460443599E-12", "1.918093054886922E-12", "9.610840056946111E-14"], ["-6.456342274086538E-13", "1.139045860206307E-12", "3.76570049946138E-10", "-1.291538714555837E-10", "1.088268835863095E-10", "1.666689560564743E-11"], ["1.718106308108182E-12", "-2.995750460443599E-12", "-1.291538714555837E-10", "2.007743550717715E-8", "-1.981902334528835E-8", "-2.714965784841418E-10"], ["-1.114065948724197E-12", "1.918093054886922E-12", "1.088268835863095E-10", "-1.981902334528835E-8", "1.967150700533665E-8", "2.656347361752323E-10"], ["-5.503607182110769E-14", "9.610840056946111E-14", "1.666689560564743E-11", "-2.714965784841418E-10", "2.656347361752323E-10", "3.348888980610838E-11"]], "elements": [{"label": "e", "sigma": 7.12591818573431e-08, "name": "e", "units": null, "value": ".865845359697956", "title": "eccentricity"}, {"label": "q", "title": "perihelion distance", "value": ".2384090299536205", "units": "au", "name": "q", "sigma": 1.26831130436823e-07}, {"label": "tp", "name": "tp", "sigma": 1.94054129032633e-05, "units": "TDB", "title": "time of perihelion passage", "value": "2457164.489340967140"}, {"value": "224.2423916490822", "title": "longitude of the ascending node", "units": "deg", "name": "om", "sigma": 0.000141694867610571, "label": "node"}, {"label": "peri", "name": "w", "sigma": 0.000140255149657104, "units": "deg", "title": "argument of perihelion", "value": "85.673912845092"}, {"name": "i", "sigma": 5.78695859723468e-06, "title": "inclination", "value": "3.058000008237365", "units": "deg", "label": "i"}], "labels": ["e", "q", "tp", "node", "peri", "i"]}, "elements": [{"sigma": "7.2616E-8", "name": "e", "units": null, "value": ".8664759533511465", "title": "eccentricity", "label": "e"}, {"units": "au", "title": "semi-major axis", "value": "1.775577540428405", "sigma": "4.7589E-8", "name": "a", "label": "a"}, {"units": "au", "title": "perihelion distance", "value": ".237082298336819", "sigma": "1.2353E-7", "name": "q", "label": "q"}, {"label": "i", "name": "i", "sigma": "5.7836E-6", "units": "deg", "title": "inclination; angle with respect to x-y ecliptic plane", "value": "3.051019586960099"}, {"title": "longitude of the ascending node", "value": "223.5046091063374", "units": "deg", "name": "om", "sigma": ".00014272", "label": "node"}, {"label": "peri", "title": "argument of perihelion", "value": "86.3886461503745", "units": "deg", "name": "w", "sigma": ".0001413"}, {"name": "ma", "sigma": "1.5837E-5", "value": "239.5175510751818", "title": "mean anomaly", "units": "deg", "label": "M"}, {"sigma": "4.8764E-5", "name": "tp", "value": "2461489.720569472736", "title": "time of perihelion passage", "units": "TDB", "label": "tp"}, {"label": "period", "sigma": "3.4743E-5", "name": "per", "title": "sidereal orbital period", "value": "864.1873230445041", "units": "d"}, {"units": "deg/d", "value": ".4165763491319586", "title": "mean motion", "name": "n", "sigma": "1.6748E-8", "label": "n"}, {"label": "Q", "units": "au", "title": "aphelion distance", "value": "3.31407278251999", "name": "ad", "sigma": "8.8823E-8"}], "epoch": "2461200.5"}