{"spkid": "50714012", "covariance": {"epoch": "2457956.5", "labels": ["e", "q", "tp", "node", "peri", "i"], "data": [["1.418986609778266E-15", "-2.081411207557448E-15", "2.296059164305636E-13", "-4.761074242247391E-14", "2.46635841137031E-13", "8.411484227552643E-14"], ["-2.081411207557448E-15", "3.06403810013554E-15", "-3.718106113785316E-13", "6.978757933481092E-14", "-3.754727259899668E-13", "-1.360606340289641E-13"], ["2.296059164305636E-13", "-3.718106113785316E-13", "1.953449179315967E-10", "4.429577268034015E-12", "1.198665416850589E-10", "6.693048579919533E-11"], ["-4.761074242247391E-14", "6.978757933481092E-14", "4.429577268034015E-12", "2.719960294637242E-11", "-2.07410489624845E-11", "-2.059912948099665E-11"], ["2.46635841137031E-13", "-3.754727259899668E-13", "1.198665416850589E-10", "-2.07410489624845E-11", "1.108184455799953E-10", "6.120754576227683E-11"], ["8.411484227552643E-14", "-1.360606340289641E-13", "6.693048579919533E-11", "-2.059912948099665E-11", "6.120754576227683E-11", "1.181653133962255E-10"]], "elements": [{"label": "e", "name": "e", "sigma": 3.76694386708677e-08, "units": null, "title": "eccentricity", "value": ".3950048688704005"}, {"label": "q", "title": "perihelion distance", "value": ".8432978385470847", "units": "au", "name": "q", "sigma": 5.53537541647858e-08}, {"name": "tp", "sigma": 1.39765846304309e-05, "units": "TDB", "title": "time of perihelion passage", "value": "2457791.895160892400", "label": "tp"}, {"name": "om", "sigma": 5.21532385824432e-06, "units": "deg", "title": "longitude of the ascending node", "value": "12.35007737059291", "label": "node"}, {"units": "deg", "title": "argument of perihelion", "value": "249.635468562912", "name": "w", "sigma": 1.05270340352825e-05, "label": "peri"}, {"value": "15.46611041977737", "title": "inclination", "units": "deg", "sigma": 1.08703869938575e-05, "name": "i", "label": "i"}]}, "elements": [{"label": "e", "sigma": "3.7782E-8", "name": "e", "units": null, "value": ".3947167353593848", "title": "eccentricity"}, {"label": "a", "sigma": "6.7084E-9", "name": "a", "value": "1.392240081645783", "title": "semi-major axis", "units": "au"}, {"label": "q", "units": "au", "value": ".8426996217820765", "title": "perihelion distance", "name": "q", "sigma": "5.5495E-8"}, {"sigma": "1.0872E-5", "name": "i", "value": "15.44988859585675", "title": "inclination; angle with respect to x-y ecliptic plane", "units": "deg", "label": "i"}, {"sigma": "5.2136E-6", "name": "om", "title": "longitude of the ascending node", "value": "12.26629823888935", "units": "deg", "label": "node"}, {"sigma": "1.0387E-5", "name": "w", "value": "249.860280893316", "title": "argument of perihelion", "units": "deg", "label": "peri"}, {"name": "ma", "sigma": "1.0229E-5", "title": "mean anomaly", "value": "243.6967312969396", "units": "deg", "label": "M"}, {"title": "time of perihelion passage", "value": "2461394.346982869159", "units": "TDB", "name": "tp", "sigma": "1.8318E-5", "label": "tp"}, {"label": "period", "sigma": "4.3368E-6", "name": "per", "units": "d", "title": "sidereal orbital period", "value": "600.0253871717796"}, {"name": "n", "sigma": "4.3364E-9", "units": "deg/d", "title": "mean motion", "value": ".5999746139023558", "label": "n"}, {"label": "Q", "name": "ad", "sigma": "9.3563E-9", "units": "au", "value": "1.94178054150949", "title": "aphelion distance"}], "epoch": "2461200.5"}