{"spkid": "50728883", "covariance": {"labels": ["e", "q", "tp", "node", "peri", "i"], "elements": [{"label": "e", "sigma": 4.00560915676855e-08, "name": "e", "units": null, "value": ".376724684949205", "title": "eccentricity"}, {"label": "q", "value": ".8258905209106587", "title": "perihelion distance", "units": "au", "name": "q", "sigma": 5.04929363394356e-08}, {"label": "tp", "name": "tp", "sigma": 9.52324626327554e-06, "units": "TDB", "title": "time of perihelion passage", "value": "2457935.537604994517"}, {"units": "deg", "title": "longitude of the ascending node", "value": "147.5374356915108", "name": "om", "sigma": 9.33178646539653e-05, "label": "node"}, {"label": "peri", "value": "319.1794968948998", "title": "argument of perihelion", "units": "deg", "name": "w", "sigma": 9.2280490313861e-05}, {"label": "i", "units": "deg", "value": "4.747044845198324", "title": "inclination", "name": "i", "sigma": 7.3004653928624e-06}], "data": [["1.604490471678803E-15", "-2.02102616636716E-15", "-1.233733591571166E-13", "-4.347066235870252E-13", "4.148427166345691E-13", "-7.377865780636468E-14"], ["-2.02102616636716E-15", "2.549536620178292E-15", "1.582203345881337E-13", "5.10981708303235E-13", "-4.86009672868242E-13", "9.098242441685422E-14"], ["-1.233733591571166E-13", "1.582203345881337E-13", "9.069221939099149E-11", "1.022532635761787E-10", "-3.173170293609256E-11", "2.381493550450908E-11"], ["-4.347066235870252E-13", "5.10981708303235E-13", "1.022532635761787E-10", "8.708223863575781E-9", "-8.579589582166431E-9", "5.829272696591231E-10"], ["4.148427166345691E-13", "-4.86009672868242E-13", "-3.173170293609256E-11", "-8.579589582166431E-9", "8.515688892566596E-9", "-5.622074035475022E-10"], ["-7.377865780636468E-14", "9.098242441685422E-14", "2.381493550450908E-11", "5.829272696591231E-10", "-5.622074035475022E-10", "5.329679495238154E-11"]], "epoch": "2457889.5"}, "elements": [{"label": "e", "sigma": "3.9885E-8", "name": "e", "title": "eccentricity", "value": ".3772467830404083", "units": null}, {"value": "1.326292144135253", "title": "semi-major axis", "units": "au", "sigma": "4.2479E-9", "name": "a", "label": "a"}, {"label": "q", "value": ".8259526993884635", "title": "perihelion distance", "units": "au", "sigma": "5.0525E-8", "name": "q"}, {"name": "i", "sigma": "7.2977E-6", "title": "inclination; angle with respect to x-y ecliptic plane", "value": "4.743550289229908", "units": "deg", "label": "i"}, {"label": "node", "sigma": "9.3374E-5", "name": "om", "value": "147.421812906413", "title": "longitude of the ascending node", "units": "deg"}, {"label": "peri", "units": "deg", "value": "319.3516567687009", "title": "argument of perihelion", "sigma": "9.2261E-5", "name": "w"}, {"label": "M", "sigma": "1.1512E-5", "name": "ma", "title": "mean anomaly", "value": "308.3713994132279", "units": "deg"}, {"name": "tp", "sigma": "1.8144E-5", "units": "TDB", "title": "time of perihelion passage", "value": "2461280.510148309754", "label": "tp"}, {"label": "period", "title": "sidereal orbital period", "value": "557.901106443922", "units": "d", "name": "per", "sigma": "2.6803E-6"}, {"units": "deg/d", "title": "mean motion", "value": ".6452756516197835", "sigma": "3.1001E-9", "name": "n", "label": "n"}, {"label": "Q", "units": "au", "title": "aphelion distance", "value": "1.826631588882043", "name": "ad", "sigma": "5.8505E-9"}], "epoch": "2461200.5"}