{"spkid": "50725010", "covariance": {"epoch": "2458684.5", "data": [["1.52518339239812E-14", "-1.999249461783827E-14", "-4.857729585944929E-13", "1.379507754029255E-12", "-1.518837263310411E-14", "9.078569954452859E-14"], ["-1.999249461783827E-14", "2.620907737330973E-14", "6.291386332565364E-13", "-1.82353176095551E-12", "3.451971269616771E-14", "-1.197156623732872E-13"], ["-4.857729585944929E-13", "6.291386332565364E-13", "1.553308743848591E-10", "3.141768142209607E-10", "-3.179308274113729E-10", "2.785123451389669E-12"], ["1.379507754029255E-12", "-1.82353176095551E-12", "3.141768142209607E-10", "7.33167558711099E-9", "-7.095680549004614E-9", "-3.583952186492843E-10"], ["-1.518837263310411E-14", "3.451971269616771E-14", "-3.179308274113729E-10", "-7.095680549004614E-9", "7.004559802019939E-9", "3.655803907004752E-10"], ["9.078569954452859E-14", "-1.197156623732872E-13", "2.785123451389669E-12", "-3.583952186492843E-10", "3.655803907004752E-10", "3.349172776818343E-11"]], "elements": [{"label": "e", "sigma": 1.23498315470217e-07, "name": "e", "units": null, "title": "eccentricity", "value": ".6330228787893704"}, {"title": "perihelion distance", "value": ".4798229011722968", "units": "au", "sigma": 1.61892178233878e-07, "name": "q", "label": "q"}, {"value": "2458952.088235674337", "title": "time of perihelion passage", "units": "TDB", "name": "tp", "sigma": 1.24631807491049e-05, "label": "tp"}, {"name": "om", "sigma": 8.5625204158069e-05, "title": "longitude of the ascending node", "value": "181.1331601397218", "units": "deg", "label": "node"}, {"label": "peri", "name": "w", "sigma": 8.36932482463188e-05, "units": "deg", "value": "244.2401061372818", "title": "argument of perihelion"}, {"label": "i", "units": "deg", "title": "inclination", "value": "7.464156400009914", "name": "i", "sigma": 5.78720379528693e-06}], "labels": ["e", "q", "tp", "node", "peri", "i"]}, "elements": [{"label": "e", "name": "e", "sigma": "1.2353E-7", "title": "eccentricity", "value": ".6329211374722138", "units": null}, {"units": "au", "value": "1.307632970918989", "title": "semi-major axis", "name": "a", "sigma": "4.3697E-9", "label": "a"}, {"name": "q", "sigma": "1.6192E-7", "units": "au", "value": ".4800044235687723", "title": "perihelion distance", "label": "q"}, {"label": "i", "name": "i", "sigma": "5.7953E-6", "value": "7.465447863351581", "title": "inclination; angle with respect to x-y ecliptic plane", "units": "deg"}, {"name": "om", "sigma": "8.5603E-5", "units": "deg", "title": "longitude of the ascending node", "value": "181.0346071664115", "label": "node"}, {"sigma": "8.3661E-5", "name": "w", "units": "deg", "title": "argument of perihelion", "value": "244.3327097628588", "label": "peri"}, {"value": "42.18742234832203", "title": "mean anomaly", "units": "deg", "sigma": "9.1229E-6", "name": "ma", "label": "M"}, {"label": "tp", "title": "time of perihelion passage", "value": "2461136.495912457611", "units": "TDB", "sigma": "1.3685E-5", "name": "tp"}, {"sigma": "2.7377E-6", "name": "per", "units": "d", "value": "546.169218991799", "title": "sidereal orbital period", "label": "period"}, {"label": "n", "units": "deg/d", "title": "mean motion", "value": ".6591363765694119", "sigma": "3.3039E-9", "name": "n"}, {"label": "Q", "sigma": "7.1354E-9", "name": "ad", "title": "aphelion distance", "value": "2.135261518269206", "units": "au"}], "epoch": "2461200.5"}