{"spkid": "50720792", "covariance": {"labels": ["e", "q", "tp", "node", "peri", "i"], "data": [["1.595685485584587E-14", "-2.984205760655886E-14", "-2.254832568943165E-14", "-9.883736982403623E-13", "6.674467522278834E-13", "-3.379690398514738E-13"], ["-2.984205760655886E-14", "5.583172119482385E-14", "4.235705582168622E-14", "1.839637628211255E-12", "-1.240060188017425E-12", "6.289576097827029E-13"], ["-2.254832568943165E-14", "4.235705582168622E-14", "1.078851095768667E-10", "1.025451204675736E-12", "6.113164848475186E-11", "3.673068907834151E-13"], ["-9.883736982403623E-13", "1.839637628211255E-12", "1.025451204675736E-12", "3.006061459783964E-10", "-2.571326340025417E-10", "2.53716427602155E-12"], ["6.674467522278834E-13", "-1.240060188017425E-12", "6.113164848475186E-11", "-2.571326340025417E-10", "2.859724285525484E-10", "2.278918641354382E-12"], ["-3.379690398514738E-13", "6.289576097827029E-13", "3.673068907834151E-13", "2.53716427602155E-12", "2.278918641354382E-12", "6.725008930204409E-11"]], "elements": [{"label": "e", "name": "e", "sigma": 1.26320445122102e-07, "units": null, "value": ".5318940144791533", "title": "eccentricity"}, {"label": "q", "title": "perihelion distance", "value": ".8390253434148144", "units": "au", "sigma": 2.36287369943516e-07, "name": "q"}, {"label": "tp", "name": "tp", "sigma": 1.03867757064869e-05, "value": "2457980.671874470833", "title": "time of perihelion passage", "units": "TDB"}, {"sigma": 1.73379971732146e-05, "name": "om", "title": "longitude of the ascending node", "value": "89.43861635145349", "units": "deg", "label": "node"}, {"sigma": 1.69107193387079e-05, "name": "w", "value": "51.16183541992879", "title": "argument of perihelion", "units": "deg", "label": "peri"}, {"title": "inclination", "value": "21.57679703580102", "units": "deg", "name": "i", "sigma": 8.20061517826828e-06, "label": "i"}], "epoch": "2457978.5"}, "elements": [{"label": "e", "sigma": "1.2643E-7", "name": "e", "title": "eccentricity", "value": ".5325364081943426", "units": null}, {"label": "a", "title": "semi-major axis", "value": "1.792046237617163", "units": "au", "sigma": "2.3403E-8", "name": "a"}, {"name": "q", "sigma": "2.3652E-7", "units": "au", "value": ".8377163709183336", "title": "perihelion distance", "label": "q"}, {"label": "i", "title": "inclination; angle with respect to x-y ecliptic plane", "value": "21.54950386830913", "units": "deg", "name": "i", "sigma": "8.1997E-6"}, {"units": "deg", "title": "longitude of the ascending node", "value": "89.31109017549042", "sigma": "1.7403E-5", "name": "om", "label": "node"}, {"title": "argument of perihelion", "value": "51.33454454024828", "units": "deg", "name": "w", "sigma": "1.6937E-5", "label": "peri"}, {"value": "242.5329746528625", "title": "mean anomaly", "units": "deg", "name": "ma", "sigma": "2.6141E-5", "label": "M"}, {"name": "tp", "sigma": "6.9157E-5", "units": "TDB", "title": "time of perihelion passage", "value": "2461486.414192374589", "label": "tp"}, {"label": "period", "title": "sidereal orbital period", "value": "876.2383226329007", "units": "d", "sigma": "1.7164E-5", "name": "per"}, {"units": "deg/d", "title": "mean motion", "value": ".4108471299432331", "name": "n", "sigma": "8.048E-9", "label": "n"}, {"title": "aphelion distance", "value": "2.746376104315992", "units": "au", "sigma": "3.5865E-8", "name": "ad", "label": "Q"}], "epoch": "2461200.5"}