{"spkid": "50721312", "covariance": {"epoch": "2458526.5", "labels": ["e", "q", "tp", "node", "peri", "i"], "data": [["9.478645850878558E-16", "-1.026928440857983E-15", "4.59903491271311E-13", "1.408230827102254E-12", "-1.089691526774968E-12", "-2.725190594456332E-14"], ["-1.026928440857983E-15", "1.113628928041305E-15", "-4.950050821668511E-13", "-1.53538809494842E-12", "1.190613187739287E-12", "2.925699295910521E-14"], ["4.59903491271311E-13", "-4.950050821668511E-13", "3.747521524309853E-10", "7.960779481813039E-10", "-5.238797073097648E-10", "-2.770056314258687E-11"], ["1.408230827102254E-12", "-1.53538809494842E-12", "7.960779481813039E-10", "5.833139263002994E-9", "-5.247300587455505E-9", "1.035915337113622E-10"], ["-1.089691526774968E-12", "1.190613187739287E-12", "-5.238797073097648E-10", "-5.247300587455505E-9", "4.86556977422578E-9", "-1.239664145885155E-10"], ["-2.725190594456332E-14", "2.925699295910521E-14", "-2.770056314258687E-11", "1.035915337113622E-10", "-1.239664145885155E-10", "1.192941258233044E-11"]], "elements": [{"label": "e", "title": "eccentricity", "value": ".2625301816391036", "units": null, "name": "e", "sigma": 3.07874095222033e-08}, {"title": "perihelion distance", "value": ".7865898645860545", "units": "au", "name": "q", "sigma": 3.33710792160114e-08, "label": "q"}, {"sigma": 1.93585162765896e-05, "name": "tp", "units": "TDB", "title": "time of perihelion passage", "value": "2458721.892847847069", "label": "tp"}, {"name": "om", "sigma": 7.63749910834888e-05, "value": "237.5596512207301", "title": "longitude of the ascending node", "units": "deg", "label": "node"}, {"label": "peri", "title": "argument of perihelion", "value": "288.1009703092113", "units": "deg", "name": "w", "sigma": 6.97536362795932e-05}, {"name": "i", "sigma": 3.45389817196895e-06, "units": "deg", "value": "1.737997333675511", "title": "inclination", "label": "i"}]}, "elements": [{"value": ".2624365842004702", "title": "eccentricity", "units": null, "sigma": "3.0698E-8", "name": "e", "label": "e"}, {"sigma": "1.3155E-9", "name": "a", "units": "au", "value": "1.066675450605996", "title": "semi-major axis", "label": "a"}, {"label": "q", "units": "au", "title": "perihelion distance", "value": ".7867407888984608", "sigma": "3.3538E-8", "name": "q"}, {"label": "i", "units": "deg", "value": "1.739654439652382", "title": "inclination; angle with respect to x-y ecliptic plane", "sigma": "3.45E-6", "name": "i"}, {"units": "deg", "value": "237.3634468640907", "title": "longitude of the ascending node", "name": "om", "sigma": "7.6212E-5", "label": "node"}, {"units": "deg", "value": "288.3082509593906", "title": "argument of perihelion", "name": "w", "sigma": "6.963E-5", "label": "peri"}, {"units": "deg", "title": "mean anomaly", "value": "58.3911088943135", "sigma": "1.7041E-5", "name": "ma", "label": "M"}, {"label": "tp", "units": "TDB", "value": "2461135.233383489560", "title": "time of perihelion passage", "name": "tp", "sigma": "1.9106E-5"}, {"value": "402.3897197480101", "title": "sidereal orbital period", "units": "d", "sigma": "7.4436E-7", "name": "per", "label": "period"}, {"title": "mean motion", "value": ".8946550628217937", "units": "deg/d", "sigma": "1.655E-9", "name": "n", "label": "n"}, {"label": "Q", "sigma": "1.6607E-9", "name": "ad", "units": "au", "title": "aphelion distance", "value": "1.346610112313531"}], "epoch": "2461200.5"}