{"spkid": "50726536", "covariance": {"labels": ["e", "q", "tp", "node", "peri", "i"], "data": [["8.920772333146302E-16", "-1.92836202261814E-15", "2.776450607475088E-13", "1.112128730586591E-13", "-1.85852967976548E-15", "-1.319005102573474E-13"], ["-1.92836202261814E-15", "4.174254918523445E-15", "-5.998131459290432E-13", "-2.331031856347019E-13", "-7.068484465611941E-15", "2.871572124955708E-13"], ["2.776450607475088E-13", "-5.998131459290432E-13", "1.174097134850357E-10", "3.206059162313042E-11", "1.453404144809992E-11", "-4.390518364266355E-11"], ["1.112128730586591E-13", "-2.331031856347019E-13", "3.206059162313042E-11", "3.558784483979529E-10", "-3.357808471793431E-10", "-1.799771296751666E-11"], ["-1.85852967976548E-15", "-7.068484465611941E-15", "1.453404144809992E-11", "-3.357808471793431E-10", "3.465387780600675E-10", "-5.679732501739378E-12"], ["-1.319005102573474E-13", "2.871572124955708E-13", "-4.390518364266355E-11", "-1.799771296751666E-11", "-5.679732501739378E-12", "5.25768830405971E-11"]], "elements": [{"label": "e", "value": ".8533714796772929", "title": "eccentricity", "units": null, "sigma": 2.98676619994708e-08, "name": "e"}, {"units": "au", "value": ".3310351930771229", "title": "perihelion distance", "name": "q", "sigma": 6.46084740457739e-08, "label": "q"}, {"label": "tp", "title": "time of perihelion passage", "value": "2458573.255003693073", "units": "TDB", "name": "tp", "sigma": 1.08355762876294e-05}, {"name": "om", "sigma": 1.88647408781025e-05, "units": "deg", "value": "160.27038749134", "title": "longitude of the ascending node", "label": "node"}, {"label": "peri", "units": "deg", "title": "argument of perihelion", "value": "306.8430570133319", "sigma": 1.86155520482221e-05, "name": "w"}, {"label": "i", "sigma": 7.25099186598614e-06, "name": "i", "units": "deg", "value": "9.883198890758184", "title": "inclination"}], "epoch": "2457973.5"}, "elements": [{"title": "eccentricity", "value": ".8503995105132759", "units": null, "sigma": "2.9465E-8", "name": "e", "label": "e"}, {"label": "a", "name": "a", "sigma": "2.7299E-8", "value": "2.265113302674516", "title": "semi-major axis", "units": "au"}, {"title": "perihelion distance", "value": ".3388620588229979", "units": "au", "sigma": "6.3499E-8", "name": "q", "label": "q"}, {"label": "i", "sigma": "7.2501E-6", "name": "i", "title": "inclination; angle with respect to x-y ecliptic plane", "value": "10.05027588196138", "units": "deg"}, {"name": "om", "sigma": "1.802E-5", "units": "deg", "value": "158.70058921", "title": "longitude of the ascending node", "label": "node"}, {"title": "argument of perihelion", "value": "308.4602859615189", "units": "deg", "name": "w", "sigma": "1.8116E-5", "label": "peri"}, {"units": "deg", "value": "39.3860830993604", "title": "mean anomaly", "sigma": "1.6127E-5", "name": "ma", "label": "M"}, {"value": "2461064.269730767991", "title": "time of perihelion passage", "units": "TDB", "name": "tp", "sigma": "5.3345E-5", "label": "tp"}, {"name": "per", "sigma": "2.251E-5", "units": "d", "title": "sidereal orbital period", "value": "1245.183401451756", "label": "period"}, {"label": "n", "units": "deg/d", "title": "mean motion", "value": ".2891140370007156", "name": "n", "sigma": "5.2265E-9"}, {"label": "Q", "sigma": "5.0514E-8", "name": "ad", "title": "aphelion distance", "value": "4.191364546526034", "units": "au"}], "epoch": "2461200.5"}