{"spkid": "50727361", "covariance": {"epoch": "2457452.5", "elements": [{"label": "e", "units": null, "title": "eccentricity", "value": ".6205232406292972", "sigma": 9.76250237416596e-08, "name": "e"}, {"units": "au", "title": "perihelion distance", "value": ".9366367612662859", "name": "q", "sigma": 2.4956135098137e-07, "label": "q"}, {"label": "tp", "units": "TDB", "title": "time of perihelion passage", "value": "2457115.313303624094", "sigma": 5.80622696983085e-05, "name": "tp"}, {"label": "node", "sigma": 3.844455012805e-05, "name": "om", "units": "deg", "value": "193.7872610238302", "title": "longitude of the ascending node"}, {"name": "w", "sigma": 5.07351886677641e-05, "value": "36.0386053804454", "title": "argument of perihelion", "units": "deg", "label": "peri"}, {"value": "24.77309284203838", "title": "inclination", "units": "deg", "sigma": 2.57753524879383e-05, "name": "i", "label": "i"}], "data": [["9.530645260559592E-15", "-2.397404502081949E-14", "-4.341857371049487E-12", "4.251143501999605E-13", "-2.864982228964009E-12", "-4.012382671551743E-13"], ["-2.397404502081949E-14", "6.228086790364662E-14", "1.18307002894412E-11", "-1.31409094492786E-12", "8.028571217011431E-12", "1.159036728841955E-12"], ["-4.341857371049487E-12", "1.18307002894412E-11", "3.371227162519111E-9", "-2.652563390894152E-10", "1.999930093838281E-9", "1.887094089797464E-10"], ["4.251143501999605E-13", "-1.31409094492786E-12", "-2.652563390894152E-10", "1.477983434548149E-9", "-1.533716959160537E-9", "-8.499758217760571E-10"], ["-2.864982228964009E-12", "8.028571217011431E-12", "1.999930093838281E-9", "-1.533716959160537E-9", "2.574059369153622E-9", "9.215331133949286E-10"], ["-4.012382671551743E-13", "1.159036728841955E-12", "1.887094089797464E-10", "-8.499758217760571E-10", "9.215331133949286E-10", "6.64368795877465E-10"]], "labels": ["e", "q", "tp", "node", "peri", "i"]}, "elements": [{"units": null, "value": ".617655691747044", "title": "eccentricity", "sigma": "9.7751E-8", "name": "e", "label": "e"}, {"value": "2.475039807365095", "title": "semi-major axis", "units": "au", "sigma": "1.1519E-7", "name": "a", "label": "a"}, {"label": "q", "name": "q", "sigma": "2.5036E-7", "units": "au", "value": ".9463173830455365", "title": "perihelion distance"}, {"units": "deg", "title": "inclination; angle with respect to x-y ecliptic plane", "value": "24.62308609893295", "name": "i", "sigma": "2.5781E-5", "label": "i"}, {"name": "om", "sigma": "3.8426E-5", "title": "longitude of the ascending node", "value": "193.5087493993003", "units": "deg", "label": "node"}, {"sigma": "5.0845E-5", "name": "w", "units": "deg", "title": "argument of perihelion", "value": "36.36570576948802", "label": "peri"}, {"sigma": "8.0818E-5", "name": "ma", "units": "deg", "title": "mean anomaly", "value": "317.7311815546641", "label": "M"}, {"sigma": ".0003308", "name": "tp", "units": "TDB", "value": "2461367.489558537559", "title": "time of perihelion passage", "label": "tp"}, {"label": "period", "name": "per", "sigma": "9.9289E-5", "units": "d", "title": "sidereal orbital period", "value": "1422.236137290338"}, {"label": "n", "value": ".2531225234410626", "title": "mean motion", "units": "deg/d", "sigma": "1.7671E-8", "name": "n"}, {"sigma": "1.8634E-7", "name": "ad", "title": "aphelion distance", "value": "4.003762231684653", "units": "au", "label": "Q"}], "epoch": "2461200.5"}