{"spkid": "50731265", "covariance": {"data": [["1.487311997650394E-13", "-2.36792012772731E-13", "-1.827572708055475E-12", "-1.41522056053725E-12", "2.469138968006279E-11", "2.753030973313281E-12"], ["-2.36792012772731E-13", "3.770524017021029E-13", "2.893542433087342E-12", "2.27118597028737E-12", "-3.932999372359932E-11", "-4.445519852164897E-12"], ["-1.827572708055475E-12", "2.893542433087342E-12", "4.567842491716911E-10", "-5.247724590287091E-10", "7.650656392887766E-11", "2.001110640759365E-9"], ["-1.41522056053725E-12", "2.27118597028737E-12", "-5.247724590287091E-10", "9.214372977407402E-10", "-7.632798481244737E-10", "-3.465374146567231E-9"], ["2.469138968006279E-11", "-3.932999372359932E-11", "7.650656392887766E-11", "-7.632798481244737E-10", "4.48893520643915E-9", "2.47783612950846E-9"], ["2.753030973313281E-12", "-4.445519852164897E-12", "2.001110640759365E-9", "-3.465374146567231E-9", "2.47783612950846E-9", "2.12395979233676E-8"]], "elements": [{"label": "e", "sigma": 3.85656841978772e-07, "name": "e", "units": null, "value": ".6310024820427714", "title": "eccentricity"}, {"title": "perihelion distance", "value": ".5963357807718378", "units": "au", "sigma": 6.14045928007102e-07, "name": "q", "label": "q"}, {"units": "TDB", "value": "2457366.221127747287", "title": "time of perihelion passage", "sigma": 2.13725115316776e-05, "name": "tp", "label": "tp"}, {"label": "node", "units": "deg", "title": "longitude of the ascending node", "value": "13.91550469210291", "sigma": 3.03551856812101e-05, "name": "om"}, {"title": "argument of perihelion", "value": "95.90117949586508", "units": "deg", "sigma": 6.6999516464219e-05, "name": "w", "label": "peri"}, {"label": "i", "sigma": 0.000145738114175282, "name": "i", "units": "deg", "title": "inclination", "value": "48.90936116693998"}], "labels": ["e", "q", "tp", "node", "peri", "i"], "epoch": "2457381.5"}, "elements": [{"units": null, "value": ".6310301555607516", "title": "eccentricity", "name": "e", "sigma": "3.8457E-7", "label": "e"}, {"value": "1.616215690924603", "title": "semi-major axis", "units": "au", "name": "a", "sigma": "3.2193E-8", "label": "a"}, {"sigma": "6.121E-7", "name": "q", "value": ".596334852060723", "title": "perihelion distance", "units": "au", "label": "q"}, {"label": "i", "name": "i", "sigma": ".00014574", "units": "deg", "value": "48.91345992585615", "title": "inclination; angle with respect to x-y ecliptic plane"}, {"label": "node", "sigma": "3.0008E-5", "name": "om", "units": "deg", "value": "13.83348811752602", "title": "longitude of the ascending node"}, {"name": "w", "sigma": "6.6919E-5", "units": "deg", "title": "argument of perihelion", "value": "95.89194039974754", "label": "peri"}, {"name": "ma", "sigma": "5.5155E-5", "value": "39.51717296208097", "title": "mean anomaly", "units": "deg", "label": "M"}, {"label": "tp", "sigma": ".00011258", "name": "tp", "title": "time of perihelion passage", "value": "2461118.118295746588", "units": "TDB"}, {"label": "period", "name": "per", "sigma": "2.2423E-5", "units": "d", "value": "750.4943119207028", "title": "sidereal orbital period"}, {"label": "n", "name": "n", "sigma": "1.4332E-8", "units": "deg/d", "title": "mean motion", "value": ".4796838487405319"}, {"label": "Q", "units": "au", "title": "aphelion distance", "value": "2.636096529788482", "name": "ad", "sigma": "5.2508E-8"}], "epoch": "2461200.5"}