{"spkid": "50733323", "covariance": {"data": [["7.297885880312381E-15", "-5.960589346591556E-15", "1.416141889405797E-12", "1.546777115438194E-13", "1.298557814966312E-12", "2.383469297980402E-12"], ["-5.960589346591556E-15", "4.913900205551412E-15", "-1.09341746655618E-12", "-1.266915922050755E-13", "-1.021223195890999E-12", "-1.892766411083127E-12"], ["1.416141889405797E-12", "-1.09341746655618E-12", "1.217262664229957E-9", "4.074578563502345E-11", "9.20331501746581E-10", "5.159226054297543E-10"], ["1.546777115438194E-13", "-1.266915922050755E-13", "4.074578563502345E-11", "6.042308107149118E-11", "-1.865312095642459E-11", "2.073745060369396E-10"], ["1.298557814966312E-12", "-1.021223195890999E-12", "9.20331501746581E-10", "-1.865312095642459E-11", "7.587962117232492E-10", "3.160966591739343E-10"], ["2.383469297980402E-12", "-1.892766411083127E-12", "5.159226054297543E-10", "2.073745060369396E-10", "3.160966591739343E-10", "1.49863623795556E-9"]], "elements": [{"label": "e", "title": "eccentricity", "value": ".4221600562077272", "units": null, "sigma": 8.54276646076222e-08, "name": "e"}, {"label": "q", "name": "q", "sigma": 7.00992168683175e-08, "value": ".4093417822370228", "title": "perihelion distance", "units": "au"}, {"label": "tp", "sigma": 3.48892915409579e-05, "name": "tp", "title": "time of perihelion passage", "value": "2457445.788114810865", "units": "TDB"}, {"sigma": 7.77322848445169e-06, "name": "om", "units": "deg", "value": "41.67170761145155", "title": "longitude of the ascending node", "label": "node"}, {"units": "deg", "title": "argument of perihelion", "value": "186.5082422103411", "sigma": 2.75462558567085e-05, "name": "w", "label": "peri"}, {"label": "i", "units": "deg", "value": "16.99013534174534", "title": "inclination", "name": "i", "sigma": 3.87122233662129e-05}], "labels": ["e", "q", "tp", "node", "peri", "i"], "epoch": "2457462.5"}, "elements": [{"label": "e", "name": "e", "sigma": "8.2879E-8", "title": "eccentricity", "value": ".4224939716642939", "units": null}, {"label": "a", "title": "semi-major axis", "value": ".708206808762637", "units": "au", "sigma": "1.8412E-8", "name": "a"}, {"label": "q", "units": "au", "value": ".4089937013688154", "title": "perihelion distance", "sigma": "6.7355E-8", "name": "q"}, {"label": "i", "title": "inclination; angle with respect to x-y ecliptic plane", "value": "16.98200144504309", "units": "deg", "name": "i", "sigma": "3.8778E-5"}, {"label": "node", "title": "longitude of the ascending node", "value": "41.59944900780725", "units": "deg", "name": "om", "sigma": "7.9661E-6"}, {"label": "peri", "name": "w", "sigma": "2.7473E-5", "units": "deg", "title": "argument of perihelion", "value": "186.5555673021216"}, {"label": "M", "title": "mean anomaly", "value": "88.59566826163304", "units": "deg", "sigma": ".00024733", "name": "ma"}, {"sigma": ".00014752", "name": "tp", "units": "TDB", "title": "time of perihelion passage", "value": "2461146.926679981624", "label": "tp"}, {"name": "per", "sigma": "8.4891E-6", "value": "217.6900472115693", "title": "sidereal orbital period", "units": "d", "label": "period"}, {"label": "n", "title": "mean motion", "value": "1.653727419380465", "units": "deg/d", "name": "n", "sigma": "6.4489E-8"}, {"label": "Q", "sigma": "2.619E-8", "name": "ad", "units": "au", "title": "aphelion distance", "value": "1.007419916156459"}], "epoch": "2461200.5"}