{"spkid": "50733168", "covariance": {"epoch": "2457582.5", "labels": ["e", "q", "tp", "node", "peri", "i"], "elements": [{"label": "e", "value": ".1046073716414332", "title": "eccentricity", "units": null, "name": "e", "sigma": 1.62346272107589e-08}, {"sigma": 1.86742669017091e-08, "name": "q", "units": "au", "value": "1.017700712973824", "title": "perihelion distance", "label": "q"}, {"sigma": 4.09254592107842e-05, "name": "tp", "units": "TDB", "value": "2457764.029267756141", "title": "time of perihelion passage", "label": "tp"}, {"label": "node", "units": "deg", "title": "longitude of the ascending node", "value": "212.7933653494999", "name": "om", "sigma": 1.24852194785131e-05}, {"label": "peri", "sigma": 3.81753186093552e-05, "name": "w", "units": "deg", "value": "177.1356073199181", "title": "argument of perihelion"}, {"label": "i", "name": "i", "sigma": 3.09403238460708e-06, "title": "inclination", "value": "4.006735728533181", "units": "deg"}], "data": [["2.63563120672312E-16", "-2.81202038669277E-16", "7.555219324442042E-14", "4.380925374468791E-14", "2.747800441595697E-14", "-1.948445384113221E-14"], ["-2.81202038669277E-16", "3.487282443162675E-16", "1.706634945174232E-13", "-4.382863931027137E-14", "1.885639640156193E-13", "1.100486095509511E-14"], ["7.555219324442042E-14", "1.706634945174232E-13", "1.674893211613562E-9", "4.139078873274679E-11", "1.476351395598867E-9", "-7.53521126616216E-11"], ["4.380925374468791E-14", "-4.382863931027137E-14", "4.139078873274679E-11", "1.558807054266417E-10", "-1.161663773512502E-10", "2.757333781592584E-12"], ["2.747800441595697E-14", "1.885639640156193E-13", "1.476351395598867E-9", "-1.161663773512502E-10", "1.45735495092578E-9", "-7.241636056466098E-11"], ["-1.948445384113221E-14", "1.100486095509511E-14", "-7.53521126616216E-11", "2.757333781592584E-12", "-7.241636056466098E-11", "9.573036396997379E-12"]]}, "elements": [{"name": "e", "sigma": "1.6204E-8", "units": null, "value": ".1046303752910961", "title": "eccentricity", "label": "e"}, {"label": "a", "title": "semi-major axis", "value": "1.1367500211827", "units": "au", "sigma": "7.6704E-9", "name": "a"}, {"units": "au", "title": "perihelion distance", "value": "1.017811439854192", "name": "q", "sigma": "1.8622E-8", "label": "q"}, {"sigma": "3.093E-6", "name": "i", "title": "inclination; angle with respect to x-y ecliptic plane", "value": "4.007077298856613", "units": "deg", "label": "i"}, {"label": "node", "sigma": "1.2487E-5", "name": "om", "value": "212.7385899262514", "title": "longitude of the ascending node", "units": "deg"}, {"sigma": "3.8245E-5", "name": "w", "units": "deg", "title": "argument of perihelion", "value": "177.1997997230052", "label": "peri"}, {"label": "M", "sigma": "6.037E-5", "name": "ma", "units": "deg", "title": "mean anomaly", "value": "274.8783425162795"}, {"label": "tp", "value": "2461305.172706590199", "title": "time of perihelion passage", "units": "TDB", "sigma": "7.5261E-5", "name": "tp"}, {"label": "period", "value": "442.6860975971758", "title": "sidereal orbital period", "units": "d", "name": "per", "sigma": "4.4806E-6"}, {"label": "n", "name": "n", "sigma": "8.2309E-9", "value": ".8132173157323399", "title": "mean motion", "units": "deg/d"}, {"label": "Q", "units": "au", "title": "aphelion distance", "value": "1.255688602511207", "sigma": "8.4729E-9", "name": "ad"}], "epoch": "2461200.5"}