{"spkid": "50739269", "covariance": {"epoch": "2457960.5", "elements": [{"label": "e", "units": null, "title": "eccentricity", "value": ".3548602323204733", "name": "e", "sigma": 2.45609545585793e-08}, {"name": "q", "sigma": 3.13381885596948e-08, "title": "perihelion distance", "value": ".8517381694268307", "units": "au", "label": "q"}, {"sigma": 5.07264179812985e-06, "name": "tp", "units": "TDB", "title": "time of perihelion passage", "value": "2457892.972896011506", "label": "tp"}, {"label": "node", "units": "deg", "title": "longitude of the ascending node", "value": "90.14202997961027", "sigma": 1.19836401578777e-05, "name": "om"}, {"units": "deg", "value": "318.4070815283846", "title": "argument of perihelion", "name": "w", "sigma": 1.36197003101136e-05, "label": "peri"}, {"label": "i", "units": "deg", "value": "5.614618077639014", "title": "inclination", "sigma": 3.14330599553946e-06, "name": "i"}], "data": [["6.032404888285965E-16", "-7.664644588686162E-16", "-1.015990949988398E-13", "9.459892152899983E-14", "-2.309968788219344E-13", "1.270700803142744E-14"], ["-7.664644588686162E-16", "9.820820622029885E-16", "1.216817861265232E-13", "-1.227183080584469E-13", "2.96686025877575E-13", "-1.618064481405463E-14"], ["-1.015990949988398E-13", "1.216817861265232E-13", "2.573169481213399E-11", "7.086621203072539E-13", "2.458233849475395E-11", "1.284254628801681E-12"], ["9.459892152899983E-14", "-1.227183080584469E-13", "7.086621203072539E-13", "1.436076314334988E-10", "-1.46702992222467E-10", "3.601697911026504E-11"], ["-2.309968788219344E-13", "2.96686025877575E-13", "2.458233849475395E-11", "-1.46702992222467E-10", "1.854962365373078E-10", "-3.507502124369087E-11"], ["1.270700803142744E-14", "-1.618064481405463E-14", "1.284254628801681E-12", "3.601697911026504E-11", "-3.507502124369087E-11", "9.880372581594331E-12"]], "labels": ["e", "q", "tp", "node", "peri", "i"]}, "elements": [{"label": "e", "name": "e", "sigma": "2.4239E-8", "units": null, "value": ".355017013285499", "title": "eccentricity"}, {"label": "a", "sigma": "4.7291E-9", "name": "a", "units": "au", "title": "semi-major axis", "value": "1.320948104505674"}, {"label": "q", "name": "q", "sigma": "3.1503E-8", "units": "au", "value": ".8519890537389282", "title": "perihelion distance"}, {"title": "inclination; angle with respect to x-y ecliptic plane", "value": "5.586111680194684", "units": "deg", "sigma": "3.1472E-6", "name": "i", "label": "i"}, {"label": "node", "units": "deg", "value": "89.98513622452991", "title": "longitude of the ascending node", "name": "om", "sigma": "1.2099E-5"}, {"value": "318.5823660309667", "title": "argument of perihelion", "units": "deg", "name": "w", "sigma": "1.3788E-5", "label": "peri"}, {"label": "M", "units": "deg", "value": "347.6563944136409", "title": "mean anomaly", "sigma": "9.8575E-6", "name": "ma"}, {"units": "TDB", "title": "time of perihelion passage", "value": "2461219.513698212155", "sigma": "1.5284E-5", "name": "tp", "label": "tp"}, {"value": "554.5325722283407", "title": "sidereal orbital period", "units": "d", "name": "per", "sigma": "2.9779E-6", "label": "period"}, {"label": "n", "sigma": "3.4862E-9", "name": "n", "title": "mean motion", "value": ".6491954089430158", "units": "deg/d"}, {"sigma": "6.408E-9", "name": "ad", "title": "aphelion distance", "value": "1.789907155272419", "units": "au", "label": "Q"}], "epoch": "2461200.5"}