{"spkid": "50735655", "covariance": {"epoch": "2457642.5", "labels": ["e", "q", "tp", "node", "peri", "i"], "elements": [{"label": "e", "value": ".5944436991668954", "title": "eccentricity", "units": null, "sigma": 4.74270453139396e-08, "name": "e"}, {"label": "q", "units": "au", "value": ".8557083891717313", "title": "perihelion distance", "name": "q", "sigma": 8.94348663414434e-08}, {"label": "tp", "sigma": 1.64897600312744e-05, "name": "tp", "units": "TDB", "value": "2457425.543659315744", "title": "time of perihelion passage"}, {"label": "node", "title": "longitude of the ascending node", "value": "82.87278215091928", "units": "deg", "sigma": 2.39593198017278e-05, "name": "om"}, {"label": "peri", "title": "argument of perihelion", "value": "65.00757794814919", "units": "deg", "sigma": 2.3949881521518e-05, "name": "w"}, {"title": "inclination", "value": "9.091631284971809", "units": "deg", "name": "i", "sigma": 1.55661199857407e-05, "label": "i"}], "data": [["2.249324627210476E-15", "-4.239352651528135E-15", "-5.211473694758774E-13", "5.635414910792127E-13", "-5.404360017967562E-13", "-5.335120885138617E-13"], ["-4.239352651528135E-15", "7.998595317511852E-15", "9.623567936253178E-13", "-1.052291612949191E-12", "9.978767572237983E-13", "9.975104607863107E-13"], ["-5.211473694758774E-13", "9.623567936253178E-13", "2.719121858890158E-10", "-9.801184781486665E-11", "1.98866332817501E-10", "8.752789302775308E-11"], ["5.635414910792127E-13", "-1.052291612949191E-12", "-9.801184781486665E-11", "5.740490053614646E-10", "-5.333733013095966E-10", "-2.873106383904718E-10"], ["-5.404360017967562E-13", "9.978767572237983E-13", "1.98866332817501E-10", "-5.333733013095966E-10", "5.735968248947495E-10", "2.500634137457762E-10"], ["-5.335120885138617E-13", "9.975104607863107E-13", "8.752789302775308E-11", "-2.873106383904718E-10", "2.500634137457762E-10", "2.423040914104748E-10"]]}, "elements": [{"label": "e", "units": null, "value": ".5961322650854601", "title": "eccentricity", "name": "e", "sigma": "4.7737E-8"}, {"name": "a", "sigma": "2.5416E-8", "title": "semi-major axis", "value": "2.109042872991783", "units": "au", "label": "a"}, {"label": "q", "name": "q", "sigma": "9.0801E-8", "title": "perihelion distance", "value": ".8517743679528449", "units": "au"}, {"label": "i", "name": "i", "sigma": "1.5547E-5", "title": "inclination; angle with respect to x-y ecliptic plane", "value": "9.083671569457755", "units": "deg"}, {"label": "node", "name": "om", "sigma": "2.3978E-5", "units": "deg", "title": "longitude of the ascending node", "value": "82.69081980605968"}, {"name": "w", "sigma": "2.3921E-5", "title": "argument of perihelion", "value": "65.16340680871858", "units": "deg", "label": "peri"}, {"value": "134.4514056866311", "title": "mean anomaly", "units": "deg", "sigma": "1.9318E-5", "name": "ma", "label": "M"}, {"title": "time of perihelion passage", "value": "2460782.679845244689", "units": "TDB", "name": "tp", "sigma": "5.2597E-5", "label": "tp"}, {"label": "period", "units": "d", "title": "sidereal orbital period", "value": "1118.733232603667", "sigma": "2.0223E-5", "name": "per"}, {"label": "n", "sigma": "5.8169E-9", "name": "n", "value": ".3217925324003824", "title": "mean motion", "units": "deg/d"}, {"name": "ad", "sigma": "4.0568E-8", "units": "au", "value": "3.366311378030721", "title": "aphelion distance", "label": "Q"}], "epoch": "2461200.5"}