{"spkid": "50739339", "covariance": {"epoch": "2457363.5", "labels": ["e", "q", "tp", "node", "peri", "i"], "data": [["3.936011471195325E-15", "-6.480174636422295E-15", "5.24738258546147E-13", "6.143265044934915E-13", "-2.812834023447306E-13", "-1.009077504432849E-13"], ["-6.480174636422295E-15", "1.231981195819332E-14", "-1.027849147543891E-12", "-1.21604921834378E-12", "5.420649696745626E-13", "1.993432566906659E-13"], ["5.24738258546147E-13", "-1.027849147543891E-12", "3.021577359954182E-10", "-2.820727472490931E-11", "2.499253520863098E-10", "-4.843027913738772E-11"], ["6.143265044934915E-13", "-1.21604921834378E-12", "-2.820727472490931E-11", "4.43198145619772E-9", "-4.296625292980097E-9", "6.932913991150256E-10"], ["-2.812834023447306E-13", "5.420649696745626E-13", "2.499253520863098E-10", "-4.296625292980097E-9", "4.369999342236646E-9", "-7.145778325118997E-10"], ["-1.009077504432849E-13", "1.993432566906659E-13", "-4.843027913738772E-11", "6.932913991150256E-10", "-7.145778325118997E-10", "1.797401334058444E-10"]], "elements": [{"name": "e", "sigma": 6.27376399874535e-08, "title": "eccentricity", "value": ".5088019449935519", "units": null, "label": "e"}, {"name": "q", "sigma": 1.1099464833132e-07, "value": ".9230626089450958", "title": "perihelion distance", "units": "au", "label": "q"}, {"name": "tp", "sigma": 1.73826849478272e-05, "units": "TDB", "title": "time of perihelion passage", "value": "2457353.105309259190", "label": "tp"}, {"name": "om", "sigma": 6.65731286345904e-05, "title": "longitude of the ascending node", "value": "59.79938469644229", "units": "deg", "label": "node"}, {"name": "w", "sigma": 6.61059705490862e-05, "title": "argument of perihelion", "value": "342.3967898151552", "units": "deg", "label": "peri"}, {"label": "i", "value": "12.65175153044573", "title": "inclination", "units": "deg", "name": "i", "sigma": 1.34067197108705e-05}]}, "elements": [{"label": "e", "sigma": "6.3386E-8", "name": "e", "title": "eccentricity", "value": ".5090706120716133", "units": null}, {"sigma": "9.3768E-8", "name": "a", "units": "au", "title": "semi-major axis", "value": "1.87927254508294", "label": "a"}, {"title": "perihelion distance", "value": ".9225901203081893", "units": "au", "sigma": "1.1096E-7", "name": "q", "label": "q"}, {"label": "i", "sigma": "1.3436E-5", "name": "i", "value": "12.6585744956538", "title": "inclination; angle with respect to x-y ecliptic plane", "units": "deg"}, {"value": "59.72114280732339", "title": "longitude of the ascending node", "units": "deg", "name": "om", "sigma": "6.6497E-5", "label": "node"}, {"title": "argument of perihelion", "value": "342.5468275040984", "units": "deg", "name": "w", "sigma": "6.6043E-5", "label": "peri"}, {"name": "ma", "sigma": ".00010292", "value": "31.80024387942697", "title": "mean anomaly", "units": "deg", "label": "M"}, {"label": "tp", "name": "tp", "sigma": ".00026281", "units": "TDB", "title": "time of perihelion passage", "value": "2461117.378948150860"}, {"label": "period", "title": "sidereal orbital period", "value": "940.9858232266422", "units": "d", "sigma": "7.0427E-5", "name": "per"}, {"label": "n", "value": ".3825774959771012", "title": "mean motion", "units": "deg/d", "name": "n", "sigma": "2.8634E-8"}, {"title": "aphelion distance", "value": "2.835954969857691", "units": "au", "name": "ad", "sigma": "1.415E-7", "label": "Q"}], "epoch": "2461200.5"}