{"spkid": "50735701", "covariance": {"epoch": "2457509.5", "elements": [{"label": "e", "value": ".3300416412053545", "title": "eccentricity", "units": null, "name": "e", "sigma": 5.29380548284352e-07}, {"label": "q", "units": "au", "title": "perihelion distance", "value": ".5559694882447106", "sigma": 4.30587005657994e-07, "name": "q"}, {"name": "tp", "sigma": 7.61849864495993e-05, "title": "time of perihelion passage", "value": "2457490.147110112646", "units": "TDB", "label": "tp"}, {"label": "node", "sigma": 0.000262184887692223, "name": "om", "units": "deg", "title": "longitude of the ascending node", "value": "143.8836659815382"}, {"label": "peri", "units": "deg", "value": "102.3424556601881", "title": "argument of perihelion", "name": "w", "sigma": 0.000231873657583982}, {"label": "i", "name": "i", "sigma": 2.01742944903841e-05, "value": "4.978116895072286", "title": "inclination", "units": "deg"}], "data": [["2.802437649018414E-13", "-2.279354357684059E-13", "-1.509931568039322E-11", "-5.030632190013813E-11", "4.264096141786394E-11", "1.006416091050424E-11"], ["-2.279354357684059E-13", "1.85405169441517E-13", "1.221447408202221E-11", "4.085946329690127E-11", "-3.467169391740296E-11", "-8.185365432392801E-12"], ["-1.509931568039322E-11", "1.221447408202221E-11", "5.804152160325632E-9", "1.318966692033598E-8", "-9.261956914959192E-9", "-7.40100381880086E-10"], ["-5.030632190013813E-11", "4.085946329690127E-11", "1.318966692033598E-8", "6.874091533418372E-8", "-5.99069819451382E-8", "-3.234584022444502E-9"], ["4.264096141786394E-11", "-3.467169391740296E-11", "-9.261956914959192E-9", "-5.99069819451382E-8", "5.376539308137395E-8", "2.818266776872138E-9"], ["1.006416091050424E-11", "-8.185365432392801E-12", "-7.40100381880086E-10", "-3.234584022444502E-9", "2.818266776872138E-9", "4.070021581847419E-10"]], "labels": ["e", "q", "tp", "node", "peri", "i"]}, "elements": [{"name": "e", "sigma": "5.3033E-7", "units": null, "title": "eccentricity", "value": ".329990233961644", "label": "e"}, {"label": "a", "units": "au", "value": ".830114814281629", "title": "semi-major axis", "name": "a", "sigma": "1.1419E-8"}, {"units": "au", "value": ".5561850325018076", "title": "perihelion distance", "name": "q", "sigma": "4.3361E-7", "label": "q"}, {"label": "i", "units": "deg", "title": "inclination; angle with respect to x-y ecliptic plane", "value": "4.971491257872695", "sigma": "2.0262E-5", "name": "i"}, {"label": "node", "value": "143.5800568822972", "title": "longitude of the ascending node", "units": "deg", "name": "om", "sigma": ".00026101"}, {"title": "argument of perihelion", "value": "102.5957047920161", "units": "deg", "name": "w", "sigma": ".00023074", "label": "peri"}, {"units": "deg", "value": "156.4784997982572", "title": "mean anomaly", "sigma": ".0001119", "name": "ma", "label": "M"}, {"sigma": "8.4458E-5", "name": "tp", "units": "TDB", "title": "time of perihelion passage", "value": "2461080.423548145656", "label": "tp"}, {"label": "period", "value": "276.2521542786745", "title": "sidereal orbital period", "units": "d", "sigma": "5.7001E-6", "name": "per"}, {"title": "mean motion", "value": "1.303157258411253", "units": "deg/d", "name": "n", "sigma": "2.6889E-8", "label": "n"}, {"units": "au", "value": "1.10404459606145", "title": "aphelion distance", "sigma": "1.5187E-8", "name": "ad", "label": "Q"}], "epoch": "2461200.5"}