{"spkid": "50735703", "covariance": {"labels": ["e", "q", "tp", "node", "peri", "i"], "elements": [{"label": "e", "name": "e", "sigma": 1.03532009712888e-07, "units": null, "title": "eccentricity", "value": ".4630553133745244"}, {"label": "q", "value": ".7463751831266855", "title": "perihelion distance", "units": "au", "name": "q", "sigma": 1.47066361679179e-07}, {"label": "tp", "sigma": 9.34436720102943e-06, "name": "tp", "value": "2460294.117199651010", "title": "time of perihelion passage", "units": "TDB"}, {"sigma": 0.00039449832547835, "name": "om", "units": "deg", "title": "longitude of the ascending node", "value": "144.1776410231201", "label": "node"}, {"units": "deg", "value": "195.6955839850284", "title": "argument of perihelion", "name": "w", "sigma": 0.000394640700177495, "label": "peri"}, {"label": "i", "value": "2.541415501084757", "title": "inclination", "units": "deg", "name": "i", "sigma": 3.75298182112116e-06}], "data": [["1.071887703518952E-14", "-1.5225708969336E-14", "1.995586140668403E-13", "-4.190941102346332E-12", "5.597024373303189E-12", "-3.284018818160401E-14"], ["-1.5225708969336E-14", "2.162851473755109E-14", "-2.79476240929686E-13", "6.009719792077366E-12", "-8.003392763953904E-12", "4.67293453056796E-14"], ["1.995586140668403E-13", "-2.79476240929686E-13", "8.73171983876746E-11", "6.824703411631594E-10", "-5.862970828577037E-10", "3.312089036115491E-12"], ["-4.190941102346332E-12", "6.009719792077366E-12", "6.824703411631594E-10", "1.556289288052221E-7", "-1.555615401039448E-7", "-1.111272897396762E-9"], ["5.597024373303189E-12", "-8.003392763953904E-12", "-5.862970828577037E-10", "-1.555615401039448E-7", "1.557412822365836E-7", "1.109815789332886E-9"], ["-3.284018818160401E-14", "4.67293453056796E-14", "3.312089036115491E-12", "-1.111272897396762E-9", "1.109815789332886E-9", "1.408487254966589E-11"]], "epoch": "2460283.5"}, "elements": [{"label": "e", "name": "e", "sigma": "1.0351E-7", "units": null, "value": ".4632629592679062", "title": "eccentricity"}, {"label": "a", "title": "semi-major axis", "value": "1.390388357202229", "units": "au", "sigma": "5.9866E-9", "name": "a"}, {"sigma": "1.4686E-7", "name": "q", "value": ".7462729323130816", "title": "perihelion distance", "units": "au", "label": "q"}, {"title": "inclination; angle with respect to x-y ecliptic plane", "value": "2.548217617496279", "units": "deg", "name": "i", "sigma": "3.8208E-6", "label": "i"}, {"label": "node", "title": "longitude of the ascending node", "value": "143.8755340686095", "units": "deg", "sigma": ".00039345", "name": "om"}, {"label": "peri", "name": "w", "sigma": ".00039347", "units": "deg", "value": "195.945202718663", "title": "argument of perihelion"}, {"units": "deg", "value": "185.0413974268648", "title": "mean anomaly", "sigma": "6.4197E-6", "name": "ma", "label": "M"}, {"label": "tp", "name": "tp", "sigma": "1.1667E-5", "value": "2461491.528426361815", "title": "time of perihelion passage", "units": "TDB"}, {"sigma": "3.8675E-6", "name": "per", "units": "d", "value": "598.8287054731016", "title": "sidereal orbital period", "label": "period"}, {"label": "n", "units": "deg/d", "value": ".6011735855507858", "title": "mean motion", "name": "n", "sigma": "3.8827E-9"}, {"label": "Q", "sigma": "8.7599E-9", "name": "ad", "title": "aphelion distance", "value": "2.034503782091376", "units": "au"}], "epoch": "2461200.5"}