{"spkid": "50733321", "covariance": {"labels": ["e", "q", "tp", "node", "peri", "i"], "data": [["6.271956920314473E-15", "-8.552056404820389E-15", "1.910095742823852E-14", "3.742143282823661E-12", "-3.152794274071003E-12", "-1.55762637925558E-13"], ["-8.552056404820389E-15", "1.166221494258369E-14", "-2.746167649660704E-14", "-5.153535561051509E-12", "4.349218218923374E-12", "2.118442276097014E-13"], ["1.910095742823852E-14", "-2.746167649660704E-14", "2.952943732008449E-10", "6.389659322333017E-9", "-6.171365024157988E-9", "-2.975691873964914E-11"], ["3.742143282823661E-12", "-5.153535561051509E-12", "6.389659322333017E-9", "2.954507884676609E-7", "-2.905814857385142E-7", "-1.908197019129174E-9"], ["-3.152794274071003E-12", "4.349218218923374E-12", "-6.171365024157988E-9", "-2.905814857385142E-7", "2.859328961231149E-7", "1.872493821657253E-9"], ["-1.55762637925558E-13", "2.118442276097014E-13", "-2.975691873964914E-11", "-1.908197019129174E-9", "1.872493821657253E-9", "2.254247504606436E-11"]], "elements": [{"title": "eccentricity", "value": ".4421142045633388", "units": null, "sigma": 7.91956875108391e-08, "name": "e", "label": "e"}, {"units": "au", "title": "perihelion distance", "value": ".7896251196405814", "sigma": 1.07991735529084e-07, "name": "q", "label": "q"}, {"label": "tp", "units": "TDB", "value": "2458022.044397713253", "title": "time of perihelion passage", "sigma": 1.71841314357417e-05, "name": "tp"}, {"units": "deg", "value": "125.4930691364169", "title": "longitude of the ascending node", "name": "om", "sigma": 0.000543553850568332, "label": "node"}, {"label": "peri", "name": "w", "sigma": 0.000534726936036623, "units": "deg", "title": "argument of perihelion", "value": "10.9820160916551"}, {"units": "deg", "value": "2.234612568543886", "title": "inclination", "sigma": 4.74789164219913e-06, "name": "i", "label": "i"}], "epoch": "2457734.5"}, "elements": [{"name": "e", "sigma": "7.912E-8", "units": null, "value": ".4419807253335489", "title": "eccentricity", "label": "e"}, {"label": "a", "units": "au", "title": "semi-major axis", "value": "1.414663399846373", "name": "a", "sigma": "7.4842E-9"}, {"label": "q", "name": "q", "sigma": "1.0816E-7", "units": "au", "value": ".7894094442794488", "title": "perihelion distance"}, {"units": "deg", "title": "inclination; angle with respect to x-y ecliptic plane", "value": "2.233731326564293", "sigma": "4.8135E-6", "name": "i", "label": "i"}, {"units": "deg", "title": "longitude of the ascending node", "value": "125.1324567769762", "sigma": ".000543", "name": "om", "label": "node"}, {"name": "w", "sigma": ".00053436", "units": "deg", "title": "argument of perihelion", "value": "11.28724258981735", "label": "peri"}, {"name": "ma", "sigma": "1.7539E-5", "units": "deg", "value": "60.80686751596089", "title": "mean anomaly", "label": "M"}, {"label": "tp", "name": "tp", "sigma": "2.9363E-5", "value": "2461096.692619114906", "title": "time of perihelion passage", "units": "TDB"}, {"value": "614.5795474306359", "title": "sidereal orbital period", "units": "d", "name": "per", "sigma": "4.8771E-6", "label": "period"}, {"label": "n", "name": "n", "sigma": "4.6484E-9", "title": "mean motion", "value": ".5857663202510512", "units": "deg/d"}, {"label": "Q", "units": "au", "value": "2.039917355413297", "title": "aphelion distance", "sigma": "1.0792E-8", "name": "ad"}], "epoch": "2461200.5"}