{"spkid": "50732146", "covariance": {"epoch": "2458214.5", "labels": ["e", "q", "tp", "node", "peri", "i"], "data": [["6.507264921799921E-16", "-1.178206723182656E-15", "1.931653023901809E-13", "-1.367428275743051E-13", "2.170847865345889E-13", "-1.200712744857271E-13"], ["-1.178206723182656E-15", "2.163916990717658E-15", "-4.523217269715003E-13", "2.535196630823063E-13", "-4.274537962364621E-13", "2.268702795438419E-13"], ["1.931653023901809E-13", "-4.523217269715003E-13", "4.631001064506643E-10", "-7.853379531725997E-11", "2.533175100117174E-10", "-7.983100945418075E-11"], ["-1.367428275743051E-13", "2.535196630823063E-13", "-7.853379531725997E-11", "1.2223235712649E-10", "-1.414320243344831E-10", "7.029786013170426E-11"], ["2.170847865345889E-13", "-4.274537962364621E-13", "2.533175100117174E-10", "-1.414320243344831E-10", "2.588247306564501E-10", "-9.037274153401296E-11"], ["-1.200712744857271E-13", "2.268702795438419E-13", "-7.983100945418075E-11", "7.029786013170426E-11", "-9.037274153401296E-11", "1.369955602032033E-10"]], "elements": [{"label": "e", "units": null, "value": ".4234780714379771", "title": "eccentricity", "sigma": 2.55093412729532e-08, "name": "e"}, {"title": "perihelion distance", "value": "1.016581098542728", "units": "au", "sigma": 4.65179211779467e-08, "name": "q", "label": "q"}, {"label": "tp", "units": "TDB", "title": "time of perihelion passage", "value": "2458169.802586876829", "name": "tp", "sigma": 2.15197608362794e-05}, {"value": "221.8466182870542", "title": "longitude of the ascending node", "units": "deg", "name": "om", "sigma": 1.10558743266415e-05, "label": "node"}, {"label": "peri", "value": "176.8278722046147", "title": "argument of perihelion", "units": "deg", "sigma": 1.60880306643309e-05, "name": "w"}, {"name": "i", "sigma": 1.17045102504634e-05, "value": "19.36330954979067", "title": "inclination", "units": "deg", "label": "i"}]}, "elements": [{"label": "e", "sigma": "2.5181E-8", "name": "e", "value": ".4226162276293893", "title": "eccentricity", "units": null}, {"name": "a", "sigma": "1.0257E-8", "title": "semi-major axis", "value": "1.762347716189222", "units": "au", "label": "a"}, {"title": "perihelion distance", "value": "1.017550972602063", "units": "au", "name": "q", "sigma": "4.6431E-8", "label": "q"}, {"title": "inclination; angle with respect to x-y ecliptic plane", "value": "19.35838038150899", "units": "deg", "name": "i", "sigma": "1.1696E-5", "label": "i"}, {"label": "node", "name": "om", "sigma": "1.1076E-5", "units": "deg", "value": "221.8002768890968", "title": "longitude of the ascending node"}, {"units": "deg", "value": "176.8993496243639", "title": "argument of perihelion", "name": "w", "sigma": "1.6135E-5", "label": "peri"}, {"label": "M", "sigma": "4.2075E-6", "name": "ma", "title": "mean anomaly", "value": "195.9803396317907", "units": "deg"}, {"units": "TDB", "value": "2461589.840188198750", "title": "time of perihelion passage", "sigma": "1.2198E-5", "name": "tp", "label": "tp"}, {"label": "period", "sigma": "7.4601E-6", "name": "per", "units": "d", "value": "854.5467502913855", "title": "sidereal orbital period"}, {"label": "n", "name": "n", "sigma": "3.6777E-9", "title": "mean motion", "value": ".4212759569646088", "units": "deg/d"}, {"units": "au", "value": "2.50714445977638", "title": "aphelion distance", "sigma": "1.4591E-8", "name": "ad", "label": "Q"}], "epoch": "2461200.5"}