{"spkid": "50730359", "covariance": {"elements": [{"label": "e", "name": "e", "sigma": 6.82980776163648e-08, "units": null, "title": "eccentricity", "value": ".5654736708153995"}, {"label": "q", "title": "perihelion distance", "value": "1.006713667132835", "units": "au", "name": "q", "sigma": 1.58773267702198e-07}, {"label": "tp", "title": "time of perihelion passage", "value": "2458446.202058626790", "units": "TDB", "sigma": 8.2999050711473e-05, "name": "tp"}, {"name": "om", "sigma": 5.67976731511431e-05, "value": "86.13323799446873", "title": "longitude of the ascending node", "units": "deg", "label": "node"}, {"label": "peri", "sigma": 6.30384012586955e-05, "name": "w", "value": "212.0208439602627", "title": "argument of perihelion", "units": "deg"}, {"label": "i", "value": "11.36009661020405", "title": "inclination", "units": "deg", "sigma": 1.14888889168861e-05, "name": "i"}], "data": [["4.664627406090985E-15", "-1.081701694476833E-14", "1.950344489001324E-12", "-3.740386718762115E-13", "3.547779664537933E-13", "9.474897104464268E-15"], ["-1.081701694476833E-14", "2.52089505368337E-14", "-5.033325269346334E-12", "9.589210607189203E-13", "-1.025961613182543E-12", "-2.101017436486142E-14"], ["1.950344489001324E-12", "-5.033325269346334E-12", "6.888842419005672E-9", "-1.117961740035266E-9", "2.622594823943289E-9", "-7.956454465620527E-11"], ["-3.740386718762115E-13", "9.589210607189203E-13", "-1.117961740035266E-9", "3.225975675384086E-9", "-3.398275970979772E-9", "-5.071702180722194E-10"], ["3.547779664537933E-13", "-1.025961613182543E-12", "2.622594823943289E-9", "-3.398275970979772E-9", "3.973840033252302E-9", "4.755978318889582E-10"], ["9.474897104464268E-15", "-2.101017436486142E-14", "-7.956454465620527E-11", "-5.071702180722194E-10", "4.755978318889582E-10", "1.319945685445488E-10"]], "labels": ["e", "q", "tp", "node", "peri", "i"], "epoch": "2458620.5"}, "elements": [{"label": "e", "title": "eccentricity", "value": ".5656239791536195", "units": null, "name": "e", "sigma": "6.8255E-8"}, {"units": "au", "title": "semi-major axis", "value": "2.315805868563462", "sigma": "2.5323E-8", "name": "a", "label": "a"}, {"label": "q", "name": "q", "sigma": "1.5872E-7", "units": "au", "title": "perihelion distance", "value": "1.005930538239293"}, {"label": "i", "value": "11.35953454269174", "title": "inclination; angle with respect to x-y ecliptic plane", "units": "deg", "name": "i", "sigma": "1.1486E-5"}, {"label": "node", "name": "om", "sigma": "5.6822E-5", "units": "deg", "value": "86.09619148411385", "title": "longitude of the ascending node"}, {"sigma": "6.3071E-5", "name": "w", "title": "argument of perihelion", "value": "212.0263434988881", "units": "deg", "label": "peri"}, {"label": "M", "units": "deg", "value": "50.04723922733813", "title": "mean anomaly", "sigma": "1.9241E-5", "name": "ma"}, {"units": "TDB", "title": "time of perihelion passage", "value": "2461021.550999642618", "sigma": "6.8889E-5", "name": "tp", "label": "tp"}, {"label": "period", "name": "per", "sigma": "2.1113E-5", "value": "1287.216660164293", "title": "sidereal orbital period", "units": "d"}, {"label": "n", "sigma": "4.5873E-9", "name": "n", "value": ".2796731981033028", "title": "mean motion", "units": "deg/d"}, {"label": "Q", "units": "au", "title": "aphelion distance", "value": "3.625681198887631", "sigma": "3.9646E-8", "name": "ad"}], "epoch": "2461200.5"}