{"spkid": "50736700", "covariance": {"epoch": "2458593.5", "labels": ["e", "q", "tp", "node", "peri", "i"], "data": [["2.331404159578234E-15", "-2.929395970683672E-15", "1.443819672426634E-12", "-2.023384935530249E-13", "9.502695409879897E-13", "-1.359982731942441E-14"], ["-2.929395970683672E-15", "3.69235342568706E-15", "-1.934520110647162E-12", "2.638244367055376E-13", "-1.26972418384657E-12", "1.857025721713418E-14"], ["1.443819672426634E-12", "-1.934520110647162E-12", "3.480771298730112E-9", "-3.887669071388179E-10", "2.305505403044432E-9", "-4.364989800090201E-11"], ["-2.023384935530249E-13", "2.638244367055376E-13", "-3.887669071388179E-10", "1.935991714981089E-9", "-2.145207776089955E-9", "3.192960875506024E-13"], ["9.502695409879897E-13", "-1.26972418384657E-12", "2.305505403044432E-9", "-2.145207776089955E-9", "3.417750471642111E-9", "-2.446891454032023E-11"], ["-1.359982731942441E-14", "1.857025721713418E-14", "-4.364989800090201E-11", "3.192960875506024E-13", "-2.446891454032023E-11", "1.389902740661311E-11"]], "elements": [{"label": "e", "name": "e", "sigma": 4.82846161792577e-08, "units": null, "title": "eccentricity", "value": ".1690849595152537"}, {"label": "q", "units": "au", "value": "1.054931041648698", "title": "perihelion distance", "sigma": 6.07647383413033e-08, "name": "q"}, {"label": "tp", "name": "tp", "sigma": 5.899806182181e-05, "units": "TDB", "value": "2458671.402434058383", "title": "time of perihelion passage"}, {"label": "node", "units": "deg", "title": "longitude of the ascending node", "value": "236.5796237142887", "name": "om", "sigma": 4.39999058519571e-05}, {"units": "deg", "title": "argument of perihelion", "value": "15.36354408882282", "sigma": 5.84615298434972e-05, "name": "w", "label": "peri"}, {"label": "i", "name": "i", "sigma": 3.7281399392476e-06, "units": "deg", "value": "4.111755224973064", "title": "inclination"}]}, "elements": [{"sigma": "4.8013E-8", "name": "e", "units": null, "title": "eccentricity", "value": ".1688619492063173", "label": "e"}, {"units": "au", "title": "semi-major axis", "value": "1.269374024898243", "name": "a", "sigma": "4.4681E-9", "label": "a"}, {"label": "q", "units": "au", "title": "perihelion distance", "value": "1.055025052782058", "name": "q", "sigma": "6.0827E-8"}, {"units": "deg", "value": "4.112083633839988", "title": "inclination; angle with respect to x-y ecliptic plane", "name": "i", "sigma": "3.728E-6", "label": "i"}, {"title": "longitude of the ascending node", "value": "236.5279118359205", "units": "deg", "name": "om", "sigma": "4.4005E-5", "label": "node"}, {"label": "peri", "name": "w", "sigma": "5.8521E-5", "units": "deg", "title": "argument of perihelion", "value": "15.43671488307301"}, {"label": "M", "sigma": "3.6237E-5", "name": "ma", "units": "deg", "title": "mean anomaly", "value": "302.6495890930226"}, {"value": "2461283.717922709383", "title": "time of perihelion passage", "units": "TDB", "sigma": "5.238E-5", "name": "tp", "label": "tp"}, {"value": "522.3755453813658", "title": "sidereal orbital period", "units": "d", "sigma": "2.7581E-6", "name": "per", "label": "period"}, {"label": "n", "title": "mean motion", "value": ".689159366633785", "units": "deg/d", "sigma": "3.6387E-9", "name": "n"}, {"title": "aphelion distance", "value": "1.483722997014429", "units": "au", "sigma": "5.2226E-9", "name": "ad", "label": "Q"}], "epoch": "2461200.5"}