{"spkid": "50744176", "covariance": {"epoch": "2458259.5", "labels": ["e", "q", "tp", "node", "peri", "i"], "data": [["6.419098847963734E-15", "-8.897982998330836E-15", "-3.269894211729199E-13", "2.130761943013813E-14", "-1.00743719610325E-12", "8.143231245897794E-14"], ["-8.897982998330836E-15", "1.235315404311577E-14", "4.263762968006402E-13", "-2.893302886021462E-14", "1.396307141822344E-12", "-1.091748101012146E-13"], ["-3.269894211729199E-13", "4.263762968006402E-13", "7.140155446761533E-11", "-1.21499611834866E-11", "7.342612623943716E-11", "-2.098091255652811E-11"], ["2.130761943013813E-14", "-2.893302886021462E-14", "-1.21499611834866E-11", "4.142344403641833E-11", "-4.637972027983291E-11", "1.314146616320161E-11"], ["-1.00743719610325E-12", "1.396307141822344E-12", "7.342612623943716E-11", "-4.637972027983291E-11", "2.14116650272227E-10", "-3.071073506993468E-11"], ["8.143231245897794E-14", "-1.091748101012146E-13", "-2.098091255652811E-11", "1.314146616320161E-11", "-3.071073506993468E-11", "7.645351312953852E-11"]], "elements": [{"sigma": 8.01192788782059e-08, "name": "e", "title": "eccentricity", "value": ".5134644714592261", "units": null, "label": "e"}, {"label": "q", "title": "perihelion distance", "value": ".6909057453814922", "units": "au", "name": "q", "sigma": 1.11144743659409e-07}, {"label": "tp", "name": "tp", "sigma": 8.44994405115296e-06, "title": "time of perihelion passage", "value": "2458549.477635645761", "units": "TDB"}, {"title": "longitude of the ascending node", "value": "292.2470147869769", "units": "deg", "sigma": 6.43610472540793e-06, "name": "om", "label": "node"}, {"title": "argument of perihelion", "value": "90.29244429506176", "units": "deg", "sigma": 1.46327253193733e-05, "name": "w", "label": "peri"}, {"label": "i", "name": "i", "sigma": 8.74376996092295e-06, "value": "18.34495182686118", "title": "inclination", "units": "deg"}]}, "elements": [{"label": "e", "value": ".5132194535191682", "title": "eccentricity", "units": null, "name": "e", "sigma": "8.0155E-8"}, {"label": "a", "units": "au", "value": "1.419490266243356", "title": "semi-major axis", "sigma": "1.0485E-8", "name": "a"}, {"label": "q", "sigma": "1.1118E-7", "name": "q", "units": "au", "title": "perihelion distance", "value": ".6909802475261624"}, {"title": "inclination; angle with respect to x-y ecliptic plane", "value": "18.35594117759455", "units": "deg", "name": "i", "sigma": "8.7389E-6", "label": "i"}, {"label": "node", "units": "deg", "value": "292.1856914016138", "title": "longitude of the ascending node", "name": "om", "sigma": "6.4368E-6"}, {"sigma": "1.4617E-5", "name": "w", "value": "90.32682113168715", "title": "argument of perihelion", "units": "deg", "label": "peri"}, {"label": "M", "name": "ma", "sigma": "1.3068E-5", "title": "mean anomaly", "value": "104.8460416508992", "units": "deg"}, {"label": "tp", "units": "TDB", "title": "time of perihelion passage", "value": "2461020.593608331116", "sigma": "2.0466E-5", "name": "tp"}, {"label": "period", "sigma": "6.8444E-6", "name": "per", "units": "d", "value": "617.7276698384808", "title": "sidereal orbital period"}, {"title": "mean motion", "value": ".5827810823078887", "units": "deg/d", "sigma": "6.4572E-9", "name": "n", "label": "n"}, {"label": "Q", "sigma": "1.5867E-8", "name": "ad", "units": "au", "value": "2.14800028496055", "title": "aphelion distance"}], "epoch": "2461200.5"}