{"spkid": "50740687", "covariance": {"epoch": "2458353.5", "labels": ["e", "q", "tp", "node", "peri", "i"], "elements": [{"label": "e", "sigma": 5.08701403356307e-07, "name": "e", "value": ".1395558004151525", "title": "eccentricity", "units": null}, {"label": "q", "value": ".8702046722507896", "title": "perihelion distance", "units": "au", "name": "q", "sigma": 4.80618819403871e-07}, {"label": "tp", "sigma": 4.47858076233405e-05, "name": "tp", "title": "time of perihelion passage", "value": "2458243.628890044882", "units": "TDB"}, {"sigma": 2.55774162085257e-05, "name": "om", "title": "longitude of the ascending node", "value": "307.3627319790291", "units": "deg", "label": "node"}, {"sigma": 6.35087848999942e-05, "name": "w", "units": "deg", "value": "277.4317424381996", "title": "argument of perihelion", "label": "peri"}, {"title": "inclination", "value": "2.444031734531536", "units": "deg", "sigma": 3.64355739939749e-06, "name": "i", "label": "i"}], "data": [["2.587771177766767E-13", "-2.444909320696385E-13", "2.197753788510004E-11", "-3.774490449649056E-12", "2.892753687768093E-11", "6.25707397590871E-13"], ["-2.444909320696385E-13", "2.309944495651706E-13", "-2.076638658821458E-11", "3.5725545212947E-12", "-2.733899094539068E-11", "-5.907423622189787E-13"], ["2.197753788510004E-11", "-2.076638658821458E-11", "2.005768564474866E-9", "-3.895031140601139E-10", "2.643338401203101E-9", "4.385805956591423E-11"], ["-3.774490449649056E-12", "3.5725545212947E-12", "-3.895031140601139E-10", "6.542042199041547E-10", "-1.070481288291511E-9", "3.700546914476194E-11"], ["2.892753687768093E-11", "-2.733899094539068E-11", "2.643338401203101E-9", "-1.070481288291511E-9", "4.033365759473727E-9", "1.586341546096081E-11"], ["6.25707397590871E-13", "-5.907423622189787E-13", "4.385805956591423E-11", "3.700546914476194E-11", "1.586341546096081E-11", "1.327551052270421E-11"]]}, "elements": [{"value": ".1403382069971741", "title": "eccentricity", "units": null, "sigma": "4.9636E-7", "name": "e", "label": "e"}, {"name": "a", "sigma": "5.8114E-8", "value": "1.013469288865451", "title": "semi-major axis", "units": "au", "label": "a"}, {"sigma": "4.5794E-7", "name": "q", "value": ".8712408260193729", "title": "perihelion distance", "units": "au", "label": "q"}, {"sigma": "4.6366E-6", "name": "i", "value": "2.259855120421774", "title": "inclination; angle with respect to x-y ecliptic plane", "units": "deg", "label": "i"}, {"sigma": "2.716E-5", "name": "om", "title": "longitude of the ascending node", "value": "305.6058047806392", "units": "deg", "label": "node"}, {"label": "peri", "value": "279.1869498489767", "title": "argument of perihelion", "units": "deg", "sigma": "6.7351E-5", "name": "w"}, {"name": "ma", "sigma": ".00027809", "title": "mean anomaly", "value": "341.0141626301912", "units": "deg", "label": "M"}, {"label": "tp", "sigma": ".00028955", "name": "tp", "units": "TDB", "value": "2461220.153575514962", "title": "time of perihelion passage"}, {"label": "period", "units": "d", "value": "372.6613184118768", "title": "sidereal orbital period", "sigma": "3.2053E-5", "name": "per"}, {"name": "n", "sigma": "8.309E-8", "units": "deg/d", "value": ".9660245971708739", "title": "mean motion", "label": "n"}, {"label": "Q", "sigma": "6.6269E-8", "name": "ad", "units": "au", "title": "aphelion distance", "value": "1.15569775171153"}], "epoch": "2461200.5"}