{"spkid": "50741589", "covariance": {"epoch": "2457778.5", "data": [["5.762437896198636E-16", "-1.020956721617715E-15", "8.991466188893366E-14", "-4.185209478741941E-14", "8.679480510754402E-14", "7.563060129414856E-15"], ["-1.020956721617715E-15", "2.000105017227111E-15", "-1.658651791999759E-13", "7.450949825384562E-14", "-1.461118442615229E-13", "-1.410285923926657E-14"], ["8.991466188893366E-14", "-1.658651791999759E-13", "7.535474749039716E-11", "2.897014755612052E-12", "4.867117220694507E-11", "-9.918634003834559E-12"], ["-4.185209478741941E-14", "7.450949825384562E-14", "2.897014755612052E-12", "7.67047003062701E-10", "-7.400939130719951E-10", "-1.205514746941289E-10"], ["8.679480510754402E-14", "-1.461118442615229E-13", "4.867117220694507E-11", "-7.400939130719951E-10", "7.613827199436871E-10", "1.100183261804097E-10"], ["7.563060129414856E-15", "-1.410285923926657E-14", "-9.918634003834559E-12", "-1.205514746941289E-10", "1.100183261804097E-10", "4.881571142531674E-11"]], "elements": [{"name": "e", "sigma": 2.40050784131163e-08, "units": null, "title": "eccentricity", "value": ".5536702570086097", "label": "e"}, {"label": "q", "units": "au", "value": ".8808413342644842", "title": "perihelion distance", "name": "q", "sigma": 4.47225336628764e-08}, {"name": "tp", "sigma": 8.68071123182871e-06, "units": "TDB", "value": "2457514.836501543660", "title": "time of perihelion passage", "label": "tp"}, {"name": "om", "sigma": 2.76956134263659e-05, "value": "174.0759698650938", "title": "longitude of the ascending node", "units": "deg", "label": "node"}, {"sigma": 2.75931643698886e-05, "name": "w", "title": "argument of perihelion", "value": "39.12684175808045", "units": "deg", "label": "peri"}, {"name": "i", "sigma": 6.98682413012642e-06, "units": "deg", "title": "inclination", "value": "13.99074943712741", "label": "i"}], "labels": ["e", "q", "tp", "node", "peri", "i"]}, "elements": [{"name": "e", "sigma": "2.4615E-8", "units": null, "title": "eccentricity", "value": ".5550770760904601", "label": "e"}, {"label": "a", "name": "a", "sigma": "3.837E-8", "value": "1.971982033651025", "title": "semi-major axis", "units": "au"}, {"name": "q", "sigma": "4.5119E-8", "units": "au", "title": "perihelion distance", "value": ".8773800123090949", "label": "q"}, {"name": "i", "sigma": "6.9527E-6", "units": "deg", "title": "inclination; angle with respect to x-y ecliptic plane", "value": "13.96234696455326", "label": "i"}, {"label": "node", "sigma": "2.786E-5", "name": "om", "units": "deg", "title": "longitude of the ascending node", "value": "173.9130421165468"}, {"label": "peri", "sigma": "2.7706E-5", "name": "w", "title": "argument of perihelion", "value": "39.47183320213627", "units": "deg"}, {"sigma": "3.4996E-5", "name": "ma", "value": "230.1220755373558", "title": "mean anomaly", "units": "deg", "label": "M"}, {"value": "2461565.409942549640", "title": "time of perihelion passage", "units": "TDB", "sigma": ".00010894", "name": "tp", "label": "tp"}, {"value": "1011.469653995393", "title": "sidereal orbital period", "units": "d", "sigma": "2.9521E-5", "name": "per", "label": "period"}, {"label": "n", "name": "n", "sigma": "1.0388E-8", "title": "mean motion", "value": ".355917746595727", "units": "deg/d"}, {"name": "ad", "sigma": "5.9669E-8", "title": "aphelion distance", "value": "3.066584054992955", "units": "au", "label": "Q"}], "epoch": "2461200.5"}