{"spkid": "50740517", "covariance": {"labels": ["e", "q", "tp", "node", "peri", "i"], "data": [["2.853743672796784E-15", "-2.500812636639195E-15", "6.303733448775817E-13", "8.40513591013826E-13", "-2.964031338604686E-13", "2.108801585929413E-13"], ["-2.500812636639195E-15", "2.192409493191594E-15", "-5.549268873702178E-13", "-7.341282957776858E-13", "2.552410522704231E-13", "-1.840167119093164E-13"], ["6.303733448775817E-13", "-5.549268873702178E-13", "3.250780780317548E-10", "2.569341760085116E-10", "7.039461297936221E-12", "6.457152613018824E-11"], ["8.40513591013826E-13", "-7.341282957776858E-13", "2.569341760085116E-10", "1.093345477933651E-9", "-8.775448438719664E-10", "1.490661098158075E-10"], ["-2.964031338604686E-13", "2.552410522704231E-13", "7.039461297936221E-12", "-8.775448438719664E-10", "8.829560772061084E-10", "-9.577077682167025E-11"], ["2.108801585929413E-13", "-1.840167119093164E-13", "6.457152613018824E-11", "1.490661098158075E-10", "-9.577077682167025E-11", "3.515862936111495E-11"]], "elements": [{"title": "eccentricity", "value": ".2914829358227829", "units": null, "sigma": 5.34204424616343e-08, "name": "e", "label": "e"}, {"label": "q", "name": "q", "sigma": 4.6823172609207e-08, "units": "au", "value": ".6195872819680688", "title": "perihelion distance"}, {"label": "tp", "units": "TDB", "title": "time of perihelion passage", "value": "2458741.379280651817", "sigma": 1.80299217422526e-05, "name": "tp"}, {"title": "longitude of the ascending node", "value": "254.0104489503058", "units": "deg", "sigma": 3.30657750239375e-05, "name": "om", "label": "node"}, {"label": "peri", "name": "w", "sigma": 2.97145768471656e-05, "value": "44.09330448973189", "title": "argument of perihelion", "units": "deg"}, {"sigma": 5.92947125476757e-06, "name": "i", "units": "deg", "value": "6.452397508196143", "title": "inclination", "label": "i"}], "epoch": "2458825.5"}, "elements": [{"sigma": "5.3333E-8", "name": "e", "units": null, "title": "eccentricity", "value": ".2914169565874495", "label": "e"}, {"title": "semi-major axis", "value": ".8746200567340253", "units": "au", "sigma": "1.3457E-9", "name": "a", "label": "a"}, {"label": "q", "sigma": "4.6763E-8", "name": "q", "units": "au", "title": "perihelion distance", "value": ".6197409416302533"}, {"label": "i", "units": "deg", "value": "6.452713967285535", "title": "inclination; angle with respect to x-y ecliptic plane", "sigma": "5.9266E-6", "name": "i"}, {"units": "deg", "title": "longitude of the ascending node", "value": "253.8174017014571", "name": "om", "sigma": "3.3274E-5", "label": "node"}, {"units": "deg", "value": "44.18680562888863", "title": "argument of perihelion", "name": "w", "sigma": "2.9808E-5", "label": "peri"}, {"sigma": "2.2091E-5", "name": "ma", "units": "deg", "title": "mean anomaly", "value": "83.35156620915653", "label": "M"}, {"label": "tp", "value": "2461131.326645100959", "title": "time of perihelion passage", "units": "TDB", "sigma": "1.8308E-5", "name": "tp"}, {"label": "period", "units": "d", "value": "298.7635253447586", "title": "sidereal orbital period", "name": "per", "sigma": "6.895E-7"}, {"sigma": "2.7809E-9", "name": "n", "title": "mean motion", "value": "1.204966367914482", "units": "deg/d", "label": "n"}, {"name": "ad", "sigma": "1.7378E-9", "value": "1.129499171837798", "title": "aphelion distance", "units": "au", "label": "Q"}], "epoch": "2461200.5"}