{"spkid": "50743762", "covariance": {"labels": ["e", "q", "tp", "node", "peri", "i"], "elements": [{"label": "e", "name": "e", "sigma": 1.3753282400294e-06, "title": "eccentricity", "value": ".3433781399959167", "units": null}, {"name": "q", "sigma": 2.18453786227926e-06, "title": "perihelion distance", "value": "1.052423438116187", "units": "au", "label": "q"}, {"label": "tp", "title": "time of perihelion passage", "value": "2458630.639234166531", "units": "TDB", "name": "tp", "sigma": 0.000769687880659123}, {"title": "longitude of the ascending node", "value": "352.4007664437084", "units": "deg", "sigma": 6.10282889921147e-05, "name": "om", "label": "node"}, {"label": "peri", "sigma": 0.00016706934943261, "name": "w", "units": "deg", "title": "argument of perihelion", "value": "356.6552642034442"}, {"value": "25.5162306101081", "title": "inclination", "units": "deg", "name": "i", "sigma": 5.5929134776319e-05, "label": "i"}], "data": [["1.891527767822355E-12", "-3.004297236367562E-12", "5.537484901168004E-10", "8.845548005803154E-12", "5.017790515724173E-11", "7.903886400597017E-12"], ["-3.004297236367562E-12", "4.77220567173165E-12", "-8.926944696869479E-10", "-1.474853768469622E-11", "-8.2867066765686E-11", "-1.169171876935238E-11"], ["5.537484901168004E-10", "-8.926944696869479E-10", "5.924194336335318E-7", "2.592271072669789E-8", "1.175489129414304E-7", "-2.60868158211323E-8"], ["8.845548005803154E-12", "-1.474853768469622E-11", "2.592271072669789E-8", "3.724452057305072E-9", "3.626312884915958E-9", "-3.173110067025337E-9"], ["5.017790515724173E-11", "-8.2867066765686E-11", "1.175489129414304E-7", "3.626312884915958E-9", "2.791216751983551E-8", "-5.068810666658566E-9"], ["7.903886400597017E-12", "-1.169171876935238E-11", "-2.60868158211323E-8", "-3.173110067025337E-9", "-5.068810666658566E-9", "3.128068116827655E-9"]], "epoch": "2458493.5"}, "elements": [{"label": "e", "title": "eccentricity", "value": ".3435563051302805", "units": null, "sigma": "1.3752E-6", "name": "e"}, {"title": "semi-major axis", "value": "1.602794013230018", "units": "au", "name": "a", "sigma": "4.6548E-8", "label": "a"}, {"title": "perihelion distance", "value": "1.052144024159779", "units": "au", "name": "q", "sigma": "2.184E-6", "label": "q"}, {"label": "i", "sigma": "5.5958E-5", "name": "i", "units": "deg", "title": "inclination; angle with respect to x-y ecliptic plane", "value": "25.52134660259476"}, {"label": "node", "title": "longitude of the ascending node", "value": "352.3659352001447", "units": "deg", "name": "om", "sigma": "6.1009E-5"}, {"sigma": ".00016686", "name": "w", "units": "deg", "title": "argument of perihelion", "value": "356.7122646082248", "label": "peri"}, {"label": "M", "title": "mean anomaly", "value": "168.200951143607", "units": "deg", "name": "ma", "sigma": ".00036518"}, {"label": "tp", "name": "tp", "sigma": ".00075324", "title": "time of perihelion passage", "value": "2460854.209210275969", "units": "TDB"}, {"name": "per", "sigma": "3.2287E-5", "units": "d", "value": "741.1651566358539", "title": "sidereal orbital period", "label": "period"}, {"label": "n", "units": "deg/d", "title": "mean motion", "value": ".4857217001862834", "sigma": "2.1159E-8", "name": "n"}, {"units": "au", "value": "2.153444002300258", "title": "aphelion distance", "name": "ad", "sigma": "6.254E-8", "label": "Q"}], "epoch": "2461200.5"}