{"spkid": "50748500", "covariance": {"epoch": "2458264.5", "data": [["8.253917062857445E-12", "-9.315263742873362E-12", "-5.901793121162198E-11", "1.079298288771241E-9", "-2.168003017242908E-9", "1.183736439619448E-10"], ["-9.315263742873362E-12", "1.051308825722399E-11", "6.654354545802208E-11", "-1.218432069850856E-9", "2.447069097865023E-9", "-1.336120534141687E-10"], ["-5.901793121162198E-11", "6.654354545802208E-11", "2.179332026667569E-9", "2.069010092990442E-9", "7.414064850755218E-9", "-3.653342294170603E-10"], ["1.079298288771241E-9", "-1.218432069850856E-9", "2.069010092990442E-9", "2.117731022722044E-7", "-3.44660506422805E-7", "1.971161533167691E-8"], ["-2.168003017242908E-9", "2.447069097865023E-9", "7.414064850755218E-9", "-3.44660506422805E-7", "6.227922557174316E-7", "-3.48590109514315E-8"], ["1.183736439619448E-10", "-1.336120534141687E-10", "-3.653342294170603E-10", "1.971161533167691E-8", "-3.48590109514315E-8", "1.9845942321318E-9"]], "elements": [{"label": "e", "name": "e", "sigma": 2.87296311547111e-06, "units": null, "title": "eccentricity", "value": ".2988646981337948"}, {"label": "q", "title": "perihelion distance", "value": ".7919142601706609", "units": "au", "name": "q", "sigma": 3.24238928218436e-06}, {"label": "tp", "sigma": 4.66833163632102e-05, "name": "tp", "value": "2458281.324440723166", "title": "time of perihelion passage", "units": "TDB"}, {"label": "node", "value": "348.5381253100314", "title": "longitude of the ascending node", "units": "deg", "sigma": 0.000460188116178813, "name": "om"}, {"title": "argument of perihelion", "value": "106.6208950844274", "units": "deg", "name": "w", "sigma": 0.000789171879705195, "label": "peri"}, {"name": "i", "sigma": 4.45487848558387e-05, "title": "inclination", "value": "1.75251366289571", "units": "deg", "label": "i"}], "labels": ["e", "q", "tp", "node", "peri", "i"]}, "elements": [{"label": "e", "units": null, "title": "eccentricity", "value": ".3000642158646207", "name": "e", "sigma": "2.8745E-6"}, {"label": "a", "sigma": "5.8709E-8", "name": "a", "value": "1.134906094848082", "title": "semi-major axis", "units": "au"}, {"label": "q", "sigma": "3.2538E-6", "name": "q", "value": ".7943613874175133", "title": "perihelion distance", "units": "au"}, {"units": "deg", "value": "1.678933031298409", "title": "inclination; angle with respect to x-y ecliptic plane", "name": "i", "sigma": "4.4234E-5", "label": "i"}, {"label": "node", "sigma": ".00048362", "name": "om", "units": "deg", "title": "longitude of the ascending node", "value": "347.9498574436775"}, {"name": "w", "sigma": ".00081713", "title": "argument of perihelion", "value": "108.0252996623741", "units": "deg", "label": "peri"}, {"value": "226.9705981564554", "title": "mean anomaly", "units": "deg", "sigma": ".00012819", "name": "ma", "label": "M"}, {"label": "tp", "sigma": ".00016872", "name": "tp", "units": "TDB", "value": "2461363.686210327338", "title": "time of perihelion passage"}, {"value": "441.609410428935", "title": "sidereal orbital period", "units": "d", "name": "per", "sigma": "3.4267E-5", "label": "period"}, {"label": "n", "name": "n", "sigma": "6.3255E-8", "units": "deg/d", "value": ".8152000195157348", "title": "mean motion"}, {"label": "Q", "title": "aphelion distance", "value": "1.47545080227865", "units": "au", "name": "ad", "sigma": "7.6325E-8"}], "epoch": "2461200.5"}