{"spkid": "50744342", "covariance": {"epoch": "2457926.5", "labels": ["e", "q", "tp", "node", "peri", "i"], "elements": [{"label": "e", "sigma": 1.95845014484313e-06, "name": "e", "value": ".5709067611529314", "title": "eccentricity", "units": null}, {"units": "au", "value": ".7348826833486081", "title": "perihelion distance", "name": "q", "sigma": 3.36723219980978e-06, "label": "q"}, {"sigma": 0.000214167797904494, "name": "tp", "units": "TDB", "title": "time of perihelion passage", "value": "2458333.499777613506", "label": "tp"}, {"label": "node", "units": "deg", "value": "310.6319403995495", "title": "longitude of the ascending node", "name": "om", "sigma": 5.40996882832445e-05}, {"label": "peri", "value": "287.5885112646737", "title": "argument of perihelion", "units": "deg", "name": "w", "sigma": 0.000360919416131087}, {"label": "i", "units": "deg", "title": "inclination", "value": "10.55947039052619", "sigma": 0.0001142721727355, "name": "i"}], "data": [["3.835526969836059E-12", "-6.59452926543393E-12", "9.636713452619283E-11", "-2.781338104057002E-11", "6.579619377004928E-10", "6.679096694966494E-11"], ["-6.59452926543393E-12", "1.13382526874358E-11", "-1.675923308435435E-10", "4.803463385708951E-11", "-1.132400908732218E-9", "-1.152462798544071E-10"], ["9.636713452619283E-11", "-1.675923308435435E-10", "4.586784565926035E-8", "-5.017312406972614E-9", "4.215881012436753E-8", "1.223639871192951E-8"], ["-2.781338104057002E-11", "4.803463385708951E-11", "-5.017312406972614E-9", "2.926776272344225E-9", "-9.590123367658824E-9", "2.241496836571962E-9"], ["6.579619377004928E-10", "-1.132400908732218E-9", "4.215881012436753E-8", "-9.590123367658824E-9", "1.30262824940405E-7", "1.392345769009893E-8"], ["6.679096694966494E-11", "-1.152462798544071E-10", "1.223639871192951E-8", "2.241496836571962E-9", "1.392345769009893E-8", "1.305812946169201E-8"]]}, "elements": [{"units": null, "value": ".5710985895696167", "title": "eccentricity", "name": "e", "sigma": "1.9727E-6", "label": "e"}, {"name": "a", "sigma": "4.1157E-8", "title": "semi-major axis", "value": "1.712429024668819", "units": "au", "label": "a"}, {"label": "q", "units": "au", "value": ".7344632239423823", "title": "perihelion distance", "name": "q", "sigma": "3.3911E-6"}, {"name": "i", "sigma": ".00011448", "units": "deg", "title": "inclination; angle with respect to x-y ecliptic plane", "value": "10.56929206206483", "label": "i"}, {"sigma": "5.4583E-5", "name": "om", "units": "deg", "value": "310.33417156226", "title": "longitude of the ascending node", "label": "node"}, {"label": "peri", "sigma": ".00036024", "name": "w", "title": "argument of perihelion", "value": "287.9692581433746", "units": "deg"}, {"sigma": "6.1873E-5", "name": "ma", "title": "mean anomaly", "value": "180.3033685465735", "units": "deg", "label": "M"}, {"label": "tp", "units": "TDB", "title": "time of perihelion passage", "value": "2461609.058953575887", "name": "tp", "sigma": ".00013241"}, {"label": "period", "name": "per", "sigma": "2.9508E-5", "value": "818.4973869442817", "title": "sidereal orbital period", "units": "d"}, {"label": "n", "units": "deg/d", "value": ".4398303595616813", "title": "mean motion", "name": "n", "sigma": "1.5857E-8"}, {"label": "Q", "name": "ad", "sigma": "6.4662E-8", "units": "au", "title": "aphelion distance", "value": "2.690394825395257"}], "epoch": "2461200.5"}