{"spkid": "50748569", "covariance": {"data": [["1.636311933131148E-13", "-3.176075001343112E-13", "-1.019003949171239E-10", "4.486515369723369E-11", "-9.256135033936058E-11", "-1.280603445586169E-12"], ["-3.176075001343112E-13", "6.172841446919561E-13", "1.995912477710924E-10", "-8.809761757169213E-11", "1.816326608646195E-10", "2.465628488394249E-12"], ["-1.019003949171239E-10", "1.995912477710924E-10", "6.897284131295568E-8", "-3.183080655530327E-8", "6.499098455441168E-8", "7.312456646145233E-10"], ["4.486515369723369E-11", "-8.809761757169213E-11", "-3.183080655530327E-8", "6.93061511531123E-8", "-8.48370793800576E-8", "-2.220972221028501E-9"], ["-9.256135033936058E-11", "1.816326608646195E-10", "6.499098455441168E-8", "-8.48370793800576E-8", "1.166053130707849E-7", "2.541301476100502E-9"], ["-1.280603445586169E-12", "2.465628488394249E-12", "7.312456646145233E-10", "-2.220972221028501E-9", "2.541301476100502E-9", "1.004483306463279E-10"]], "elements": [{"value": ".3946700424249602", "title": "eccentricity", "units": null, "sigma": 4.04513526736888e-07, "name": "e", "label": "e"}, {"label": "q", "units": "au", "title": "perihelion distance", "value": ".9080678643161552", "name": "q", "sigma": 7.85674324826742e-07}, {"name": "tp", "sigma": 0.000262626809966073, "title": "time of perihelion passage", "value": "2458072.946423550758", "units": "TDB", "label": "tp"}, {"label": "node", "sigma": 0.000263260614511765, "name": "om", "units": "deg", "title": "longitude of the ascending node", "value": "249.2112871311312"}, {"label": "peri", "title": "argument of perihelion", "value": "206.6961401383864", "units": "deg", "sigma": 0.000341475201253012, "name": "w"}, {"label": "i", "title": "inclination", "value": "5.475365318944314", "units": "deg", "sigma": 1.00223914634347e-05, "name": "i"}], "labels": ["e", "q", "tp", "node", "peri", "i"], "epoch": "2457780.5"}, "elements": [{"value": ".3946083895214944", "title": "eccentricity", "units": null, "name": "e", "sigma": "4.0606E-7", "label": "e"}, {"sigma": "3.0044E-7", "name": "a", "units": "au", "title": "semi-major axis", "value": "1.500163384590147", "label": "a"}, {"label": "q", "value": ".908186327377915", "title": "perihelion distance", "units": "au", "sigma": "7.8932E-7", "name": "q"}, {"label": "i", "title": "inclination; angle with respect to x-y ecliptic plane", "value": "5.475222063134726", "units": "deg", "sigma": "1.0024E-5", "name": "i"}, {"sigma": ".00026349", "name": "om", "value": "249.1427636536301", "title": "longitude of the ascending node", "units": "deg", "label": "node"}, {"units": "deg", "value": "206.8163792690717", "title": "argument of perihelion", "name": "w", "sigma": ".00034212", "label": "peri"}, {"name": "ma", "sigma": ".0006403", "units": "deg", "value": "237.5599738833878", "title": "mean anomaly", "label": "M"}, {"label": "tp", "name": "tp", "sigma": ".0012622", "units": "TDB", "title": "time of perihelion passage", "value": "2461428.758616908570"}, {"label": "period", "sigma": ".00020161", "name": "per", "units": "d", "value": "671.1294067254064", "title": "sidereal orbital period"}, {"label": "n", "name": "n", "sigma": "1.6114E-7", "title": "mean motion", "value": ".5364092176448089", "units": "deg/d"}, {"sigma": "4.1899E-7", "name": "ad", "units": "au", "title": "aphelion distance", "value": "2.09214044180238", "label": "Q"}], "epoch": "2461200.5"}