{"spkid": "50740520", "covariance": {"labels": ["e", "q", "tp", "node", "peri", "i"], "elements": [{"units": null, "title": "eccentricity", "value": ".7662824586475773", "sigma": 5.24962313265971e-08, "name": "e", "label": "e"}, {"sigma": 7.86044623742687e-08, "name": "q", "units": "au", "title": "perihelion distance", "value": ".3348620141869465", "label": "q"}, {"label": "tp", "units": "TDB", "title": "time of perihelion passage", "value": "2457351.804017670064", "sigma": 1.3571499916537e-05, "name": "tp"}, {"units": "deg", "title": "longitude of the ascending node", "value": "125.694814588221", "sigma": 1.63101615067089e-05, "name": "om", "label": "node"}, {"title": "argument of perihelion", "value": "242.281392222938", "units": "deg", "sigma": 1.64673339425636e-05, "name": "w", "label": "peri"}, {"label": "i", "sigma": 8.24121998919627e-06, "name": "i", "value": "17.86429404739744", "title": "inclination", "units": "deg"}], "data": [["2.755854303495592E-15", "-4.104039032836272E-15", "4.451200529778748E-16", "4.615085234816294E-14", "-2.319875721760819E-13", "-1.062153566845018E-15"], ["-4.104039032836272E-15", "6.178661505147823E-15", "-3.104409034427934E-14", "-5.655275002482803E-14", "3.4992531358713E-13", "1.259716024727901E-14"], ["4.451200529778748E-16", "-3.104409034427934E-14", "1.841856099845631E-10", "-4.962050268255841E-12", "2.317469786513638E-11", "-1.511877429829704E-12"], ["4.615085234816294E-14", "-5.655275002482803E-14", "-4.962050268255841E-12", "2.660213683749274E-10", "-2.467347478630334E-10", "6.258829079025302E-11"], ["-2.319875721760819E-13", "3.4992531358713E-13", "2.317469786513638E-11", "-2.467347478630334E-10", "2.711730871759061E-10", "-5.449480657608441E-11"], ["-1.062153566845018E-15", "1.259716024727901E-14", "-1.511877429829704E-12", "6.258829079025302E-11", "-5.449480657608441E-11", "6.791770691032815E-11"]], "epoch": "2457624.5"}, "elements": [{"label": "e", "sigma": "5.2515E-8", "name": "e", "units": null, "value": ".7661261978293976", "title": "eccentricity"}, {"label": "a", "units": "au", "title": "semi-major axis", "value": "1.432681346411589", "sigma": "3.6122E-8", "name": "a"}, {"units": "au", "title": "perihelion distance", "value": ".3350666337841763", "name": "q", "sigma": "7.8548E-8", "label": "q"}, {"label": "i", "value": "17.84727457451778", "title": "inclination; angle with respect to x-y ecliptic plane", "units": "deg", "name": "i", "sigma": "8.2309E-6"}, {"units": "deg", "value": "125.533194568827", "title": "longitude of the ascending node", "name": "om", "sigma": "1.6336E-5", "label": "node"}, {"name": "w", "sigma": "1.6498E-5", "value": "242.4413035338284", "title": "argument of perihelion", "units": "deg", "label": "peri"}, {"label": "M", "value": "52.10244068328811", "title": "mean anomaly", "units": "deg", "name": "ma", "sigma": "8.3632E-5"}, {"label": "tp", "name": "tp", "sigma": ".0001421", "units": "TDB", "title": "time of perihelion passage", "value": "2461109.847788466146"}, {"label": "period", "units": "d", "value": "626.3582996152272", "title": "sidereal orbital period", "name": "per", "sigma": "2.3689E-5"}, {"name": "n", "sigma": "2.1737E-8", "value": ".574750905705486", "title": "mean motion", "units": "deg/d", "label": "n"}, {"label": "Q", "title": "aphelion distance", "value": "2.530296059039002", "units": "au", "sigma": "6.3796E-8", "name": "ad"}], "epoch": "2461200.5"}