{"spkid": "50747337", "covariance": {"labels": ["e", "q", "tp", "node", "peri", "i"], "data": [["1.733250440601109E-15", "-2.518110321540536E-15", "2.708100359482524E-13", "1.596585283987384E-13", "2.225000712747814E-13", "2.576450046075844E-14"], ["-2.518110321540536E-15", "4.544679102005266E-15", "-4.681149801267095E-13", "-2.951864879494636E-13", "-3.551195541839874E-13", "-5.219359852690682E-14"], ["2.708100359482524E-13", "-4.681149801267095E-13", "7.31905992574977E-11", "4.375792235752697E-11", "5.266523281180719E-11", "4.651358043409364E-12"], ["1.596585283987384E-13", "-2.951864879494636E-13", "4.375792235752697E-11", "1.848072346365283E-10", "-1.466845477827304E-10", "-4.640796055267268E-11"], ["2.225000712747814E-13", "-3.551195541839874E-13", "5.266523281180719E-11", "-1.466845477827304E-10", "2.448308884649945E-10", "5.266050236118291E-11"], ["2.576450046075844E-14", "-5.219359852690682E-14", "4.651358043409364E-12", "-4.640796055267268E-11", "5.266050236118291E-11", "3.909365774709203E-11"]], "elements": [{"value": ".6243240155902782", "title": "eccentricity", "units": null, "sigma": 4.16323244679073e-08, "name": "e", "label": "e"}, {"sigma": 6.7414235158498e-08, "name": "q", "title": "perihelion distance", "value": ".9147906162275551", "units": "au", "label": "q"}, {"units": "TDB", "value": "2457504.704995968464", "title": "time of perihelion passage", "name": "tp", "sigma": 8.55515045206674e-06, "label": "tp"}, {"label": "node", "name": "om", "sigma": 1.35943824661707e-05, "units": "deg", "value": "22.87780214248311", "title": "longitude of the ascending node"}, {"label": "peri", "name": "w", "sigma": 1.56470728401511e-05, "value": "198.2380457442502", "title": "argument of perihelion", "units": "deg"}, {"label": "i", "units": "deg", "title": "inclination", "value": "10.03848619374741", "name": "i", "sigma": 6.25249212291323e-06}], "epoch": "2457791.5"}, "elements": [{"label": "e", "value": ".6244045284673873", "title": "eccentricity", "units": null, "sigma": "4.2256E-8", "name": "e"}, {"value": "2.433807881907777", "title": "semi-major axis", "units": "au", "name": "a", "sigma": "1.3105E-7", "label": "a"}, {"label": "q", "name": "q", "sigma": "6.779E-8", "value": ".9141272190249411", "title": "perihelion distance", "units": "au"}, {"label": "i", "units": "deg", "title": "inclination; angle with respect to x-y ecliptic plane", "value": "10.03458880912818", "name": "i", "sigma": "6.2499E-6"}, {"label": "node", "sigma": "1.3604E-5", "name": "om", "units": "deg", "title": "longitude of the ascending node", "value": "22.84282395341665"}, {"label": "peri", "sigma": "1.5666E-5", "name": "w", "units": "deg", "value": "198.2104261772592", "title": "argument of perihelion"}, {"label": "M", "sigma": "8.0114E-5", "name": "ma", "units": "deg", "value": "239.2072688314838", "title": "mean anomaly"}, {"sigma": ".00034621", "name": "tp", "units": "TDB", "title": "time of perihelion passage", "value": "2461665.835479843982", "label": "tp"}, {"label": "period", "name": "per", "sigma": ".00011201", "title": "sidereal orbital period", "value": "1386.844813618196", "units": "d"}, {"sigma": "2.0966E-8", "name": "n", "value": ".2595820357584072", "title": "mean motion", "units": "deg/d", "label": "n"}, {"label": "Q", "title": "aphelion distance", "value": "3.953488544790614", "units": "au", "sigma": "2.1287E-7", "name": "ad"}], "epoch": "2461200.5"}