{"spkid": "50745055", "covariance": {"labels": ["e", "q", "tp", "node", "peri", "i"], "data": [["1.30434621743085E-12", "-1.182821145613371E-12", "1.564470792956038E-10", "1.133175015897012E-11", "8.168836439735381E-11", "1.04876355358886E-10"], ["-1.182821145613371E-12", "1.072632989296514E-12", "-1.41830736505856E-10", "-1.028141450761476E-11", "-7.406141598513972E-11", "-9.513496811285015E-11"], ["1.564470792956038E-10", "-1.41830736505856E-10", "1.893982859470652E-8", "1.404322554081139E-9", "9.83342330678446E-9", "1.250740270541735E-8"], ["1.133175015897012E-11", "-1.028141450761476E-11", "1.404322554081139E-9", "2.210677917683271E-10", "6.287863923901901E-10", "9.93221141146021E-10"], ["8.168836439735381E-11", "-7.406141598513972E-11", "9.83342330678446E-9", "6.287863923901901E-10", "5.208125296472327E-9", "6.478008622787627E-9"], ["1.04876355358886E-10", "-9.513496811285015E-11", "1.250740270541735E-8", "9.93221141146021E-10", "6.478008622787627E-9", "8.666790935693939E-9"]], "elements": [{"label": "e", "sigma": 1.14207977717445e-06, "name": "e", "units": null, "title": "eccentricity", "value": ".2402547631470459"}, {"label": "q", "title": "perihelion distance", "value": ".6695403389751601", "units": "au", "name": "q", "sigma": 1.03567996470749e-06}, {"label": "tp", "sigma": 0.000137622049812908, "name": "tp", "value": "2458259.284828892602", "title": "time of perihelion passage", "units": "TDB"}, {"name": "om", "sigma": 1.48683486564019e-05, "title": "longitude of the ascending node", "value": "153.8033084555363", "units": "deg", "label": "node"}, {"sigma": 7.21673423126578e-05, "name": "w", "units": "deg", "title": "argument of perihelion", "value": "231.2111660142598", "label": "peri"}, {"name": "i", "sigma": 9.30956010544749e-05, "value": "13.98402931613477", "title": "inclination", "units": "deg", "label": "i"}], "epoch": "2458182.5"}, "elements": [{"label": "e", "title": "eccentricity", "value": ".2405181051549012", "units": null, "sigma": "1.1339E-6", "name": "e"}, {"units": "au", "value": ".881479386519855", "title": "semi-major axis", "sigma": "4.1559E-8", "name": "a", "label": "a"}, {"label": "q", "sigma": "1.0309E-6", "name": "q", "title": "perihelion distance", "value": ".6694676347409947", "units": "au"}, {"label": "i", "title": "inclination; angle with respect to x-y ecliptic plane", "value": "13.98453145106104", "units": "deg", "sigma": "9.3162E-5", "name": "i"}, {"units": "deg", "value": "153.7114324753453", "title": "longitude of the ascending node", "name": "om", "sigma": "1.5831E-5", "label": "node"}, {"sigma": "7.2853E-5", "name": "w", "units": "deg", "title": "argument of perihelion", "value": "231.2058272300814", "label": "peri"}, {"title": "mean anomaly", "value": "263.2877995306271", "units": "deg", "sigma": "9.465E-5", "name": "ma", "label": "M"}, {"value": "2461281.707367465806", "title": "time of perihelion passage", "units": "TDB", "name": "tp", "sigma": "8.488E-5", "label": "tp"}, {"title": "sidereal orbital period", "value": "302.2850493092452", "units": "d", "name": "per", "sigma": "2.1377E-5", "label": "period"}, {"units": "deg/d", "title": "mean motion", "value": "1.19092889583074", "name": "n", "sigma": "8.4222E-8", "label": "n"}, {"label": "Q", "name": "ad", "sigma": "5.1554E-8", "title": "aphelion distance", "value": "1.093491138298715", "units": "au"}], "epoch": "2461200.5"}