{"spkid": "50753942", "covariance": {"epoch": "2458340.5", "labels": ["e", "q", "tp", "node", "peri", "i"], "elements": [{"sigma": 2.86186706315549e-06, "name": "e", "units": null, "value": ".8590539994493209", "title": "eccentricity", "label": "e"}, {"label": "q", "sigma": 4.91380968171208e-06, "name": "q", "value": ".2440664712544516", "title": "perihelion distance", "units": "au"}, {"sigma": 7.91013054918919e-05, "name": "tp", "units": "TDB", "title": "time of perihelion passage", "value": "2458435.640008123442", "label": "tp"}, {"units": "deg", "title": "longitude of the ascending node", "value": "91.80303079619753", "sigma": 3.50597676976818e-05, "name": "om", "label": "node"}, {"label": "peri", "sigma": 0.000494805833064977, "name": "w", "value": "317.5966882656647", "title": "argument of perihelion", "units": "deg"}, {"label": "i", "value": "15.06074663624027", "title": "inclination", "units": "deg", "sigma": 9.63919166591478e-05, "name": "i"}], "data": [["8.190283087174209E-12", "-1.406263087572794E-11", "-2.809660471536391E-11", "4.144251233027033E-11", "1.412999365170085E-9", "1.111737830759158E-10"], ["-1.406263087572794E-11", "2.414552558808741E-11", "4.913863265434258E-11", "-7.097957101698175E-11", "-2.425921836348979E-9", "-1.909250236320365E-10"], ["-2.809660471536391E-11", "4.913863265434258E-11", "6.257016530521614E-9", "1.108450742342461E-9", "-3.477094875882716E-9", "-8.914860708551874E-10"], ["4.144251233027033E-11", "-7.097957101698175E-11", "1.108450742342461E-9", "1.229187311015411E-9", "6.786417259700387E-9", "1.345800881871096E-9"], ["1.412999365170085E-9", "-2.425921836348979E-9", "-3.477094875882716E-9", "6.786417259700387E-9", "2.448328124351254E-7", "1.815270602871061E-8"], ["1.111737830759158E-10", "-1.909250236320365E-10", "-8.914860708551874E-10", "1.345800881871096E-9", "1.815270602871061E-8", "9.291401597224099E-9"]]}, "elements": [{"units": null, "value": ".8586984478441643", "title": "eccentricity", "sigma": "2.8556E-6", "name": "e", "label": "e"}, {"name": "a", "sigma": "3.1932E-7", "units": "au", "value": "1.731671602070159", "title": "semi-major axis", "label": "a"}, {"label": "q", "title": "perihelion distance", "value": ".2446878851966961", "units": "au", "sigma": "4.9013E-6", "name": "q"}, {"sigma": "9.6576E-5", "name": "i", "units": "deg", "title": "inclination; angle with respect to x-y ecliptic plane", "value": "15.07301294365313", "label": "i"}, {"label": "node", "units": "deg", "title": "longitude of the ascending node", "value": "91.74089469504388", "name": "om", "sigma": "3.4889E-5"}, {"label": "peri", "name": "w", "sigma": ".00049566", "units": "deg", "value": "317.6633136845799", "title": "argument of perihelion"}, {"name": "ma", "sigma": ".00033831", "units": "deg", "title": "mean anomaly", "value": "115.7350412849428", "label": "M"}, {"label": "tp", "name": "tp", "sigma": ".00070862", "title": "time of perihelion passage", "value": "2460932.916642076154", "units": "TDB"}, {"label": "period", "sigma": ".00023022", "name": "per", "units": "d", "value": "832.3322632720854", "title": "sidereal orbital period"}, {"label": "n", "name": "n", "sigma": "1.1963E-7", "title": "mean motion", "value": ".4325195788815863", "units": "deg/d"}, {"sigma": "5.9351E-7", "name": "ad", "value": "3.218655318943621", "title": "aphelion distance", "units": "au", "label": "Q"}], "epoch": "2461200.5"}