{"spkid": "50755135", "covariance": {"epoch": "2457860.5", "data": [["1.347338588663901E-14", "-3.166756731389993E-14", "-7.355318155282024E-13", "-1.758548432674176E-12", "3.42917778405633E-12", "-1.305800283157848E-13"], ["-3.166756731389993E-14", "7.556076060936266E-14", "-1.268204996875139E-12", "3.851653564069468E-12", "-8.930992465807268E-12", "-3.513457286761552E-14"], ["-7.355318155282024E-13", "-1.268204996875139E-12", "9.42899884938537E-9", "8.640880034211904E-11", "3.558516513875943E-9", "1.069409404591851E-9"], ["-1.758548432674176E-12", "3.851653564069468E-12", "8.640880034211904E-11", "2.749303475340384E-9", "-2.6879925162517E-9", "-1.221931343406419E-10"], ["3.42917778405633E-12", "-8.930992465807268E-12", "3.558516513875943E-9", "-2.6879925162517E-9", "4.522489934333866E-9", "4.955088217323551E-10"], ["-1.305800283157848E-13", "-3.513457286761552E-14", "1.069409404591851E-9", "-1.221931343406419E-10", "4.955088217323551E-10", "2.984347746231946E-10"]], "elements": [{"label": "e", "value": ".5738855529335264", "title": "eccentricity", "units": null, "name": "e", "sigma": 1.16074914975799e-07}, {"label": "q", "sigma": 2.7488317629379e-07, "name": "q", "units": "au", "title": "perihelion distance", "value": "1.047524344732563"}, {"units": "TDB", "title": "time of perihelion passage", "value": "2457661.277858754076", "sigma": 9.71030321328092e-05, "name": "tp", "label": "tp"}, {"name": "om", "sigma": 5.24338008858826e-05, "title": "longitude of the ascending node", "value": "151.4158801760386", "units": "deg", "label": "node"}, {"label": "peri", "units": "deg", "value": "182.3516766060104", "title": "argument of perihelion", "name": "w", "sigma": 6.72494604761545e-05}, {"label": "i", "sigma": 1.72752648206386e-05, "name": "i", "value": "26.99259220807175", "title": "inclination", "units": "deg"}], "labels": ["e", "q", "tp", "node", "peri", "i"]}, "elements": [{"name": "e", "sigma": "1.1581E-7", "title": "eccentricity", "value": ".5750776461547837", "units": null, "label": "e"}, {"title": "semi-major axis", "value": "2.456588424308633", "units": "au", "sigma": "8.337E-8", "name": "a", "label": "a"}, {"title": "perihelion distance", "value": "1.043859335686135", "units": "au", "sigma": "2.7362E-7", "name": "q", "label": "q"}, {"label": "i", "sigma": "1.7218E-5", "name": "i", "units": "deg", "title": "inclination; angle with respect to x-y ecliptic plane", "value": "27.05386235497923"}, {"value": "151.3294902486329", "title": "longitude of the ascending node", "units": "deg", "sigma": "5.2313E-5", "name": "om", "label": "node"}, {"label": "peri", "name": "w", "sigma": "6.6976E-5", "units": "deg", "title": "argument of perihelion", "value": "182.3783454424762"}, {"label": "M", "value": "185.0921588874379", "title": "mean anomaly", "units": "deg", "sigma": "2.715E-5", "name": "ma"}, {"label": "tp", "sigma": ".00013831", "name": "tp", "units": "TDB", "title": "time of perihelion passage", "value": "2461883.788021071522"}, {"label": "period", "title": "sidereal orbital period", "value": "1406.361693227034", "units": "d", "sigma": "7.1592E-5", "name": "per"}, {"label": "n", "name": "n", "sigma": "1.3031E-8", "units": "deg/d", "title": "mean motion", "value": ".2559796684833934"}, {"name": "ad", "sigma": "1.3131E-7", "units": "au", "title": "aphelion distance", "value": "3.869317512931131", "label": "Q"}], "epoch": "2461200.5"}