{"spkid": "50757311", "covariance": {"epoch": "2458350.5", "labels": ["e", "q", "tp", "node", "peri", "i"], "data": [["3.426465665810157E-16", "-8.885511460171592E-16", "1.688728902562855E-13", "-1.974429543578642E-13", "3.137100799942849E-13", "7.831397920111475E-15"], ["-8.885511460171592E-16", "2.361824252825497E-15", "-5.441455117569643E-13", "6.18781920449951E-13", "-9.694607405962245E-13", "-1.717582341260186E-14"], ["1.688728902562855E-13", "-5.441455117569643E-13", "4.061298615107366E-10", "-4.05419335422763E-10", "6.235097213230844E-10", "-5.126488646439768E-12"], ["-1.974429543578642E-13", "6.18781920449951E-13", "-4.05419335422763E-10", "2.03153691167104E-9", "-2.218655603020242E-9", "1.235599960418768E-11"], ["3.137100799942849E-13", "-9.694607405962245E-13", "6.235097213230844E-10", "-2.218655603020242E-9", "2.543479465927467E-9", "-1.399695697432299E-11"], ["7.831397920111475E-15", "-1.717582341260186E-14", "-5.126488646439768E-12", "1.235599960418768E-11", "-1.399695697432299E-11", "3.627405042644638E-11"]], "elements": [{"label": "e", "name": "e", "sigma": 1.85107149127476e-08, "title": "eccentricity", "value": ".6197834592577451", "units": null}, {"sigma": 4.8598603404064e-08, "name": "q", "value": ".9356447356075565", "title": "perihelion distance", "units": "au", "label": "q"}, {"label": "tp", "units": "TDB", "title": "time of perihelion passage", "value": "2457694.107528551102", "sigma": 2.01526638812524e-05, "name": "tp"}, {"label": "node", "units": "deg", "title": "longitude of the ascending node", "value": "344.2689408797303", "name": "om", "sigma": 4.50725738301136e-05}, {"label": "peri", "value": "55.81071629233765", "title": "argument of perihelion", "units": "deg", "sigma": 5.04329204580447e-05, "name": "w"}, {"sigma": 6.02279423743219e-06, "name": "i", "value": "3.591266736901325", "title": "inclination", "units": "deg", "label": "i"}]}, "elements": [{"title": "eccentricity", "value": ".6171108167849577", "units": null, "sigma": "1.8046E-8", "name": "e", "label": "e"}, {"label": "a", "units": "au", "title": "semi-major axis", "value": "2.461980177867564", "sigma": "2.1065E-8", "name": "a"}, {"value": ".9426655793953362", "title": "perihelion distance", "units": "au", "name": "q", "sigma": "4.7343E-8", "label": "q"}, {"label": "i", "name": "i", "sigma": "6.0021E-6", "title": "inclination; angle with respect to x-y ecliptic plane", "value": "3.575102373932445", "units": "deg"}, {"units": "deg", "value": "343.5146132032015", "title": "longitude of the ascending node", "name": "om", "sigma": "4.5516E-5", "label": "node"}, {"units": "deg", "title": "argument of perihelion", "value": "56.5797512528962", "sigma": "5.1043E-5", "name": "w", "label": "peri"}, {"sigma": "7.9112E-6", "name": "ma", "units": "deg", "title": "mean anomaly", "value": "174.1635830203777", "label": "M"}, {"label": "tp", "name": "tp", "sigma": "2.3304E-5", "units": "TDB", "title": "time of perihelion passage", "value": "2460517.878276772462"}, {"label": "period", "units": "d", "title": "sidereal orbital period", "value": "1410.994285373429", "sigma": "1.8109E-5", "name": "per"}, {"units": "deg/d", "value": ".2551392331859967", "title": "mean motion", "sigma": "3.2746E-9", "name": "n", "label": "n"}, {"label": "Q", "name": "ad", "sigma": "3.4065E-8", "units": "au", "title": "aphelion distance", "value": "3.981294776339793"}], "epoch": "2461200.5"}