{"spkid": "50754305", "covariance": {"epoch": "2457878.5", "labels": ["e", "q", "tp", "node", "peri", "i"], "data": [["5.978735276128345E-13", "-6.039193883707247E-13", "3.138620567626096E-11", "1.935392504587894E-12", "-4.077555835691886E-11", "1.252838389154361E-11"], ["-6.039193883707247E-13", "6.101909966491709E-13", "-3.174269932163932E-11", "-1.963347713810872E-12", "4.12010666508971E-11", "-1.263109113177632E-11"], ["3.138620567626096E-11", "-3.174269932163932E-11", "1.747440632041882E-9", "1.219410980458956E-10", "-2.114055333191435E-9", "6.169789767321351E-10"], ["1.935392504587894E-12", "-1.963347713810872E-12", "1.219410980458956E-10", "7.032788133568465E-10", "-8.083920486403268E-10", "7.015751420056441E-10"], ["-4.077555835691886E-11", "4.12010666508971E-11", "-2.114055333191435E-9", "-8.083920486403268E-10", "3.467570661620962E-9", "-1.522880848883648E-9"], ["1.252838389154361E-11", "-1.263109113177632E-11", "6.169789767321351E-10", "7.015751420056441E-10", "-1.522880848883648E-9", "1.05698472850716E-9"]], "elements": [{"sigma": 7.73222818864546e-07, "name": "e", "title": "eccentricity", "value": ".6104791004121909", "units": null, "label": "e"}, {"label": "q", "title": "perihelion distance", "value": ".3998726942894837", "units": "au", "name": "q", "sigma": 7.81147231096143e-07}, {"label": "tp", "sigma": 4.18023998359171e-05, "name": "tp", "units": "TDB", "value": "2457827.576824491845", "title": "time of perihelion passage"}, {"units": "deg", "value": "231.9251722255218", "title": "longitude of the ascending node", "sigma": 2.65194044683671e-05, "name": "om", "label": "node"}, {"name": "w", "sigma": 5.8886082070562e-05, "value": "235.1484853500643", "title": "argument of perihelion", "units": "deg", "label": "peri"}, {"label": "i", "sigma": 3.25113015504941e-05, "name": "i", "value": "10.44589964238301", "title": "inclination", "units": "deg"}]}, "elements": [{"title": "eccentricity", "value": ".6106094672093576", "units": null, "name": "e", "sigma": "7.7332E-7", "label": "e"}, {"label": "a", "sigma": "4.7464E-8", "name": "a", "units": "au", "value": "1.026275127798907", "title": "semi-major axis"}, {"label": "q", "units": "au", "title": "perihelion distance", "value": ".3996218188034009", "name": "q", "sigma": "7.8027E-7"}, {"value": "10.44111467959908", "title": "inclination; angle with respect to x-y ecliptic plane", "units": "deg", "sigma": "3.2496E-5", "name": "i", "label": "i"}, {"label": "node", "name": "om", "sigma": "2.66E-5", "units": "deg", "title": "longitude of the ascending node", "value": "231.8488843261095"}, {"label": "peri", "value": "235.2206118141653", "title": "argument of perihelion", "units": "deg", "sigma": "5.8811E-5", "name": "w"}, {"sigma": ".00025088", "name": "ma", "units": "deg", "title": "mean anomaly", "value": "317.4233381603613", "label": "M"}, {"name": "tp", "sigma": ".00026774", "units": "TDB", "value": "2461245.412087345544", "title": "time of perihelion passage", "label": "tp"}, {"label": "period", "title": "sidereal orbital period", "value": "379.7468083639952", "units": "d", "sigma": "2.6344E-5", "name": "per"}, {"sigma": "6.5766E-8", "name": "n", "units": "deg/d", "value": ".9480000676001272", "title": "mean motion", "label": "n"}, {"label": "Q", "name": "ad", "sigma": "7.6446E-8", "value": "1.652928436794412", "title": "aphelion distance", "units": "au"}], "epoch": "2461200.5"}