{"spkid": "50755370", "covariance": {"epoch": "2458731.5", "data": [["1.365278969041341E-12", "3.19383177384493E-13", "2.650066849820261E-10", "-4.539905865925452E-12", "2.835903462905079E-10", "2.96424121542719E-11", "-3.419159330799796E-16", "2.152258261628052E-19", "1.021090285855352E-17"], ["3.19383177384493E-13", "7.944418835426523E-14", "6.036921372992252E-11", "-1.236482684261613E-12", "6.474198368139309E-11", "7.30618265593114E-12", "-8.075165007530521E-17", "5.109336409429277E-20", "2.321753642908027E-18"], ["2.650066849820261E-10", "6.036921372992252E-11", "5.316245734547174E-8", "-8.593880289389509E-10", "5.676177383337265E-8", "5.816563459230085E-9", "-6.610448403301607E-14", "4.24300264010973E-17", "2.054881864500332E-15"], ["-4.539905865925452E-12", "-1.236482684261613E-12", "-8.593880289389509E-10", "1.94667707928971E-10", "-1.091901451935544E-9", "-6.739238111893225E-11", "1.165380315220341E-15", "-7.396259872248976E-19", "8.558352354216954E-17"], ["2.835903462905079E-10", "6.474198368139309E-11", "5.676177383337265E-8", "-1.091901451935544E-9", "6.078408727880782E-8", "6.171085403229808E-9", "-7.076282386170375E-14", "4.538022727928156E-17", "2.076085394305946E-15"], ["2.96424121542719E-11", "7.30618265593114E-12", "5.816563459230085E-9", "-6.739238111893225E-11", "6.171085403229808E-9", "7.636534098684848E-10", "-7.483990349161049E-15", "4.929385698047352E-18", "2.381285728837816E-16"], ["-3.419159330799796E-16", "-8.075165007530521E-17", "-6.610448403301607E-14", "1.165380315220341E-15", "-7.076282386170375E-14", "-7.483990349161049E-15", "8.57525024555865E-20", "-5.401921503803201E-23", "-2.545883204433545E-21"], ["2.152258261628052E-19", "5.109336409429277E-20", "4.24300264010973E-17", "-7.396259872248976E-19", "4.538022727928156E-17", "4.929385698047352E-18", "-5.401921503803201E-23", "3.643644892566669E-26", "1.690258569873691E-24"], ["1.021090285855352E-17", "2.321753642908027E-18", "2.054881864500332E-15", "8.558352354216954E-17", "2.076085394305946E-15", "2.381285728837816E-16", "-2.545883204433545E-21", "1.690258569873691E-24", "2.628103541408207E-22"]], "elements": [{"units": null, "value": ".2084519986586554", "title": "eccentricity", "name": "e", "sigma": 1.16845152618384e-06, "label": "e"}, {"label": "q", "units": "au", "value": "1.038296452588833", "title": "perihelion distance", "sigma": 2.81858454466538e-07, "name": "q"}, {"sigma": 0.000230569853505335, "name": "tp", "title": "time of perihelion passage", "value": "2458691.831945120956", "units": "TDB", "label": "tp"}, {"label": "node", "value": "279.6817391224282", "title": "longitude of the ascending node", "units": "deg", "name": "om", "sigma": 1.39523370059991e-05}, {"label": "peri", "name": "w", "sigma": 0.000246544290704141, "units": "deg", "value": "24.07032646782658", "title": "argument of perihelion"}, {"title": "inclination", "value": "6.640499343268522", "units": "deg", "name": "i", "sigma": 2.76342796155153e-05, "label": "i"}], "labels": ["e", "q", "tp", "node", "peri", "i", "A1", "A2", "A3"]}, "elements": [{"units": null, "value": ".2099895743561496", "title": "eccentricity", "name": "e", "sigma": "5.6243E-7", "label": "e"}, {"label": "a", "units": "au", "title": "semi-major axis", "value": "1.314508350622172", "sigma": "1.3245E-6", "name": "a"}, {"units": "au", "title": "perihelion distance", "value": "1.038475301587418", "sigma": "1.7842E-6", "name": "q", "label": "q"}, {"label": "i", "units": "deg", "title": "inclination; angle with respect to x-y ecliptic plane", "value": "6.619681269649745", "name": "i", "sigma": "2.3589E-5"}, {"units": "deg", "value": "279.4307800820562", "title": "longitude of the ascending node", "sigma": "1.3657E-5", "name": "om", "label": "node"}, {"units": "deg", "value": "24.48275533347982", "title": "argument of perihelion", "name": "w", "sigma": "4.962E-5", "label": "peri"}, {"value": "203.6855140358769", "title": "mean anomaly", "units": "deg", "name": "ma", "sigma": "3.8317E-5", "label": "M"}, {"units": "TDB", "title": "time of perihelion passage", "value": "2461439.523266373762", "sigma": ".00033906", "name": "tp", "label": "tp"}, {"title": "sidereal orbital period", "value": "550.4824160334318", "units": "d", "sigma": ".00083199", "name": "per", "label": "period"}, {"label": "n", "name": "n", "sigma": "9.8841E-7", "title": "mean motion", "value": ".6539718427230137", "units": "deg/d"}, {"label": "Q", "name": "ad", "sigma": "1.6026E-6", "units": "au", "value": "1.590541399656927", "title": "aphelion distance"}], "epoch": "2461200.5"}