{"spkid": "50752035", "covariance": {"epoch": "2458431.5", "labels": ["e", "q", "tp", "node", "peri", "i", "A1", "A2", "A3"], "data": [["8.343964240765498E-15", "-1.877160067889229E-14", "3.558712146274134E-12", "-1.571670351903677E-12", "5.982847425708159E-12", "7.866178749101327E-14", "3.803696085574027E-18", "-7.872467613861202E-22", "2.719465968469685E-19"], ["-1.877160067889229E-14", "7.578832877111416E-14", "-9.364435077533185E-12", "4.507430070069611E-12", "-2.063865187067771E-11", "-2.577431328023428E-13", "-1.927099704828714E-17", "3.65360509956841E-21", "-8.095775838781537E-19"], ["3.558712146274134E-12", "-9.364435077533185E-12", "1.5923519307238E-9", "-7.235800592191842E-10", "2.873905908676771E-9", "4.063414353676046E-11", "2.055628922608718E-15", "-4.004525366136438E-19", "1.274368887937284E-16"], ["-1.571670351903677E-12", "4.507430070069611E-12", "-7.235800592191842E-10", "1.359045112257386E-9", "-2.380190794370602E-9", "-8.771827404227265E-11", "-1.024879644415443E-15", "3.196710560460427E-19", "-2.275117419412614E-16"], ["5.982847425708159E-12", "-2.063865187067771E-11", "2.873905908676771E-9", "-2.380190794370602E-9", "6.897930758584899E-9", "1.471498017566342E-10", "5.017265487495697E-15", "-1.069837341882334E-18", "4.104988197939096E-16"], ["7.866178749101327E-14", "-2.577431328023428E-13", "4.063414353676046E-11", "-8.771827404227265E-11", "1.471498017566342E-10", "1.470071582352134E-11", "6.148285338114226E-17", "-1.907489396904849E-20", "8.978626994267651E-18"], ["3.803696085574027E-18", "-1.927099704828714E-17", "2.055628922608718E-15", "-1.024879644415443E-15", "5.017265487495697E-15", "6.148285338114226E-17", "5.154516008585196E-21", "-9.600199514692074E-25", "1.868029014949838E-22"], ["-7.872467613861202E-22", "3.65360509956841E-21", "-4.004525366136438E-19", "3.196710560460427E-19", "-1.069837341882334E-18", "-1.907489396904849E-20", "-9.600199514692074E-25", "3.111368589275486E-28", "-6.093307053329241E-26"], ["2.719465968469685E-19", "-8.095775838781537E-19", "1.274368887937284E-16", "-2.275117419412614E-16", "4.104988197939096E-16", "8.978626994267651E-18", "1.868029014949838E-22", "-6.093307053329241E-26", "4.399610017330592E-23"]], "elements": [{"label": "e", "value": ".2683242095175431", "title": "eccentricity", "units": null, "name": "e", "sigma": 9.13453022369815e-08}, {"label": "q", "name": "q", "sigma": 2.75296801236618e-07, "value": ".6050537829549231", "title": "perihelion distance", "units": "au"}, {"sigma": 3.99042846161136e-05, "name": "tp", "units": "TDB", "value": "2458473.716856432417", "title": "time of perihelion passage", "label": "tp"}, {"name": "om", "sigma": 3.68652290411627e-05, "units": "deg", "title": "longitude of the ascending node", "value": "33.87652628749603", "label": "node"}, {"label": "peri", "sigma": 8.30537823255804e-05, "name": "w", "title": "argument of perihelion", "value": "8.224290621625105", "units": "deg"}, {"label": "i", "value": "3.651508853335715", "title": "inclination", "units": "deg", "name": "i", "sigma": 3.83415125204019e-06}]}, "elements": [{"label": "e", "sigma": "1.1623E-7", "name": "e", "units": null, "value": ".2667979401047085", "title": "eccentricity"}, {"label": "a", "sigma": "3.8036E-7", "name": "a", "units": "au", "title": "semi-major axis", "value": ".8280581688421442"}, {"label": "q", "units": "au", "title": "perihelion distance", "value": ".6071339551081832", "name": "q", "sigma": "2.1467E-7"}, {"label": "i", "name": "i", "sigma": "1.0056E-5", "value": "3.760609109768254", "title": "inclination; angle with respect to x-y ecliptic plane", "units": "deg"}, {"label": "node", "units": "deg", "title": "longitude of the ascending node", "value": "33.04976946959108", "name": "om", "sigma": "7.0674E-5"}, {"label": "peri", "sigma": ".00010267", "name": "w", "title": "argument of perihelion", "value": "8.864368410261179", "units": "deg"}, {"sigma": "5.9676E-5", "name": "ma", "units": "deg", "title": "mean anomaly", "value": "332.0687195108316", "label": "M"}, {"label": "tp", "units": "TDB", "title": "time of perihelion passage", "value": "2461221.853941124018", "sigma": "3.5845E-5", "name": "tp"}, {"name": "per", "sigma": ".00018963", "value": "275.2261503953427", "title": "sidereal orbital period", "units": "d", "label": "period"}, {"sigma": "9.0123E-7", "name": "n", "units": "deg/d", "value": "1.308015243038809", "title": "mean motion", "label": "n"}, {"label": "Q", "name": "ad", "sigma": "4.8184E-7", "title": "aphelion distance", "value": "1.048982382576105", "units": "au"}], "epoch": "2461200.5"}