{"spkid": "50757421", "covariance": {"labels": ["e", "q", "tp", "node", "peri", "i"], "elements": [{"sigma": 2.13195130286129e-07, "name": "e", "value": ".5360114004713845", "title": "eccentricity", "units": null, "label": "e"}, {"label": "q", "units": "au", "title": "perihelion distance", "value": ".7713061128435929", "sigma": 3.09195478447175e-07, "name": "q"}, {"title": "time of perihelion passage", "value": "2457714.385695916487", "units": "TDB", "sigma": 0.000114784126730896, "name": "tp", "label": "tp"}, {"name": "om", "sigma": 0.000190292279027661, "units": "deg", "title": "longitude of the ascending node", "value": "18.31106858483704", "label": "node"}, {"label": "peri", "name": "w", "sigma": 0.000169237878405239, "value": "53.67990192788253", "title": "argument of perihelion", "units": "deg"}, {"label": "i", "sigma": 1.8575520352913e-05, "name": "i", "units": "deg", "title": "inclination", "value": "7.857650275074677"}], "data": [["4.545216357771931E-14", "-6.449003247700146E-14", "-8.173458846318538E-12", "-7.835455231105607E-12", "8.889915877237231E-12", "2.48379064555151E-13"], ["-6.449003247700146E-14", "9.560184389217776E-14", "7.373792587748723E-12", "7.54731179984302E-12", "-1.162105442390252E-11", "-4.416918198633345E-13"], ["-8.173458846318538E-12", "7.373792587748723E-12", "1.317539574937435E-8", "1.157223691396873E-8", "-5.315396443972703E-9", "2.074378140268831E-10"], ["-7.835455231105607E-12", "7.54731179984302E-12", "1.157223691396873E-8", "3.62111514575411E-8", "-3.061498297179642E-8", "-2.633656034565427E-9"], ["8.889915877237231E-12", "-1.162105442390252E-11", "-5.315396443972703E-9", "-3.061498297179642E-8", "2.86414594871063E-8", "2.756713339176559E-9"], ["2.48379064555151E-13", "-4.416918198633345E-13", "2.074378140268831E-10", "-2.633656034565427E-9", "2.756713339176559E-9", "3.450499563814864E-10"]], "epoch": "2457630.5"}, "elements": [{"name": "e", "sigma": "2.1321E-7", "value": ".5360996681684072", "title": "eccentricity", "units": null, "label": "e"}, {"label": "a", "units": "au", "value": "1.662647533837762", "title": "semi-major axis", "name": "a", "sigma": "1.753E-7"}, {"label": "q", "units": "au", "value": ".771302742666317", "title": "perihelion distance", "sigma": "3.0937E-7", "name": "q"}, {"units": "deg", "title": "inclination; angle with respect to x-y ecliptic plane", "value": "7.847829079390355", "sigma": "1.8565E-5", "name": "i", "label": "i"}, {"label": "node", "units": "deg", "value": "18.17205472435826", "title": "longitude of the ascending node", "name": "om", "sigma": ".00019062"}, {"label": "peri", "title": "argument of perihelion", "value": "53.85710465644833", "units": "deg", "sigma": ".00016952", "name": "w"}, {"label": "M", "sigma": ".00022459", "name": "ma", "units": "deg", "value": "162.645179805891", "title": "mean anomaly"}, {"sigma": ".00043355", "name": "tp", "title": "time of perihelion passage", "value": "2460846.716632234189", "units": "TDB", "label": "tp"}, {"label": "period", "title": "sidereal orbital period", "value": "783.0666272907214", "units": "d", "name": "per", "sigma": ".00012384"}, {"title": "mean motion", "value": ".459730995363114", "units": "deg/d", "sigma": "7.2706E-8", "name": "n", "label": "n"}, {"units": "au", "title": "aphelion distance", "value": "2.553992325009206", "sigma": "2.6927E-7", "name": "ad", "label": "Q"}], "epoch": "2461200.5"}