{"spkid": "50753663", "covariance": {"epoch": "2458519.5", "elements": [{"name": "e", "sigma": 1.98434797612426e-07, "title": "eccentricity", "value": ".5192947093636249", "units": null, "label": "e"}, {"label": "q", "sigma": 2.59689916161557e-07, "name": "q", "units": "au", "value": ".6259255413996835", "title": "perihelion distance"}, {"label": "tp", "sigma": 5.95959999233105e-06, "name": "tp", "units": "TDB", "value": "2458543.571986104088", "title": "time of perihelion passage"}, {"sigma": 1.34922521435638e-05, "name": "om", "units": "deg", "title": "longitude of the ascending node", "value": "208.3156727665686", "label": "node"}, {"label": "peri", "value": "269.2167546597314", "title": "argument of perihelion", "units": "deg", "name": "w", "sigma": 3.12038893915088e-05}, {"value": "24.24140621494526", "title": "inclination", "units": "deg", "sigma": 1.80038289670053e-05, "name": "i", "label": "i"}], "data": [["3.937636890348428E-14", "-5.152974296649469E-14", "9.239749119571496E-13", "1.040263534253144E-12", "-5.837062300635756E-12", "2.333865816181453E-12"], ["-5.152974296649469E-14", "6.743885255599667E-14", "-1.208087718944727E-12", "-1.365079855671836E-12", "7.643348411616677E-12", "-3.060926529918482E-12"], ["9.239749119571496E-13", "-1.208087718944727E-12", "3.551683206859228E-11", "3.423774696869352E-11", "-1.327890720221045E-10", "5.024863468673681E-11"], ["1.040263534253144E-12", "-1.365079855671836E-12", "3.423774696869352E-11", "1.820408679055025E-10", "-2.755346633536781E-10", "1.947431460749234E-10"], ["-5.837062300635756E-12", "7.643348411616677E-12", "-1.327890720221045E-10", "-2.755346633536781E-10", "9.73682713157514E-10", "-4.649898332490796E-10"], ["2.333865816181453E-12", "-3.060926529918482E-12", "5.024863468673681E-11", "1.947431460749234E-10", "-4.649898332490796E-10", "3.241378574731802E-10"]], "labels": ["e", "q", "tp", "node", "peri", "i"]}, "elements": [{"label": "e", "value": ".5195016700838676", "title": "eccentricity", "units": null, "sigma": "1.984E-7", "name": "e"}, {"label": "a", "value": "1.302400593306448", "title": "semi-major axis", "units": "au", "sigma": "4.918E-9", "name": "a"}, {"name": "q", "sigma": "2.5964E-7", "units": "au", "title": "perihelion distance", "value": ".6258013099655284", "label": "q"}, {"label": "i", "name": "i", "sigma": "1.7989E-5", "title": "inclination; angle with respect to x-y ecliptic plane", "value": "24.23438358751585", "units": "deg"}, {"label": "node", "title": "longitude of the ascending node", "value": "208.2267422456485", "units": "deg", "sigma": "1.3509E-5", "name": "om"}, {"label": "peri", "units": "deg", "value": "269.3096987079421", "title": "argument of perihelion", "name": "w", "sigma": "3.1218E-5"}, {"title": "mean anomaly", "value": "321.529878874254", "units": "deg", "name": "ma", "sigma": "9.7487E-6", "label": "M"}, {"label": "tp", "value": "2461258.514473855724", "title": "time of perihelion passage", "units": "TDB", "sigma": "1.5008E-5", "name": "tp"}, {"label": "period", "units": "d", "title": "sidereal orbital period", "value": "542.8943288167434", "name": "per", "sigma": "3.075E-6"}, {"label": "n", "sigma": "3.756E-9", "name": "n", "title": "mean motion", "value": ".6631124712329051", "units": "deg/d"}, {"name": "ad", "sigma": "7.4729E-9", "title": "aphelion distance", "value": "1.978999876647368", "units": "au", "label": "Q"}], "epoch": "2461200.5"}