{"spkid": "50753878", "covariance": {"labels": ["e", "q", "tp", "node", "peri", "i"], "elements": [{"label": "e", "units": null, "value": ".345916699413586", "title": "eccentricity", "name": "e", "sigma": 1.5680696378742e-06}, {"sigma": 2.13152328008747e-06, "name": "q", "units": "au", "value": ".8969973871746607", "title": "perihelion distance", "label": "q"}, {"value": "2458071.233254883030", "title": "time of perihelion passage", "units": "TDB", "name": "tp", "sigma": 0.000294666576778755, "label": "tp"}, {"name": "om", "sigma": 2.21155693511846e-05, "units": "deg", "title": "longitude of the ascending node", "value": "255.2148217252419", "label": "node"}, {"label": "peri", "units": "deg", "value": "295.9336890776846", "title": "argument of perihelion", "sigma": 0.000406866849581347, "name": "w"}, {"name": "i", "sigma": 4.56874373679706e-05, "units": "deg", "title": "inclination", "value": "11.75329050205456", "label": "i"}], "data": [["2.458842389222909E-12", "-3.34230360739462E-12", "-4.408496875940854E-10", "-7.651400142717535E-13", "-6.332859264983876E-10", "5.489981839466778E-11"], ["-3.34230360739462E-12", "4.543391493554855E-12", "5.980141815386079E-10", "9.243967226586444E-13", "8.602017445892958E-10", "-7.448051050807334E-11"], ["-4.408496875940854E-10", "5.980141815386079E-10", "8.682839147050975E-8", "8.621165636802827E-10", "1.175043002143731E-7", "-1.074905336675581E-8"], ["-7.651400142717535E-13", "9.243967226586444E-13", "8.621165636802827E-10", "4.890984077270539E-10", "1.575945532167891E-10", "3.233577265910033E-10"], ["-6.332859264983876E-10", "8.602017445892958E-10", "1.175043002143731E-7", "1.575945532167891E-10", "1.655406332882501E-7", "-1.500633115884914E-8"], ["5.489981839466778E-11", "-7.448051050807334E-11", "-1.074905336675581E-8", "3.233577265910033E-10", "-1.500633115884914E-8", "2.087341933252233E-9"]], "epoch": "2457850.5"}, "elements": [{"label": "e", "name": "e", "sigma": "1.5648E-6", "units": null, "value": ".3461475899532035", "title": "eccentricity"}, {"units": "au", "value": "1.372498763950165", "title": "semi-major axis", "name": "a", "sigma": "2.6959E-8", "label": "a"}, {"label": "q", "sigma": "2.1331E-6", "name": "q", "units": "au", "value": ".8974116245950645", "title": "perihelion distance"}, {"label": "i", "name": "i", "sigma": "4.5719E-5", "value": "11.75542328042098", "title": "inclination; angle with respect to x-y ecliptic plane", "units": "deg"}, {"name": "om", "sigma": "2.2136E-5", "units": "deg", "value": "255.1407410643858", "title": "longitude of the ascending node", "label": "node"}, {"name": "w", "sigma": ".00040733", "title": "argument of perihelion", "value": "296.09717601092", "units": "deg", "label": "peri"}, {"label": "M", "units": "deg", "value": "119.8208498336552", "title": "mean anomaly", "sigma": ".00011821", "name": "ma"}, {"units": "TDB", "title": "time of perihelion passage", "value": "2461005.022730223662", "name": "tp", "sigma": ".00019797", "label": "tp"}, {"title": "sidereal orbital period", "value": "587.3086129599099", "units": "d", "sigma": "1.7304E-5", "name": "per", "label": "period"}, {"name": "n", "sigma": "1.806E-8", "units": "deg/d", "title": "mean motion", "value": ".6129656403056597", "label": "n"}, {"title": "aphelion distance", "value": "1.847585903305265", "units": "au", "sigma": "3.6291E-8", "name": "ad", "label": "Q"}], "epoch": "2461200.5"}