{"spkid": "50752480", "covariance": {"epoch": "2458164.5", "elements": [{"value": ".36152918771695", "title": "eccentricity", "units": null, "name": "e", "sigma": 9.3023413485667e-09, "label": "e"}, {"name": "q", "sigma": 1.46299288907219e-08, "title": "perihelion distance", "value": "1.015351274221788", "units": "au", "label": "q"}, {"units": "TDB", "value": "2458254.825934914786", "title": "time of perihelion passage", "sigma": 1.60351903866504e-05, "name": "tp", "label": "tp"}, {"value": "51.13158366655626", "title": "longitude of the ascending node", "units": "deg", "name": "om", "sigma": 5.56545474395688e-06, "label": "node"}, {"label": "peri", "units": "deg", "value": "184.5689115680337", "title": "argument of perihelion", "sigma": 2.31878488551073e-05, "name": "w"}, {"label": "i", "name": "i", "sigma": 4.87866251541736e-06, "title": "inclination", "value": "3.927917908030855", "units": "deg"}], "data": [["8.653355456525372E-17", "-1.359245985251682E-16", "1.464193600286001E-13", "-4.166478233514282E-14", "2.074386670570182E-13", "3.869554198955658E-14"], ["-1.359245985251682E-16", "2.140348193475787E-16", "-2.307347300408343E-13", "6.671666010805942E-14", "-3.280858558334066E-13", "-6.16184538839368E-14"], ["1.464193600286001E-13", "-2.307347300408343E-13", "2.571273307361247E-10", "-7.699461068137083E-11", "3.682209408149735E-10", "6.26274079995167E-11"], ["-4.166478233514282E-14", "6.671666010805942E-14", "-7.699461068137083E-11", "3.097428650703213E-11", "-1.193080974092342E-10", "-2.213658955781568E-11"], ["2.074386670570182E-13", "-3.280858558334066E-13", "3.682209408149735E-10", "-1.193080974092342E-10", "5.376763345273025E-10", "9.395469757290409E-11"], ["3.869554198955658E-14", "-6.16184538839368E-14", "6.26274079995167E-11", "-2.213658955781568E-11", "9.395469757290409E-11", "2.380134793933841E-11"]], "labels": ["e", "q", "tp", "node", "peri", "i"]}, "elements": [{"label": "e", "units": null, "value": ".3561511347314489", "title": "eccentricity", "name": "e", "sigma": "9.1288E-9"}, {"label": "a", "title": "semi-major axis", "value": "1.575839612596405", "units": "au", "sigma": "4.5728E-9", "name": "a"}, {"sigma": "1.7234E-8", "name": "q", "title": "perihelion distance", "value": "1.014602546415429", "units": "au", "label": "q"}, {"label": "i", "units": "deg", "value": "3.917228179618817", "title": "inclination; angle with respect to x-y ecliptic plane", "sigma": "4.521E-6", "name": "i"}, {"units": "deg", "value": "50.68041927798348", "title": "longitude of the ascending node", "sigma": "5.3279E-6", "name": "om", "label": "node"}, {"label": "peri", "sigma": "2.3756E-5", "name": "w", "title": "argument of perihelion", "value": "186.5667404725443", "units": "deg"}, {"name": "ma", "sigma": "3.1386E-6", "units": "deg", "title": "mean anomaly", "value": "22.48634838817643", "label": "M"}, {"title": "time of perihelion passage", "value": "2461155.368176489090", "units": "TDB", "sigma": "6.4366E-6", "name": "tp", "label": "tp"}, {"sigma": "3.145E-6", "name": "per", "title": "sidereal orbital period", "value": "722.5475734633102", "units": "d", "label": "period"}, {"name": "n", "sigma": "2.1687E-9", "title": "mean motion", "value": ".4982370894617366", "units": "deg/d", "label": "n"}, {"label": "Q", "sigma": "6.2014E-9", "name": "ad", "value": "2.137076678777382", "title": "aphelion distance", "units": "au"}], "epoch": "2461200.5"}