{"spkid": "50753646", "covariance": {"epoch": "2457636.5", "labels": ["e", "q", "tp", "node", "peri", "i"], "elements": [{"sigma": 7.48990849479008e-07, "name": "e", "units": null, "value": ".146080779169189", "title": "eccentricity", "label": "e"}, {"label": "q", "units": "au", "value": ".8637405815567987", "title": "perihelion distance", "sigma": 7.63587586856782e-07, "name": "q"}, {"value": "2457453.700685945032", "title": "time of perihelion passage", "units": "TDB", "name": "tp", "sigma": 6.10891883307859e-05, "label": "tp"}, {"label": "node", "name": "om", "sigma": 2.89877782760643e-06, "value": "72.96710913515595", "title": "longitude of the ascending node", "units": "deg"}, {"sigma": 3.33059701538232e-05, "name": "w", "units": "deg", "title": "argument of perihelion", "value": "76.3563395293", "label": "peri"}, {"label": "i", "sigma": 8.49019095486814e-05, "name": "i", "units": "deg", "value": "32.18502288878619", "title": "inclination"}], "data": [["5.609872926032865E-13", "-5.714460705087923E-13", "4.459783277866393E-11", "-1.305896160435492E-12", "-2.141497894044266E-11", "3.981877809666378E-11"], ["-5.714460705087923E-13", "5.830660028017633E-13", "-4.510529965518345E-11", "1.331248935863168E-12", "2.225985673581027E-11", "-4.069168653424653E-11"], ["4.459783277866393E-11", "-4.510529965518345E-11", "3.731888930914225E-9", "-9.670328408779881E-11", "-1.473361206920005E-9", "2.735293848347512E-9"], ["-1.305896160435492E-12", "1.331248935863168E-12", "-9.670328408779881E-11", "8.40291289382264E-12", "5.300768885743066E-11", "-1.940179631783717E-10"], ["-2.141497894044266E-11", "2.225985673581027E-11", "-1.473361206920005E-9", "5.300768885743066E-11", "1.109287647887364E-9", "-1.936466222968737E-9"], ["3.981877809666378E-11", "-4.069168653424653E-11", "2.735293848347512E-9", "-1.940179631783717E-10", "-1.936466222968737E-9", "7.208334245012475E-9"]]}, "elements": [{"value": ".1460902573731481", "title": "eccentricity", "units": null, "name": "e", "sigma": "7.4981E-7", "label": "e"}, {"label": "a", "name": "a", "sigma": "3.4885E-8", "value": "1.011914625777372", "title": "semi-major axis", "units": "au"}, {"sigma": "7.6592E-7", "name": "q", "title": "perihelion distance", "value": ".864083757657903", "units": "au", "label": "q"}, {"name": "i", "sigma": "8.4902E-5", "title": "inclination; angle with respect to x-y ecliptic plane", "value": "32.18089059161333", "units": "deg", "label": "i"}, {"sigma": "2.8364E-6", "name": "om", "title": "longitude of the ascending node", "value": "72.93775365760075", "units": "deg", "label": "node"}, {"title": "argument of perihelion", "value": "76.529643831", "units": "deg", "name": "w", "sigma": "3.3866E-5", "label": "peri"}, {"label": "M", "title": "mean anomaly", "value": "28.0143211695928", "units": "deg", "name": "ma", "sigma": ".00019973"}, {"label": "tp", "units": "TDB", "value": "2461171.567108460942", "title": "time of perihelion passage", "sigma": ".00020486", "name": "tp"}, {"label": "period", "name": "per", "sigma": "1.9227E-5", "title": "sidereal orbital period", "value": "371.8041529903727", "units": "d"}, {"name": "n", "sigma": "5.007E-8", "units": "deg/d", "value": ".9682516913933494", "title": "mean motion", "label": "n"}, {"label": "Q", "units": "au", "value": "1.159745493896842", "title": "aphelion distance", "name": "ad", "sigma": "3.9982E-8"}], "epoch": "2461200.5"}