{"spkid": "50754412", "covariance": {"epoch": "2459314.5", "data": [["2.062377205432949E-14", "-1.879000009178145E-14", "6.99943131526997E-13", "1.16968916890612E-12", "-5.440630198002952E-13", "2.599053214762119E-12"], ["-1.879000009178145E-14", "1.711945901635882E-14", "-6.277597620454717E-13", "-1.0644463233637E-12", "5.028470637238342E-13", "-2.368682192458686E-12"], ["6.99943131526997E-13", "-6.277597620454717E-13", "2.335955887914801E-9", "3.284030712817619E-10", "1.724185500356593E-9", "-1.656720185638579E-10"], ["1.16968916890612E-12", "-1.0644463233637E-12", "3.284030712817619E-10", "1.2552828700133E-10", "1.641519559933022E-10", "1.055992870382771E-10"], ["-5.440630198002952E-13", "5.028470637238342E-13", "1.724185500356593E-9", "1.641519559933022E-10", "1.35089391579327E-9", "-2.510382226803839E-10"], ["2.599053214762119E-12", "-2.368682192458686E-12", "-1.656720185638579E-10", "1.055992870382771E-10", "-2.510382226803839E-10", "3.869982921311891E-10"]], "elements": [{"label": "e", "units": null, "title": "eccentricity", "value": ".1309726760236359", "sigma": 1.43609790941737e-07, "name": "e"}, {"name": "q", "sigma": 1.30841350559977e-07, "title": "perihelion distance", "value": ".8111398169902015", "units": "au", "label": "q"}, {"label": "tp", "units": "TDB", "value": "2459357.518824159561", "title": "time of perihelion passage", "sigma": 4.83317275494556e-05, "name": "tp"}, {"label": "node", "sigma": 1.12039406907271e-05, "name": "om", "value": "106.6940738054892", "title": "longitude of the ascending node", "units": "deg"}, {"label": "peri", "value": "332.8101728119341", "title": "argument of perihelion", "units": "deg", "name": "w", "sigma": 3.67545087818253e-05}, {"value": "7.209604965961096", "title": "inclination", "units": "deg", "name": "i", "sigma": 1.96722721649328e-05, "label": "i"}], "labels": ["e", "q", "tp", "node", "peri", "i"]}, "elements": [{"sigma": "1.4638E-7", "name": "e", "units": null, "title": "eccentricity", "value": ".130316972999385", "label": "e"}, {"label": "a", "units": "au", "value": ".9338270590884298", "title": "semi-major axis", "name": "a", "sigma": "8.0115E-10"}, {"name": "q", "sigma": "1.364E-7", "value": ".8121335434431078", "title": "perihelion distance", "units": "au", "label": "q"}, {"label": "i", "value": "7.218158668787838", "title": "inclination; angle with respect to x-y ecliptic plane", "units": "deg", "sigma": "1.9622E-5", "name": "i"}, {"label": "node", "units": "deg", "value": "106.462714203178", "title": "longitude of the ascending node", "name": "om", "sigma": "1.2039E-5"}, {"label": "peri", "name": "w", "sigma": "3.7511E-5", "units": "deg", "title": "argument of perihelion", "value": "332.8540905203794"}, {"sigma": "5.6417E-5", "name": "ma", "units": "deg", "title": "mean anomaly", "value": "214.2999921754109", "label": "M"}, {"units": "TDB", "title": "time of perihelion passage", "value": "2461333.899801208263", "sigma": "5.1806E-5", "name": "tp", "label": "tp"}, {"name": "per", "sigma": "4.2416E-7", "value": "329.6082762932422", "title": "sidereal orbital period", "units": "d", "label": "period"}, {"sigma": "1.4055E-9", "name": "n", "units": "deg/d", "value": "1.092205584303106", "title": "mean motion", "label": "n"}, {"units": "au", "title": "aphelion distance", "value": "1.055520574733752", "sigma": "9.0555E-10", "name": "ad", "label": "Q"}], "epoch": "2461200.5"}