{"spkid": "50753880", "covariance": {"epoch": "2458362.5", "labels": ["e", "q", "tp", "node", "peri", "i"], "elements": [{"label": "e", "sigma": 7.8195773590682e-08, "name": "e", "title": "eccentricity", "value": ".1957874184495784", "units": null}, {"sigma": 9.19046815889103e-08, "name": "q", "units": "au", "title": "perihelion distance", "value": ".8890937325218231", "label": "q"}, {"label": "tp", "value": "2458304.969781091063", "title": "time of perihelion passage", "units": "TDB", "sigma": 2.72789633776926e-05, "name": "tp"}, {"title": "longitude of the ascending node", "value": "123.013514405665", "units": "deg", "sigma": 5.30475611966691e-05, "name": "om", "label": "node"}, {"units": "deg", "title": "argument of perihelion", "value": "32.75621317019016", "sigma": 6.87476664189537e-05, "name": "w", "label": "peri"}, {"label": "i", "value": "4.866816912893495", "title": "inclination", "units": "deg", "sigma": 3.38235047528608e-06, "name": "i"}], "data": [["6.114579007445193E-15", "-7.184423815244664E-15", "-3.465397378225101E-13", "2.780402625637152E-13", "-8.168662145764848E-13", "-1.432568171453207E-14"], ["-7.184423815244664E-15", "8.446470497958981E-15", "4.551261891387169E-13", "-3.868551809607205E-13", "1.056760653115369E-12", "1.766206405178415E-14"], ["-3.465397378225101E-13", "4.551261891387169E-13", "7.441418429614963E-10", "-8.780838637384602E-10", "1.483426643992797E-9", "4.869290265352275E-12"], ["2.780402625637152E-13", "-3.868551809607205E-13", "-8.780838637384602E-10", "2.814043748914351E-9", "-3.516888677892192E-9", "-1.114161958042646E-10"], ["-8.168662145764848E-13", "1.056760653115369E-12", "1.483426643992797E-9", "-3.516888677892192E-9", "4.726241638051729E-9", "1.149005609611195E-10"], ["-1.432568171453207E-14", "1.766206405178415E-14", "4.869290265352275E-12", "-1.114161958042646E-10", "1.149005609611195E-10", "1.144029473766798E-11"]]}, "elements": [{"label": "e", "units": null, "title": "eccentricity", "value": ".1959070209053906", "sigma": "7.8293E-8", "name": "e"}, {"sigma": "6.8682E-9", "name": "a", "units": "au", "value": "1.105532652160544", "title": "semi-major axis", "label": "a"}, {"label": "q", "units": "au", "value": ".8889510437621363", "title": "perihelion distance", "name": "q", "sigma": "9.1762E-8"}, {"name": "i", "sigma": "3.3837E-6", "units": "deg", "title": "inclination; angle with respect to x-y ecliptic plane", "value": "4.866717994876189", "label": "i"}, {"name": "om", "sigma": "5.3106E-5", "units": "deg", "title": "longitude of the ascending node", "value": "122.898814229769", "label": "node"}, {"label": "peri", "value": "32.71467963305094", "title": "argument of perihelion", "units": "deg", "name": "w", "sigma": "6.8883E-5"}, {"name": "ma", "sigma": "3.9509E-5", "title": "mean anomaly", "value": "295.1466820354401", "units": "deg", "label": "M"}, {"sigma": "4.7193E-5", "name": "tp", "value": "2461276.986623107050", "title": "time of perihelion passage", "units": "TDB", "label": "tp"}, {"value": "424.5763390792913", "title": "sidereal orbital period", "units": "d", "name": "per", "sigma": "3.9566E-6", "label": "period"}, {"sigma": "7.9015E-9", "name": "n", "units": "deg/d", "value": ".8479040560307074", "title": "mean motion", "label": "n"}, {"label": "Q", "units": "au", "title": "aphelion distance", "value": "1.322114260558951", "sigma": "8.2137E-9", "name": "ad"}], "epoch": "2461200.5"}