{"spkid": "50757434", "covariance": {"labels": ["e", "q", "tp", "node", "peri", "i"], "elements": [{"value": ".7862418155078418", "title": "eccentricity", "units": null, "name": "e", "sigma": 4.30237699369558e-08, "label": "e"}, {"label": "q", "name": "q", "sigma": 9.78326946944613e-08, "units": "au", "title": "perihelion distance", "value": ".4848801744599134"}, {"label": "tp", "sigma": 4.14835009919109e-05, "name": "tp", "value": "2458787.239698575505", "title": "time of perihelion passage", "units": "TDB"}, {"name": "om", "sigma": 7.92416414833306e-05, "units": "deg", "title": "longitude of the ascending node", "value": "79.74573722756169", "label": "node"}, {"name": "w", "sigma": 7.66875641131548e-05, "units": "deg", "value": "118.2457396323589", "title": "argument of perihelion", "label": "peri"}, {"name": "i", "sigma": 6.05267025725597e-06, "value": "4.241659413950052", "title": "inclination", "units": "deg", "label": "i"}], "data": [["1.8510447795881E-15", "-4.207657366700451E-15", "1.500201597538385E-12", "7.436154562006661E-13", "-2.992029664501874E-13", "-1.006598066806032E-13"], ["-4.207657366700451E-15", "9.571236151179679E-15", "-3.385220919513633E-12", "-1.68545711391123E-12", "6.760418241635168E-13", "2.297373321160165E-13"], ["1.500201597538385E-12", "-3.385220919513633E-12", "1.720880854545872E-9", "8.563002543130354E-10", "-3.35706110084669E-10", "-1.034649038256604E-10"], ["7.436154562006661E-13", "-1.68545711391123E-12", "8.563002543130354E-10", "6.279237744972703E-9", "-5.990186170139957E-9", "8.197912415244353E-11"], ["-2.992029664501874E-13", "6.760418241635168E-13", "-3.35706110084669E-10", "-5.990186170139957E-9", "5.880982489609233E-9", "-1.149051396565845E-10"], ["-1.006598066806032E-13", "2.297373321160165E-13", "-1.034649038256604E-10", "8.197912415244353E-11", "-1.149051396565845E-10", "3.663481724307099E-11"]], "epoch": "2458992.5"}, "elements": [{"units": null, "title": "eccentricity", "value": ".7865219834221585", "name": "e", "sigma": "4.2325E-8", "label": "e"}, {"label": "a", "sigma": "1.165E-8", "name": "a", "units": "au", "value": "2.268244845415996", "title": "semi-major axis"}, {"label": "q", "sigma": "9.5975E-8", "name": "q", "value": ".4842204107123196", "title": "perihelion distance", "units": "au"}, {"name": "i", "sigma": "6.0598E-6", "title": "inclination; angle with respect to x-y ecliptic plane", "value": "4.245276457267535", "units": "deg", "label": "i"}, {"title": "longitude of the ascending node", "value": "79.66710555453378", "units": "deg", "sigma": "7.9126E-5", "name": "om", "label": "node"}, {"sigma": "7.656E-5", "name": "w", "units": "deg", "value": "118.3002078426894", "title": "argument of perihelion", "label": "peri"}, {"sigma": "1.4265E-5", "name": "ma", "value": "336.7960031757534", "title": "mean anomaly", "units": "deg", "label": "M"}, {"label": "tp", "title": "time of perihelion passage", "value": "2461280.925472744865", "units": "TDB", "name": "tp", "sigma": "4.9838E-5"}, {"label": "period", "sigma": "9.613E-6", "name": "per", "value": "1247.766512271597", "title": "sidereal orbital period", "units": "d"}, {"name": "n", "sigma": "2.2228E-9", "units": "deg/d", "title": "mean motion", "value": ".2885155166927897", "label": "n"}, {"name": "ad", "sigma": "2.0813E-8", "title": "aphelion distance", "value": "4.052269280119673", "units": "au", "label": "Q"}], "epoch": "2461200.5"}