{"spkid": "50757069", "covariance": {"data": [["1.602451241495377E-12", "-2.173806207783795E-12", "-7.167856248672094E-10", "1.235963479693567E-10", "-4.004346417899601E-10", "-2.32895669242334E-11"], ["-2.173806207783795E-12", "2.948995562246071E-12", "9.719320891179769E-10", "-1.675377059441698E-10", "5.427937719787926E-10", "3.16792394605218E-11"], ["-7.167856248672094E-10", "9.719320891179769E-10", "3.221999324939757E-7", "-5.575595888662425E-8", "1.806803184071586E-7", "1.00938680696269E-8"], ["1.235963479693567E-10", "-1.675377059441698E-10", "-5.575595888662425E-8", "1.240078484803157E-8", "-3.407472395322616E-8", "-2.016839158043726E-9"], ["-4.004346417899601E-10", "5.427937719787926E-10", "1.806803184071586E-7", "-3.407472395322616E-8", "1.043403359214397E-7", "5.81316927092688E-9"], ["-2.32895669242334E-11", "3.16792394605218E-11", "1.00938680696269E-8", "-2.016839158043726E-9", "5.81316927092688E-9", "4.619868878850893E-10"]], "elements": [{"sigma": 1.26587963151928e-06, "name": "e", "title": "eccentricity", "value": ".5057378310058933", "units": null, "label": "e"}, {"units": "au", "value": ".8103219726245697", "title": "perihelion distance", "name": "q", "sigma": 1.71726397570265e-06, "label": "q"}, {"units": "TDB", "value": "2457677.725797310007", "title": "time of perihelion passage", "sigma": 0.000567626578389328, "name": "tp", "label": "tp"}, {"label": "node", "name": "om", "sigma": 0.000111358811272533, "units": "deg", "value": "310.7507671416848", "title": "longitude of the ascending node"}, {"label": "peri", "sigma": 0.000323017547389364, "name": "w", "value": "88.9044676176002", "title": "argument of perihelion", "units": "deg"}, {"label": "i", "units": "deg", "title": "inclination", "value": "2.788434521803551", "sigma": 2.14938802426432e-05, "name": "i"}], "labels": ["e", "q", "tp", "node", "peri", "i"], "epoch": "2457942.5"}, "elements": [{"label": "e", "name": "e", "sigma": "1.2584E-6", "units": null, "value": ".5059681349931626", "title": "eccentricity"}, {"label": "a", "units": "au", "title": "semi-major axis", "value": "1.640997437036672", "sigma": "7.0121E-7", "name": "a"}, {"label": "q", "name": "q", "sigma": "1.7188E-6", "units": "au", "title": "perihelion distance", "value": ".8107050242906674"}, {"label": "i", "title": "inclination; angle with respect to x-y ecliptic plane", "value": "2.800488144156911", "units": "deg", "name": "i", "sigma": "2.1387E-5"}, {"label": "node", "name": "om", "sigma": ".00010926", "value": "310.4070815941164", "title": "longitude of the ascending node", "units": "deg"}, {"title": "argument of perihelion", "value": "89.36205968449063", "units": "deg", "sigma": ".00032055", "name": "w", "label": "peri"}, {"label": "M", "value": "211.9081935049929", "title": "mean anomaly", "units": "deg", "name": "ma", "sigma": ".0008176"}, {"label": "tp", "units": "TDB", "title": "time of perihelion passage", "value": "2461516.355767242244", "sigma": ".0019462", "name": "tp"}, {"units": "d", "value": "767.8215216521215", "title": "sidereal orbital period", "name": "per", "sigma": ".00049215", "label": "period"}, {"label": "n", "units": "deg/d", "title": "mean motion", "value": ".4688589598600831", "name": "n", "sigma": "3.0052E-7"}, {"value": "2.471289849782677", "title": "aphelion distance", "units": "au", "sigma": "1.056E-6", "name": "ad", "label": "Q"}], "epoch": "2461200.5"}