{"spkid": "50754402", "covariance": {"epoch": "2457659.5", "data": [["3.065887874134133E-11", "-2.732914222824069E-11", "3.450883516450913E-9", "-1.994497661924161E-10", "9.181019363795937E-10", "7.395092517050387E-10"], ["-2.732914222824069E-11", "2.436155443310173E-11", "-3.067007090780369E-9", "2.056059391455184E-10", "-8.394304971353859E-10", "-6.571633804977519E-10"], ["3.450883516450913E-9", "-3.067007090780369E-9", "5.655202796569744E-7", "5.273988809163501E-7", "-3.140587496118105E-7", "1.238552083735009E-7"], ["-1.994497661924161E-10", "2.056059391455184E-10", "5.273988809163501E-7", "1.764171670395804E-6", "-1.357152529848896E-6", "1.303512797110078E-7"], ["9.181019363795937E-10", "-8.394304971353859E-10", "-3.140587496118105E-7", "-1.357152529848896E-6", "1.066055401373201E-6", "-8.256780595540638E-8"], ["7.395092517050387E-10", "-6.571633804977519E-10", "1.238552083735009E-7", "1.303512797110078E-7", "-8.256780595540638E-8", "2.866930199980896E-8"]], "elements": [{"label": "e", "sigma": 5.53704603027114e-06, "name": "e", "units": null, "value": ".3355064604880653", "title": "eccentricity"}, {"label": "q", "value": ".5866463478746524", "title": "perihelion distance", "units": "au", "sigma": 4.93574254120915e-06, "name": "q"}, {"label": "tp", "sigma": 0.000752010824162109, "name": "tp", "units": "TDB", "value": "2457777.304681544317", "title": "time of perihelion passage"}, {"label": "node", "units": "deg", "title": "longitude of the ascending node", "value": "249.581233280766", "name": "om", "sigma": 0.00132822124301481}, {"value": "247.2235987031207", "title": "argument of perihelion", "units": "deg", "name": "w", "sigma": 0.00103249958904263, "label": "peri"}, {"label": "i", "sigma": 0.000169320116937737, "name": "i", "units": "deg", "value": "6.511399761995434", "title": "inclination"}], "labels": ["e", "q", "tp", "node", "peri", "i"]}, "elements": [{"title": "eccentricity", "value": ".3356240368343562", "units": null, "sigma": "5.6209E-6", "name": "e", "label": "e"}, {"label": "a", "name": "a", "sigma": "6.8699E-8", "units": "au", "title": "semi-major axis", "value": ".8830294764859178"}, {"label": "q", "name": "q", "sigma": "5.004E-6", "units": "au", "title": "perihelion distance", "value": ".5866635589439859"}, {"name": "i", "sigma": ".00015875", "units": "deg", "value": "6.52053671637485", "title": "inclination; angle with respect to x-y ecliptic plane", "label": "i"}, {"label": "node", "name": "om", "sigma": ".0013319", "units": "deg", "title": "longitude of the ascending node", "value": "249.4683453446367"}, {"name": "w", "sigma": ".0010309", "value": "247.1679898078273", "title": "argument of perihelion", "units": "deg", "label": "peri"}, {"title": "mean anomaly", "value": "107.1112019736787", "units": "deg", "sigma": ".00075051", "name": "ma", "label": "M"}, {"label": "tp", "value": "2461110.323449041416", "title": "time of perihelion passage", "units": "TDB", "name": "tp", "sigma": ".00063128"}, {"label": "period", "value": "303.0827564895387", "title": "sidereal orbital period", "units": "d", "name": "per", "sigma": "3.537E-5"}, {"label": "n", "name": "n", "sigma": "1.3861E-7", "units": "deg/d", "title": "mean motion", "value": "1.187794397047547"}, {"label": "Q", "units": "au", "title": "aphelion distance", "value": "1.17939539402785", "name": "ad", "sigma": "9.1756E-8"}], "epoch": "2461200.5"}