{"spkid": "50766614", "covariance": {"epoch": "2458750.5", "data": [["1.111454274516409E-14", "-1.060170659204411E-14", "-4.167368782655986E-13", "2.182289745546728E-12", "-2.338863376895965E-12", "-3.822981865758039E-14"], ["-1.060170659204411E-14", "1.011293424565417E-14", "3.958552735434357E-13", "-2.071599526968395E-12", "2.219456292823955E-12", "3.613499304971626E-14"], ["-4.167368782655986E-13", "3.958552735434357E-13", "3.164146124198865E-11", "-2.388752678286576E-10", "2.598764117286889E-10", "3.142909803385401E-13"], ["2.182289745546728E-12", "-2.071599526968395E-12", "-2.388752678286576E-10", "6.668154805484268E-9", "-6.823257249621721E-9", "6.812759587362253E-11"], ["-2.338863376895965E-12", "2.219456292823955E-12", "2.598764117286889E-10", "-6.823257249621721E-9", "6.995215990695518E-9", "-6.83743170410195E-11"], ["-3.822981865758039E-14", "3.613499304971626E-14", "3.142909803385401E-13", "6.812759587362253E-11", "-6.83743170410195E-11", "1.974057690417127E-12"]], "elements": [{"label": "e", "value": ".2511548733604422", "title": "eccentricity", "units": null, "sigma": 1.05425531751868e-07, "name": "e"}, {"units": "au", "title": "perihelion distance", "value": ".7635823133091807", "name": "q", "sigma": 1.00563085899619e-07, "label": "q"}, {"value": "2458616.178278471279", "title": "time of perihelion passage", "units": "TDB", "sigma": 5.62507433213008e-06, "name": "tp", "label": "tp"}, {"label": "node", "name": "om", "sigma": 8.16587705362031e-05, "units": "deg", "value": "75.53860005709824", "title": "longitude of the ascending node"}, {"units": "deg", "value": "159.2297161690902", "title": "argument of perihelion", "name": "w", "sigma": 8.36374078429952e-05, "label": "peri"}, {"units": "deg", "title": "inclination", "value": "1.504429814096861", "sigma": 1.40501163355224e-06, "name": "i", "label": "i"}], "labels": ["e", "q", "tp", "node", "peri", "i"]}, "elements": [{"units": null, "value": ".2514156851515237", "title": "eccentricity", "sigma": "1.041E-7", "name": "e", "label": "e"}, {"label": "a", "name": "a", "sigma": "7.2672E-9", "units": "au", "title": "semi-major axis", "value": "1.019637156586383"}, {"name": "q", "sigma": "1.0071E-7", "value": ".7632843822572662", "title": "perihelion distance", "units": "au", "label": "q"}, {"units": "deg", "title": "inclination; angle with respect to x-y ecliptic plane", "value": "1.495902630073171", "sigma": "1.4128E-6", "name": "i", "label": "i"}, {"label": "node", "sigma": "8.2874E-5", "name": "om", "units": "deg", "title": "longitude of the ascending node", "value": "74.80795513637889"}, {"label": "peri", "value": "159.9889693372287", "title": "argument of perihelion", "units": "deg", "name": "w", "sigma": "8.4683E-5"}, {"label": "M", "sigma": "2.6778E-5", "name": "ma", "units": "deg", "value": "315.0170798698674", "title": "mean anomaly"}, {"label": "tp", "title": "time of perihelion passage", "value": "2461247.490714737229", "units": "TDB", "name": "tp", "sigma": "2.8468E-5"}, {"label": "period", "sigma": "4.0205E-6", "name": "per", "units": "d", "title": "sidereal orbital period", "value": "376.0684556819299"}, {"sigma": "1.0234E-8", "name": "n", "units": "deg/d", "title": "mean motion", "value": ".9572725246184429", "label": "n"}, {"title": "aphelion distance", "value": "1.2759899309155", "units": "au", "sigma": "9.0942E-9", "name": "ad", "label": "Q"}], "epoch": "2461200.5"}