{"spkid": "50766317", "covariance": {"epoch": "2458653.5", "labels": ["e", "q", "tp", "node", "peri", "i"], "elements": [{"label": "e", "title": "eccentricity", "value": ".6397320597186316", "units": null, "sigma": 4.33990948484686e-07, "name": "e"}, {"label": "q", "title": "perihelion distance", "value": ".6641982724923323", "units": "au", "sigma": 8.00815798771341e-07, "name": "q"}, {"label": "tp", "title": "time of perihelion passage", "value": "2458620.312233572715", "units": "TDB", "name": "tp", "sigma": 1.60384136459972e-05}, {"label": "node", "sigma": 0.000123016194588466, "name": "om", "value": "269.4021444922781", "title": "longitude of the ascending node", "units": "deg"}, {"units": "deg", "title": "argument of perihelion", "value": "107.5592576667129", "name": "w", "sigma": 0.000184342135645431, "label": "peri"}, {"units": "deg", "value": "9.497525218434394", "title": "inclination", "name": "i", "sigma": 5.73574214519997e-05, "label": "i"}], "data": [["1.883481433666377E-13", "-3.475465189950602E-13", "3.367049973775909E-12", "4.295222683144888E-11", "-7.493899888385314E-11", "1.81879466275331E-11"], ["-3.475465189950602E-13", "6.413059435617817E-13", "-6.225080749890298E-12", "-7.927468662943729E-11", "1.382839457090746E-10", "-3.355389941167844E-11"], ["3.367049973775909E-12", "-6.225080749890298E-12", "2.572307122801096E-10", "1.307035484112767E-9", "-1.653577270775636E-9", "3.806981575453226E-10"], ["4.295222683144888E-11", "-7.927468662943729E-11", "1.307035484112767E-9", "1.513298413102728E-8", "-2.171052065583574E-8", "6.690281266298913E-9"], ["-7.493899888385314E-11", "1.382839457090746E-10", "-1.653577270775636E-9", "-2.171052065583574E-8", "3.398202297431842E-8", "-9.654853426075637E-9"], ["1.81879466275331E-11", "-3.355389941167844E-11", "3.806981575453226E-10", "6.690281266298913E-9", "-9.654853426075637E-9", "3.289873795622312E-9"]]}, "elements": [{"units": null, "value": ".6399307623380887", "title": "eccentricity", "sigma": "4.3436E-7", "name": "e", "label": "e"}, {"label": "a", "title": "semi-major axis", "value": "1.84483216624475", "units": "au", "sigma": "3.0868E-9", "name": "a"}, {"sigma": "8.0149E-7", "name": "q", "value": ".6642673117139196", "title": "perihelion distance", "units": "au", "label": "q"}, {"name": "i", "sigma": "5.7337E-5", "title": "inclination; angle with respect to x-y ecliptic plane", "value": "9.495691211860436", "units": "deg", "label": "i"}, {"sigma": ".00012321", "name": "om", "title": "longitude of the ascending node", "value": "269.3259753164559", "units": "deg", "label": "node"}, {"title": "argument of perihelion", "value": "107.6491570831304", "units": "deg", "name": "w", "sigma": ".00018444", "label": "peri"}, {"units": "deg", "title": "mean anomaly", "value": "295.4636842289013", "name": "ma", "sigma": "5.7724E-6", "label": "M"}, {"units": "TDB", "title": "time of perihelion passage", "value": "2461364.572346210965", "sigma": "1.4781E-5", "name": "tp", "label": "tp"}, {"units": "d", "value": "915.2373191777236", "title": "sidereal orbital period", "sigma": "2.297E-6", "name": "per", "label": "period"}, {"sigma": "9.872E-10", "name": "n", "units": "deg/d", "value": ".3933406040778961", "title": "mean motion", "label": "n"}, {"label": "Q", "units": "au", "value": "3.025397020775581", "title": "aphelion distance", "name": "ad", "sigma": "5.0621E-9"}], "epoch": "2461200.5"}