{"spkid": "50768042", "covariance": {"epoch": "2457871.5", "labels": ["e", "q", "tp", "node", "peri", "i"], "data": [["1.916548710879358E-15", "6.61287348974335E-17", "2.875034396260838E-14", "-6.520011393172461E-14", "1.001280739064777E-13", "-5.185573083661818E-14"], ["6.61287348974335E-17", "6.411929157499818E-17", "1.675585422967932E-14", "1.16981346343831E-14", "9.209199143841754E-15", "2.217737027660984E-15"], ["2.875034396260838E-14", "1.675585422967932E-14", "1.561679626985579E-11", "5.644111403286238E-13", "1.859997896909119E-11", "1.579287935569771E-12"], ["-6.520011393172461E-14", "1.16981346343831E-14", "5.644111403286238E-13", "8.363110075461994E-12", "-7.620354005987965E-12", "4.288771018807358E-12"], ["1.001280739064777E-13", "9.209199143841754E-15", "1.859997896909119E-11", "-7.620354005987965E-12", "3.039992926879863E-11", "-2.36796519653718E-12"], ["-5.185573083661818E-14", "2.217737027660984E-15", "1.579287935569771E-12", "4.288771018807358E-12", "-2.36796519653718E-12", "3.195735519526291E-12"]], "elements": [{"title": "eccentricity", "value": ".6091107071449484", "units": null, "name": "e", "sigma": 4.37784046177948e-08, "label": "e"}, {"title": "perihelion distance", "value": "1.016611187455357", "units": "au", "sigma": 8.00745225243324e-09, "name": "q", "label": "q"}, {"label": "tp", "title": "time of perihelion passage", "value": "2457896.135998149978", "units": "TDB", "name": "tp", "sigma": 3.95180924006407e-06}, {"label": "node", "name": "om", "sigma": 2.89190422999483e-06, "units": "deg", "title": "longitude of the ascending node", "value": "240.3786563091269"}, {"label": "peri", "value": "358.7301797966118", "title": "argument of perihelion", "units": "deg", "sigma": 5.51361308660652e-06, "name": "w"}, {"label": "i", "units": "deg", "value": "6.922519997508597", "title": "inclination", "sigma": 1.78766202609058e-06, "name": "i"}]}, "elements": [{"label": "e", "name": "e", "sigma": "5.8434E-8", "units": null, "value": ".616271720640733", "title": "eccentricity"}, {"label": "a", "sigma": "2.5929E-7", "name": "a", "units": "au", "value": "2.593235598385422", "title": "semi-major axis"}, {"sigma": "5.2935E-8", "name": "q", "title": "perihelion distance", "value": ".9950978341416372", "units": "au", "label": "q"}, {"name": "i", "sigma": "1.6836E-6", "units": "deg", "title": "inclination; angle with respect to x-y ecliptic plane", "value": "6.957756666656399", "label": "i"}, {"sigma": "3.179E-6", "name": "om", "value": "240.1043666622356", "title": "longitude of the ascending node", "units": "deg", "label": "node"}, {"units": "deg", "title": "argument of perihelion", "value": "359.2219351427648", "sigma": "6.063E-6", "name": "w", "label": "peri"}, {"label": "M", "value": "54.38663513415833", "title": "mean anomaly", "units": "deg", "sigma": ".00013162", "name": "ma"}, {"title": "time of perihelion passage", "value": "2460970.063601876434", "units": "TDB", "sigma": ".00052312", "name": "tp", "label": "tp"}, {"label": "period", "sigma": ".00022877", "name": "per", "units": "d", "title": "sidereal orbital period", "value": "1525.321489734552"}, {"label": "n", "name": "n", "sigma": "3.5398E-8", "units": "deg/d", "title": "mean motion", "value": ".2360158185817273"}, {"label": "Q", "units": "au", "value": "4.191373362629207", "title": "aphelion distance", "name": "ad", "sigma": "4.1909E-7"}], "epoch": "2461200.5"}