{"spkid": "50764886", "covariance": {"epoch": "2457065.5", "elements": [{"name": "e", "sigma": 1.08142279591419e-07, "units": null, "title": "eccentricity", "value": ".6895541354820048", "label": "e"}, {"label": "q", "sigma": 3.27304191193201e-07, "name": "q", "units": "au", "title": "perihelion distance", "value": ".8809329088075111"}, {"label": "tp", "name": "tp", "sigma": 2.78176463225941e-05, "value": "2457781.055344763060", "title": "time of perihelion passage", "units": "TDB"}, {"label": "node", "name": "om", "sigma": 3.89128783857112e-05, "units": "deg", "value": "295.1731521780018", "title": "longitude of the ascending node"}, {"label": "peri", "value": "218.5381180236901", "title": "argument of perihelion", "units": "deg", "sigma": 5.95546748839681e-05, "name": "w"}, {"name": "i", "sigma": 1.74310449212522e-05, "title": "inclination", "value": "21.49429700337031", "units": "deg", "label": "i"}], "data": [["1.169475263522863E-14", "-3.510681214538945E-14", "1.403349691713752E-12", "-1.361857513348585E-12", "4.966477348313919E-12", "6.265959744857534E-13"], ["-3.510681214538945E-14", "1.071280335726352E-13", "-5.015474786457956E-12", "3.774370549347538E-12", "-1.570365538505062E-11", "-2.177940442041524E-12"], ["1.403349691713752E-12", "-5.015474786457956E-12", "7.738214469289326E-10", "5.002840115050095E-11", "1.108152667494067E-9", "2.494268566389286E-10"], ["-1.361857513348585E-12", "3.774370549347538E-12", "5.002840115050095E-11", "1.514212104261152E-9", "-1.485453090099322E-9", "-3.491291396789717E-10"], ["4.966477348313919E-12", "-1.570365538505062E-11", "1.108152667494067E-9", "-1.485453090099322E-9", "3.546759300535142E-9", "7.346130810053106E-10"], ["6.265959744857534E-13", "-2.177940442041524E-12", "2.494268566389286E-10", "-3.491291396789717E-10", "7.346130810053106E-10", "3.038413270467112E-10"]], "labels": ["e", "q", "tp", "node", "peri", "i"]}, "elements": [{"units": null, "value": ".6899602109160131", "title": "eccentricity", "name": "e", "sigma": "1.0613E-7", "label": "e"}, {"name": "a", "sigma": "1.3464E-7", "title": "semi-major axis", "value": "2.834821998975696", "units": "au", "label": "a"}, {"name": "q", "sigma": "3.1777E-7", "title": "perihelion distance", "value": ".8789076146530708", "units": "au", "label": "q"}, {"name": "i", "sigma": "1.739E-5", "units": "deg", "title": "inclination; angle with respect to x-y ecliptic plane", "value": "21.48671144436472", "label": "i"}, {"name": "om", "sigma": "3.8964E-5", "units": "deg", "title": "longitude of the ascending node", "value": "295.1348226212951", "label": "node"}, {"units": "deg", "value": "218.5438724523241", "title": "argument of perihelion", "name": "w", "sigma": "5.9652E-5", "label": "peri"}, {"label": "M", "title": "mean anomaly", "value": "346.2097711996534", "units": "deg", "sigma": "4.8274E-5", "name": "ma"}, {"label": "tp", "name": "tp", "sigma": ".00023853", "title": "time of perihelion passage", "value": "2461267.281487666613", "units": "TDB"}, {"units": "d", "title": "sidereal orbital period", "value": "1743.360165233556", "sigma": ".0001242", "name": "per", "label": "period"}, {"name": "n", "sigma": "1.4711E-8", "units": "deg/d", "title": "mean motion", "value": ".2064977777852181", "label": "n"}, {"label": "Q", "units": "au", "title": "aphelion distance", "value": "4.790736383298321", "name": "ad", "sigma": "2.2753E-7"}], "epoch": "2461200.5"}