{"spkid": "50766458", "covariance": {"data": [["7.293488309810787E-12", "-1.024333264048447E-11", "3.044298479894499E-10", "1.145828401232384E-11", "1.320870141336107E-9", "3.510780888150197E-11"], ["-1.024333264048447E-11", "1.438624094717416E-11", "-4.275866338572532E-10", "-1.609533354310364E-11", "-1.855129699250159E-9", "-4.93647050340965E-11"], ["3.044298479894499E-10", "-4.275866338572532E-10", "1.323022589068609E-8", "5.320490723761066E-10", "5.572093886702509E-8", "2.366654836082879E-9"], ["1.145828401232384E-11", "-1.609533354310364E-11", "5.320490723761066E-10", "4.090183462294522E-11", "2.117565987920148E-9", "2.004567140636579E-10"], ["1.320870141336107E-9", "-1.855129699250159E-9", "5.572093886702509E-8", "2.117565987920148E-9", "2.398942395034746E-7", "7.33048081645479E-9"], ["3.510780888150197E-11", "-4.93647050340965E-11", "2.366654836082879E-9", "2.004567140636579E-10", "7.33048081645479E-9", "2.961372197689206E-9"]], "elements": [{"label": "e", "value": ".4354004610044253", "title": "eccentricity", "units": null, "name": "e", "sigma": 2.70064590604003e-06}, {"sigma": 3.79291984454907e-06, "name": "q", "title": "perihelion distance", "value": ".7933812043007308", "units": "au", "label": "q"}, {"name": "tp", "sigma": 0.000115022719019705, "units": "TDB", "title": "time of perihelion passage", "value": "2459032.664877946773", "label": "tp"}, {"sigma": 6.39545421553037e-06, "name": "om", "title": "longitude of the ascending node", "value": "286.7870467862252", "units": "deg", "label": "node"}, {"name": "w", "sigma": 0.000489789995307657, "units": "deg", "value": "257.1331877570659", "title": "argument of perihelion", "label": "peri"}, {"label": "i", "units": "deg", "value": "20.45691676794261", "title": "inclination", "sigma": 5.44184913213258e-05, "name": "i"}], "labels": ["e", "q", "tp", "node", "peri", "i"], "epoch": "2458735.5"}, "elements": [{"label": "e", "units": null, "title": "eccentricity", "value": ".4354136815604502", "name": "e", "sigma": "2.7013E-6"}, {"label": "a", "sigma": "3.3763E-9", "name": "a", "title": "semi-major axis", "value": "1.404508988963729", "units": "au"}, {"units": "au", "title": "perihelion distance", "value": ".7929665592942859", "name": "q", "sigma": "3.7924E-6", "label": "q"}, {"units": "deg", "title": "inclination; angle with respect to x-y ecliptic plane", "value": "20.448845503966", "name": "i", "sigma": "5.4452E-5", "label": "i"}, {"name": "om", "sigma": "6.0089E-6", "units": "deg", "value": "286.7102297310486", "title": "longitude of the ascending node", "label": "node"}, {"label": "peri", "sigma": ".0004902", "name": "w", "units": "deg", "value": "257.2617967896726", "title": "argument of perihelion"}, {"label": "M", "sigma": "7.1802E-5", "name": "ma", "units": "deg", "title": "mean anomaly", "value": "203.2461746869573"}, {"title": "time of perihelion passage", "value": "2461465.228597343358", "units": "TDB", "sigma": ".00012212", "name": "tp", "label": "tp"}, {"label": "period", "name": "per", "sigma": "2.1922E-6", "value": "607.9742861348795", "title": "sidereal orbital period", "units": "d"}, {"label": "n", "value": ".5921303058533198", "title": "mean motion", "units": "deg/d", "name": "n", "sigma": "2.1351E-9"}, {"label": "Q", "name": "ad", "sigma": "4.8463E-9", "title": "aphelion distance", "value": "2.016051418633171", "units": "au"}], "epoch": "2461200.5"}