{"spkid": "50760559", "covariance": {"labels": ["e", "q", "tp", "node", "peri", "i"], "data": [["9.035839720960206E-16", "-9.54061313123753E-16", "2.233461731277182E-13", "-2.137303453946375E-15", "2.819361123993253E-13", "-1.375919113909465E-15"], ["-9.54061313123753E-16", "1.026965398761329E-15", "-2.24535921736404E-13", "3.514865944516798E-15", "-2.925671718446586E-13", "2.25831445517982E-15"], ["2.233461731277182E-13", "-2.24535921736404E-13", "2.993709676033615E-10", "3.32022118109442E-11", "2.412832856606923E-10", "7.091535806259893E-12"], ["-2.137303453946375E-15", "3.514865944516798E-15", "3.32022118109442E-11", "1.488077970366612E-9", "-1.45977474799686E-9", "2.506513909220903E-11"], ["2.819361123993253E-13", "-2.925671718446586E-13", "2.412832856606923E-10", "-1.45977474799686E-9", "1.693510876453898E-9", "-1.973704012918699E-11"], ["-1.375919113909465E-15", "2.25831445517982E-15", "7.091535806259893E-12", "2.506513909220903E-11", "-1.973704012918699E-11", "3.642080094345019E-12"]], "elements": [{"value": ".08380419098712796", "title": "eccentricity", "units": null, "sigma": 3.00596735194516e-08, "name": "e", "label": "e"}, {"label": "q", "sigma": 3.20463008592463e-08, "name": "q", "units": "au", "value": ".9861561060946535", "title": "perihelion distance"}, {"label": "tp", "name": "tp", "sigma": 1.73023399458964e-05, "title": "time of perihelion passage", "value": "2457795.775867206987", "units": "TDB"}, {"label": "node", "sigma": 3.85756136745303e-05, "name": "om", "units": "deg", "value": "190.4007556160516", "title": "longitude of the ascending node"}, {"label": "peri", "title": "argument of perihelion", "value": "305.12746944969", "units": "deg", "sigma": 4.11522888361498e-05, "name": "w"}, {"name": "i", "sigma": 1.90842345781669e-06, "title": "inclination", "value": "1.526810854553325", "units": "deg", "label": "i"}], "epoch": "2457781.5"}, "elements": [{"label": "e", "sigma": "3.0369E-8", "name": "e", "value": ".08401107369988339", "title": "eccentricity", "units": null}, {"name": "a", "sigma": "2.9433E-9", "units": "au", "title": "semi-major axis", "value": "1.076932910366895", "label": "a"}, {"units": "au", "value": ".9864586202642321", "title": "perihelion distance", "sigma": "3.1513E-8", "name": "q", "label": "q"}, {"sigma": "1.9086E-6", "name": "i", "units": "deg", "value": "1.52770135089479", "title": "inclination; angle with respect to x-y ecliptic plane", "label": "i"}, {"units": "deg", "title": "longitude of the ascending node", "value": "190.2512028246769", "name": "om", "sigma": "3.8556E-5", "label": "node"}, {"sigma": "4.1219E-5", "name": "w", "units": "deg", "title": "argument of perihelion", "value": "305.69689467", "label": "peri"}, {"sigma": "2.771E-5", "name": "ma", "units": "deg", "value": "119.8940126847001", "title": "mean anomaly", "label": "M"}, {"name": "tp", "sigma": "3.0962E-5", "value": "2461064.550881749237", "title": "time of perihelion passage", "units": "TDB", "label": "tp"}, {"sigma": "1.6735E-6", "name": "per", "title": "sidereal orbital period", "value": "408.2078952431315", "units": "d", "label": "period"}, {"name": "n", "sigma": "3.6155E-9", "units": "deg/d", "title": "mean motion", "value": ".8819035697131273", "label": "n"}, {"sigma": "3.1906E-9", "name": "ad", "value": "1.167407200469558", "title": "aphelion distance", "units": "au", "label": "Q"}], "epoch": "2461200.5"}