{"spkid": "50763650", "covariance": {"labels": ["e", "q", "tp", "node", "peri", "i"], "data": [["4.736712217350786E-16", "-7.020616256041779E-16", "-5.308044571163474E-13", "4.407962369587923E-14", "-3.471542812973851E-13", "1.07154724826559E-13"], ["-7.020616256041779E-16", "1.045388606750049E-15", "8.819498666248125E-13", "-7.325087737693982E-14", "5.783375860070813E-13", "-1.762836123166848E-13"], ["-5.308044571163474E-13", "8.819498666248125E-13", "3.06197102631904E-9", "-2.401122526845354E-10", "2.053928503940962E-9", "-5.901955467726184E-10"], ["4.407962369587923E-14", "-7.325087737693982E-14", "-2.401122526845354E-10", "3.994198280358814E-10", "-5.348105107767576E-10", "1.413211404973888E-10"], ["-3.471542812973851E-13", "5.783375860070813E-13", "2.053928503940962E-9", "-5.348105107767576E-10", "1.753140986513462E-9", "-4.893158337987657E-10"], ["1.07154724826559E-13", "-1.762836123166848E-13", "-5.901955467726184E-10", "1.413211404973888E-10", "-4.893158337987657E-10", "1.848522382116043E-10"]], "elements": [{"label": "e", "title": "eccentricity", "value": ".4924946135276514", "units": null, "sigma": 2.17639891043687e-08, "name": "e"}, {"label": "q", "sigma": 3.23324698523025e-08, "name": "q", "title": "perihelion distance", "value": ".7280307667122181", "units": "au"}, {"label": "tp", "units": "TDB", "title": "time of perihelion passage", "value": "2458880.268423326903", "name": "tp", "sigma": 5.53350795275388e-05}, {"title": "longitude of the ascending node", "value": "16.3270191251656", "units": "deg", "name": "om", "sigma": 1.99854904377121e-05, "label": "node"}, {"name": "w", "sigma": 4.1870526465683e-05, "title": "argument of perihelion", "value": "292.4124552570614", "units": "deg", "label": "peri"}, {"sigma": 1.35960375923136e-05, "name": "i", "units": "deg", "value": "10.34270774473836", "title": "inclination", "label": "i"}], "epoch": "2458727.5"}, "elements": [{"name": "e", "sigma": "2.1809E-8", "units": null, "value": ".4926867808151446", "title": "eccentricity", "label": "e"}, {"label": "a", "units": "au", "value": "1.434810266609821", "title": "semi-major axis", "sigma": "3.8653E-9", "name": "a"}, {"units": "au", "title": "perihelion distance", "value": ".7278982152733091", "name": "q", "sigma": "3.2158E-8", "label": "q"}, {"sigma": "1.3589E-5", "name": "i", "value": "10.34263196569462", "title": "inclination; angle with respect to x-y ecliptic plane", "units": "deg", "label": "i"}, {"label": "node", "sigma": "1.998E-5", "name": "om", "units": "deg", "value": "16.24298995567795", "title": "longitude of the ascending node"}, {"title": "argument of perihelion", "value": "292.5128543538445", "units": "deg", "sigma": "4.1824E-5", "name": "w", "label": "peri"}, {"name": "ma", "sigma": "3.703E-5", "units": "deg", "value": "250.6656118345675", "title": "mean anomaly", "label": "M"}, {"label": "tp", "units": "TDB", "title": "time of perihelion passage", "value": "2461391.153340204455", "name": "tp", "sigma": "6.5256E-5"}, {"sigma": "2.5367E-6", "name": "per", "title": "sidereal orbital period", "value": "627.7549417458007", "units": "d", "label": "period"}, {"name": "n", "sigma": "2.3174E-9", "units": "deg/d", "value": ".5734721880465518", "title": "mean motion", "label": "n"}, {"sigma": "5.7697E-9", "name": "ad", "units": "au", "value": "2.141722317946334", "title": "aphelion distance", "label": "Q"}], "epoch": "2461200.5"}