{"spkid": "50767185", "covariance": {"elements": [{"label": "e", "sigma": 2.80197802110413e-08, "name": "e", "units": null, "title": "eccentricity", "value": ".2385297339872203"}, {"sigma": 3.0088056827495e-08, "name": "q", "title": "perihelion distance", "value": ".863398980258222", "units": "au", "label": "q"}, {"label": "tp", "name": "tp", "sigma": 9.21436699605352e-06, "units": "TDB", "title": "time of perihelion passage", "value": "2458317.976690894672"}, {"units": "deg", "title": "longitude of the ascending node", "value": "311.1732747008936", "sigma": 1.7956698346757e-05, "name": "om", "label": "node"}, {"sigma": 2.03656298983488e-05, "name": "w", "title": "argument of perihelion", "value": "283.0600104336202", "units": "deg", "label": "peri"}, {"label": "i", "name": "i", "sigma": 2.73102782499871e-06, "units": "deg", "value": "2.852037610938869", "title": "inclination"}], "data": [["7.851080830750615E-16", "-8.423367457743653E-16", "-8.193319169997331E-16", "1.529154382036568E-14", "4.333305128409251E-14", "-2.668294223520132E-15"], ["-8.423367457743653E-16", "9.052911636545699E-16", "5.036728026908191E-15", "-1.769322538412991E-14", "-4.295422062602831E-14", "2.995821924870388E-15"], ["-8.193319169997331E-16", "5.036728026908191E-15", "8.490455913796038E-11", "-3.159772687775426E-11", "9.371473957385174E-11", "8.593387077500138E-12"], ["1.529154382036568E-14", "-1.769322538412991E-14", "-3.159772687775426E-11", "3.224430155164248E-10", "-3.431507460908435E-10", "2.948673395499891E-11"], ["4.333305128409251E-14", "-4.295422062602831E-14", "9.371473957385174E-11", "-3.431507460908435E-10", "4.147588811565196E-10", "-2.341894912575802E-11"], ["-2.668294223520132E-15", "2.995821924870388E-15", "8.593387077500138E-12", "2.948673395499891E-11", "-2.341894912575802E-11", "7.458512980917204E-12"]], "labels": ["e", "q", "tp", "node", "peri", "i"], "epoch": "2458124.5"}, "elements": [{"label": "e", "title": "eccentricity", "value": ".2383767285176751", "units": null, "name": "e", "sigma": "2.7919E-8"}, {"label": "a", "units": "au", "value": "1.13356053210716", "title": "semi-major axis", "sigma": "2.563E-9", "name": "a"}, {"units": "au", "value": ".8633460808867005", "title": "perihelion distance", "sigma": "3.0092E-8", "name": "q", "label": "q"}, {"name": "i", "sigma": "2.7314E-6", "value": "2.852030969739986", "title": "inclination; angle with respect to x-y ecliptic plane", "units": "deg", "label": "i"}, {"label": "node", "sigma": "1.7976E-5", "name": "om", "value": "311.0482598632935", "title": "longitude of the ascending node", "units": "deg"}, {"sigma": "2.0391E-5", "name": "w", "units": "deg", "title": "argument of perihelion", "value": "283.1516450087573", "label": "peri"}, {"name": "ma", "sigma": "1.253E-5", "value": "193.6354087414119", "title": "mean anomaly", "units": "deg", "label": "M"}, {"label": "tp", "units": "TDB", "value": "2461404.215417361260", "title": "time of perihelion passage", "name": "tp", "sigma": "1.59E-5"}, {"units": "d", "value": "440.8242745360506", "title": "sidereal orbital period", "name": "per", "sigma": "1.4951E-6", "label": "period"}, {"label": "n", "value": ".8166519422708407", "title": "mean motion", "units": "deg/d", "name": "n", "sigma": "2.7697E-9"}, {"title": "aphelion distance", "value": "1.403774983327621", "units": "au", "name": "ad", "sigma": "3.174E-9", "label": "Q"}], "epoch": "2461200.5"}