{"spkid": "50762909", "covariance": {"data": [["1.236025022050851E-13", "-3.280997711535313E-13", "-1.90638389049957E-11", "2.883164501601189E-11", "-6.665962093233042E-11", "8.786464106610871E-14"], ["-3.280997711535313E-13", "8.71022869049243E-13", "5.067781067027475E-11", "-7.647877625914701E-11", "1.769774263861761E-10", "-2.457636119799189E-13"], ["-1.90638389049957E-11", "5.067781067027475E-11", "3.331606669030729E-9", "-4.159658385184485E-9", "1.040880220367617E-8", "-7.856624633487426E-11"], ["2.883164501601189E-11", "-7.647877625914701E-11", "-4.159658385184485E-9", "1.338917121283201E-8", "-2.177715068043229E-8", "1.419314616473377E-10"], ["-6.665962093233042E-11", "1.769774263861761E-10", "1.040880220367617E-8", "-2.177715068043229E-8", "4.219503076910344E-8", "-2.37704951891574E-10"], ["8.786464106610871E-14", "-2.457636119799189E-13", "-7.856624633487426E-11", "1.419314616473377E-10", "-2.37704951891574E-10", "2.435936889003391E-11"]], "elements": [{"value": ".6326101594813903", "title": "eccentricity", "units": null, "name": "e", "sigma": 3.51571475243776e-07, "label": "e"}, {"label": "q", "title": "perihelion distance", "value": ".9867054546011726", "units": "au", "sigma": 9.33286059602972e-07, "name": "q"}, {"units": "TDB", "value": "2457646.982031242789", "title": "time of perihelion passage", "sigma": 5.77200716305059e-05, "name": "tp", "label": "tp"}, {"sigma": 0.000115711586337894, "name": "om", "title": "longitude of the ascending node", "value": "317.1358330689231", "units": "deg", "label": "node"}, {"name": "w", "sigma": 0.000205414290566901, "value": "18.54331418762845", "title": "argument of perihelion", "units": "deg", "label": "peri"}, {"sigma": 4.93552113662113e-06, "name": "i", "units": "deg", "value": "10.13580436306992", "title": "inclination", "label": "i"}], "labels": ["e", "q", "tp", "node", "peri", "i"], "epoch": "2458401.5"}, "elements": [{"label": "e", "units": null, "title": "eccentricity", "value": ".6324564339084487", "sigma": "3.4949E-7", "name": "e"}, {"label": "a", "units": "au", "value": "2.69096215658653", "title": "semi-major axis", "name": "a", "sigma": "4.0444E-8"}, {"label": "q", "units": "au", "value": ".9890458272492245", "title": "perihelion distance", "sigma": "9.2879E-7", "name": "q"}, {"label": "i", "name": "i", "sigma": "4.9449E-6", "units": "deg", "title": "inclination; angle with respect to x-y ecliptic plane", "value": "10.13067949543679"}, {"value": "317.0897506329587", "title": "longitude of the ascending node", "units": "deg", "name": "om", "sigma": ".00011576", "label": "node"}, {"label": "peri", "value": "18.68017598616632", "title": "argument of perihelion", "units": "deg", "name": "w", "sigma": ".00020528"}, {"sigma": "1.3867E-5", "name": "ma", "title": "mean anomaly", "value": "75.21059949554636", "units": "deg", "label": "M"}, {"sigma": "5.8175E-5", "name": "tp", "value": "2460863.650147208954", "title": "time of perihelion passage", "units": "TDB", "label": "tp"}, {"sigma": "3.6349E-5", "name": "per", "units": "d", "value": "1612.351820330288", "title": "sidereal orbital period", "label": "period"}, {"name": "n", "sigma": "5.0336E-9", "value": ".2232763317910693", "title": "mean motion", "units": "deg/d", "label": "n"}, {"name": "ad", "sigma": "6.6022E-8", "units": "au", "title": "aphelion distance", "value": "4.392878485923835", "label": "Q"}], "epoch": "2461200.5"}