{"spkid": "50761763", "covariance": {"epoch": "2457837.5", "labels": ["e", "q", "tp", "node", "peri", "i"], "data": [["3.124349797613494E-15", "-4.372442634176227E-15", "1.265456455232732E-12", "-1.353027845019435E-13", "7.769449152090402E-13", "7.663832149230991E-14"], ["-4.372442634176227E-15", "6.16171383248421E-15", "-1.755408197682789E-12", "1.882946629990717E-13", "-1.074315505295371E-12", "-1.046915797887977E-13"], ["1.265456455232732E-12", "-1.755408197682789E-12", "7.920887050664196E-10", "-7.159343760102373E-11", "4.994417427185905E-10", "4.184785690129181E-11"], ["-1.353027845019435E-13", "1.882946629990717E-13", "-7.159343760102373E-11", "2.412164947481879E-10", "-2.736527883947823E-10", "-4.727032500385059E-11"], ["7.769449152090402E-13", "-1.074315505295371E-12", "4.994417427185905E-10", "-2.736527883947823E-10", "5.483347610367739E-10", "6.818586993071007E-11"], ["7.663832149230991E-14", "-1.046915797887977E-13", "4.184785690129181E-11", "-4.727032500385059E-11", "6.818586993071007E-11", "3.388734396379271E-11"]], "elements": [{"label": "e", "sigma": 5.58958835480171e-08, "name": "e", "title": "eccentricity", "value": ".3004319371694668", "units": null}, {"sigma": 7.84965848459932e-08, "name": "q", "value": ".9334211975695845", "title": "perihelion distance", "units": "au", "label": "q"}, {"label": "tp", "name": "tp", "sigma": 2.81440705134566e-05, "units": "TDB", "value": "2457592.394206625677", "title": "time of perihelion passage"}, {"value": "43.75451774409551", "title": "longitude of the ascending node", "units": "deg", "name": "om", "sigma": 1.55311459573397e-05, "label": "node"}, {"label": "peri", "title": "argument of perihelion", "value": "244.5107819169055", "units": "deg", "name": "w", "sigma": 2.34165488711888e-05}, {"name": "i", "sigma": 5.82128370411482e-06, "value": "14.5161195378623", "title": "inclination", "units": "deg", "label": "i"}]}, "elements": [{"sigma": "5.5846E-8", "name": "e", "title": "eccentricity", "value": ".3006699168135566", "units": null, "label": "e"}, {"sigma": "1.0394E-8", "name": "a", "title": "semi-major axis", "value": "1.334469848511765", "units": "au", "label": "a"}, {"name": "q", "sigma": "7.8352E-8", "units": "au", "value": ".9332349101695333", "title": "perihelion distance", "label": "q"}, {"units": "deg", "title": "inclination; angle with respect to x-y ecliptic plane", "value": "14.51237155620311", "name": "i", "sigma": "5.8205E-6", "label": "i"}, {"name": "om", "sigma": "1.5536E-5", "value": "43.71786468137274", "title": "longitude of the ascending node", "units": "deg", "label": "node"}, {"label": "peri", "sigma": "2.3413E-5", "name": "w", "value": "244.547122330211", "title": "argument of perihelion", "units": "deg"}, {"label": "M", "sigma": "2.7558E-5", "name": "ma", "value": "146.981905983452", "title": "mean anomaly", "units": "deg"}, {"name": "tp", "sigma": "4.1026E-5", "units": "TDB", "title": "time of perihelion passage", "value": "2460970.608481286869", "label": "tp"}, {"label": "period", "title": "sidereal orbital period", "value": "563.0689450036442", "units": "d", "sigma": "6.5788E-6", "name": "per"}, {"label": "n", "sigma": "7.4701E-9", "name": "n", "units": "deg/d", "value": ".6393533211064767", "title": "mean motion"}, {"label": "Q", "units": "au", "value": "1.735704786853997", "title": "aphelion distance", "sigma": "1.352E-8", "name": "ad"}], "epoch": "2461200.5"}