{"spkid": "50769897", "covariance": {"labels": ["e", "q", "tp", "node", "peri", "i"], "elements": [{"value": ".4872657087668494", "title": "eccentricity", "units": null, "sigma": 1.63033270532817e-07, "name": "e", "label": "e"}, {"label": "q", "value": ".7798872870742363", "title": "perihelion distance", "units": "au", "name": "q", "sigma": 3.09137825527954e-07}, {"label": "tp", "name": "tp", "sigma": 2.00536840171963e-05, "units": "TDB", "title": "time of perihelion passage", "value": "2458414.848601553669"}, {"label": "node", "units": "deg", "value": "350.5525177371706", "title": "longitude of the ascending node", "sigma": 7.34144960979905e-05, "name": "om"}, {"sigma": 9.46137276881903e-05, "name": "w", "units": "deg", "value": "67.83045155508421", "title": "argument of perihelion", "label": "peri"}, {"title": "inclination", "value": "11.97003307741438", "units": "deg", "name": "i", "sigma": 3.62303346271863e-05, "label": "i"}], "data": [["2.657984730062675E-14", "-5.037132122581523E-14", "-1.041543547809686E-12", "-6.61140080124254E-12", "1.012048633275281E-11", "1.66541543229831E-12"], ["-5.037132122581523E-14", "9.556619517215161E-14", "1.869045161252515E-12", "1.275684406821407E-11", "-1.953906260849581E-11", "-3.29604311881434E-12"], ["-1.041543547809686E-12", "1.869045161252515E-12", "4.021502426615561E-10", "-3.275685130764748E-10", "5.250040753876743E-10", "3.096257835089273E-10"], ["-6.61140080124254E-12", "1.275684406821407E-11", "-3.275685130764748E-10", "5.389688237321869E-9", "-6.769592285898007E-9", "-2.455724238159002E-9"], ["1.012048633275281E-11", "-1.953906260849581E-11", "5.250040753876743E-10", "-6.769592285898007E-9", "8.951757467055021E-9", "3.010814709308306E-9"], ["1.66541543229831E-12", "-3.29604311881434E-12", "3.096257835089273E-10", "-2.455724238159002E-9", "3.010814709308306E-9", "1.312637147197892E-9"]], "epoch": "2458127.5"}, "elements": [{"label": "e", "sigma": "1.6223E-7", "name": "e", "units": null, "title": "eccentricity", "value": ".4869360086882014"}, {"name": "a", "sigma": "1.2387E-7", "title": "semi-major axis", "value": "1.52049000837782", "units": "au", "label": "a"}, {"name": "q", "sigma": "3.0952E-7", "title": "perihelion distance", "value": ".7801086724480344", "units": "au", "label": "q"}, {"title": "inclination; angle with respect to x-y ecliptic plane", "value": "11.96817826366853", "units": "deg", "sigma": "3.6239E-5", "name": "i", "label": "i"}, {"label": "node", "sigma": "7.346E-5", "name": "om", "units": "deg", "title": "longitude of the ascending node", "value": "350.4393444968393"}, {"name": "w", "sigma": "9.4729E-5", "value": "68.01309369507968", "title": "argument of perihelion", "units": "deg", "label": "peri"}, {"title": "mean anomaly", "value": "24.66918020751203", "units": "deg", "sigma": ".00018177", "name": "ma", "label": "M"}, {"label": "tp", "title": "time of perihelion passage", "value": "2461153.572653314564", "units": "TDB", "sigma": ".00034004", "name": "tp"}, {"label": "period", "sigma": "8.3686E-5", "name": "per", "units": "d", "title": "sidereal orbital period", "value": "684.8158173335878"}, {"label": "n", "name": "n", "sigma": "6.424E-8", "title": "mean motion", "value": ".5256887923554439", "units": "deg/d"}, {"name": "ad", "sigma": "1.8419E-7", "title": "aphelion distance", "value": "2.260871344307605", "units": "au", "label": "Q"}], "epoch": "2461200.5"}