{"spkid": "50761762", "covariance": {"epoch": "2458395.5", "data": [["3.231334092943782E-13", "-6.695616994393731E-13", "-8.97022077573706E-12", "-2.387880909037897E-10", "3.050980053792818E-10", "4.538204568205781E-12"], ["-6.695616994393731E-13", "1.387409003270871E-12", "1.856175636419722E-11", "4.941895927733391E-10", "-6.316333763921007E-10", "-9.404454067110949E-12"], ["-8.97022077573706E-12", "1.856175636419722E-11", "3.119098127619553E-10", "7.722600873133001E-9", "-9.47328448897282E-9", "-1.241776252421188E-10"], ["-2.387880909037897E-10", "4.941895927733391E-10", "7.722600873133001E-9", "6.856477905903665E-7", "-7.321922429813733E-7", "-1.30634924896234E-8"], ["3.050980053792818E-10", "-6.316333763921007E-10", "-9.47328448897282E-9", "-7.321922429813733E-7", "7.924874973485804E-7", "1.398432698992584E-8"], ["4.538204568205781E-12", "-9.404454067110949E-12", "-1.241776252421188E-10", "-1.30634924896234E-8", "1.398432698992584E-8", "2.633916483633962E-10"]], "elements": [{"label": "e", "value": ".7351094109558999", "title": "eccentricity", "units": null, "name": "e", "sigma": 5.68448246803857e-07}, {"label": "q", "value": ".5487922214038233", "title": "perihelion distance", "units": "au", "name": "q", "sigma": 1.1778832723453e-06}, {"name": "tp", "sigma": 1.76609686246807e-05, "units": "TDB", "title": "time of perihelion passage", "value": "2458834.525771921975", "label": "tp"}, {"label": "node", "name": "om", "sigma": 0.000828038519991894, "units": "deg", "title": "longitude of the ascending node", "value": "98.66284895896412"}, {"units": "deg", "title": "argument of perihelion", "value": "36.12674532467301", "sigma": 0.000890217668521907, "name": "w", "label": "peri"}, {"label": "i", "title": "inclination", "value": "2.362263808415898", "units": "deg", "sigma": 1.62293452844961e-05, "name": "i"}], "labels": ["e", "q", "tp", "node", "peri", "i"]}, "elements": [{"sigma": "5.9444E-7", "name": "e", "units": null, "value": ".7333539091968534", "title": "eccentricity", "label": "e"}, {"units": "au", "value": "2.072466192534498", "title": "semi-major axis", "sigma": "3.7523E-8", "name": "a", "label": "a"}, {"units": "au", "value": ".5526150085610054", "title": "perihelion distance", "sigma": "1.2411E-6", "name": "q", "label": "q"}, {"title": "inclination; angle with respect to x-y ecliptic plane", "value": "2.346196019017109", "units": "deg", "sigma": "1.5479E-5", "name": "i", "label": "i"}, {"units": "deg", "title": "longitude of the ascending node", "value": "98.16944561428734", "name": "om", "sigma": ".00084964", "label": "node"}, {"value": "36.86505030687562", "title": "argument of perihelion", "units": "deg", "sigma": ".00091245", "name": "w", "label": "peri"}, {"label": "M", "units": "deg", "title": "mean anomaly", "value": "60.21382524187769", "name": "ma", "sigma": "1.5645E-5"}, {"label": "tp", "name": "tp", "sigma": "4.2448E-5", "units": "TDB", "value": "2461018.226586832094", "title": "time of perihelion passage"}, {"units": "d", "value": "1089.756853627194", "title": "sidereal orbital period", "name": "per", "sigma": "2.9596E-5", "label": "period"}, {"units": "deg/d", "value": ".3303489203135181", "title": "mean motion", "sigma": "8.9717E-9", "name": "n", "label": "n"}, {"label": "Q", "units": "au", "title": "aphelion distance", "value": "3.592317376507992", "name": "ad", "sigma": "6.5041E-8"}], "epoch": "2461200.5"}