{"spkid": "50765728", "covariance": {"data": [["3.182738655059481E-14", "-6.755233256809936E-14", "-4.148763997653632E-12", "9.730486696002141E-13", "-6.196351739265816E-13", "-4.877065609479613E-12"], ["-6.755233256809936E-14", "1.433802379736097E-13", "8.846067666671653E-12", "-2.06422183920124E-12", "1.343189851229642E-12", "1.034791987935049E-11"], ["-4.148763997653632E-12", "8.846067666671653E-12", "1.180785889687149E-9", "-1.090991083370916E-10", "5.37952536138388E-10", "5.570542663287667E-10"], ["9.730486696002141E-13", "-2.06422183920124E-12", "-1.090991083370916E-10", "6.70543585207813E-10", "-6.372333877866246E-10", "4.288097747083869E-10"], ["-6.196351739265816E-13", "1.343189851229642E-12", "5.37952536138388E-10", "-6.372333877866246E-10", "9.680702433431044E-10", "-5.38238647850129E-10"], ["-4.877065609479613E-12", "1.034791987935049E-11", "5.570542663287667E-10", "4.288097747083869E-10", "-5.38238647850129E-10", "1.601548818641476E-9"]], "elements": [{"label": "e", "name": "e", "sigma": 1.78402316550528e-07, "title": "eccentricity", "value": ".6698565570977798", "units": null}, {"sigma": 3.78655830502595e-07, "name": "q", "units": "au", "title": "perihelion distance", "value": ".6770123433601105", "label": "q"}, {"label": "tp", "value": "2459819.765889592943", "title": "time of perihelion passage", "units": "TDB", "name": "tp", "sigma": 3.4362565237292e-05}, {"label": "node", "name": "om", "sigma": 2.58948563465375e-05, "title": "longitude of the ascending node", "value": "64.63056256058421", "units": "deg"}, {"name": "w", "sigma": 3.11138272050081e-05, "value": "279.7689406837409", "title": "argument of perihelion", "units": "deg", "label": "peri"}, {"label": "i", "name": "i", "sigma": 4.0019355550052e-05, "units": "deg", "title": "inclination", "value": "8.932790801172068"}], "labels": ["e", "q", "tp", "node", "peri", "i"], "epoch": "2459680.5"}, "elements": [{"label": "e", "value": ".6697327484897406", "title": "eccentricity", "units": null, "name": "e", "sigma": "1.7914E-7"}, {"value": "2.052266364323709", "title": "semi-major axis", "units": "au", "name": "a", "sigma": "3.5651E-8", "label": "a"}, {"label": "q", "units": "au", "value": ".6777963715121441", "title": "perihelion distance", "sigma": "3.7933E-7", "name": "q"}, {"label": "i", "value": "8.924145187258366", "title": "inclination; angle with respect to x-y ecliptic plane", "units": "deg", "sigma": "4.0015E-5", "name": "i"}, {"label": "node", "units": "deg", "value": "64.55684846609495", "title": "longitude of the ascending node", "name": "om", "sigma": "2.5925E-5"}, {"value": "279.8238745113813", "title": "argument of perihelion", "units": "deg", "name": "w", "sigma": "3.1112E-5", "label": "peri"}, {"label": "M", "title": "mean anomaly", "value": "103.2117896365747", "units": "deg", "sigma": "2.2951E-5", "name": "ma"}, {"label": "tp", "name": "tp", "sigma": "6.1001E-5", "units": "TDB", "title": "time of perihelion passage", "value": "2460892.624006969559"}, {"name": "per", "sigma": "2.7982E-5", "value": "1073.863343337306", "title": "sidereal orbital period", "units": "d", "label": "period"}, {"name": "n", "sigma": "8.7353E-9", "units": "deg/d", "title": "mean motion", "value": ".3352381867149014", "label": "n"}, {"label": "Q", "units": "au", "title": "aphelion distance", "value": "3.426736357135275", "sigma": "5.9527E-8", "name": "ad"}], "epoch": "2461200.5"}