{"spkid": "50767959", "covariance": {"epoch": "2458834.5", "labels": ["e", "q", "tp", "node", "peri", "i"], "data": [["1.790194771263013E-14", "-2.817472847054411E-14", "3.953032476393061E-12", "-1.379656476576833E-13", "6.372889732715167E-12", "5.954810630820127E-13"], ["-2.817472847054411E-14", "4.436271900442289E-14", "-6.258197903860952E-12", "2.216384295753802E-13", "-1.00439615656749E-11", "-9.42219039419068E-13"], ["3.953032476393061E-12", "-6.258197903860952E-12", "1.011466287165933E-9", "-6.965849906644672E-11", "1.50846241658512E-9", "2.048775820604333E-10"], ["-1.379656476576833E-13", "2.216384295753802E-13", "-6.965849906644672E-11", "4.444450905377813E-11", "-9.430882586958194E-11", "-6.79621226579402E-11"], ["6.372889732715167E-12", "-1.00439615656749E-11", "1.50846241658512E-9", "-9.430882586958194E-11", "2.36892298533325E-9", "2.890872686570971E-10"], ["5.954810630820127E-13", "-9.42219039419068E-13", "2.048775820604333E-10", "-6.79621226579402E-11", "2.890872686570971E-10", "6.800196812184431E-10"]], "elements": [{"label": "e", "value": ".4223840965733323", "title": "eccentricity", "units": null, "sigma": 1.33798160348452e-07, "name": "e"}, {"value": ".9069145244454833", "title": "perihelion distance", "units": "au", "name": "q", "sigma": 2.10624592591708e-07, "label": "q"}, {"value": "2458545.027085951094", "title": "time of perihelion passage", "units": "TDB", "name": "tp", "sigma": 3.18035577752857e-05, "label": "tp"}, {"label": "node", "units": "deg", "title": "longitude of the ascending node", "value": "284.0055456301646", "sigma": 6.66667151236493e-06, "name": "om"}, {"name": "w", "sigma": 4.86715829343288e-05, "units": "deg", "title": "argument of perihelion", "value": "229.1558386557206", "label": "peri"}, {"name": "i", "sigma": 2.60771869882172e-05, "value": "38.65290261075226", "title": "inclination", "units": "deg", "label": "i"}]}, "elements": [{"label": "e", "units": null, "title": "eccentricity", "value": ".422634244943534", "sigma": "1.3385E-7", "name": "e"}, {"label": "a", "title": "semi-major axis", "value": "1.569858343472183", "units": "au", "name": "a", "sigma": "7.6281E-9"}, {"label": "q", "name": "q", "sigma": "2.107E-7", "value": ".9063824478105099", "title": "perihelion distance", "units": "au"}, {"name": "i", "sigma": "2.6081E-5", "value": "38.64059837266235", "title": "inclination; angle with respect to x-y ecliptic plane", "units": "deg", "label": "i"}, {"value": "283.9607402580962", "title": "longitude of the ascending node", "units": "deg", "sigma": "6.6588E-6", "name": "om", "label": "node"}, {"label": "peri", "name": "w", "sigma": "4.8622E-5", "units": "deg", "title": "argument of perihelion", "value": "229.1955191511599"}, {"label": "M", "value": "250.2737149904923", "title": "mean anomaly", "units": "deg", "name": "ma", "sigma": "1.5379E-5"}, {"label": "tp", "units": "TDB", "value": "2461419.476394116371", "title": "time of perihelion passage", "name": "tp", "sigma": "3.1131E-5"}, {"units": "d", "title": "sidereal orbital period", "value": "718.4377186839326", "sigma": "5.2364E-6", "name": "per", "label": "period"}, {"label": "n", "value": ".5010872767920156", "title": "mean motion", "units": "deg/d", "name": "n", "sigma": "3.6522E-9"}, {"label": "Q", "name": "ad", "sigma": "1.0852E-8", "units": "au", "title": "aphelion distance", "value": "2.233334239133856"}], "epoch": "2461200.5"}