{"spkid": "50760553", "covariance": {"epoch": "2457443.5", "labels": ["e", "q", "tp", "node", "peri", "i"], "elements": [{"label": "e", "title": "eccentricity", "value": ".1776925321206295", "units": null, "sigma": 1.64259959399636e-06, "name": "e"}, {"value": ".8539681526085651", "title": "perihelion distance", "units": "au", "sigma": 1.37949112405851e-06, "name": "q", "label": "q"}, {"value": "2457585.636510589478", "title": "time of perihelion passage", "units": "TDB", "sigma": 6.97419518365023e-05, "name": "tp", "label": "tp"}, {"label": "node", "units": "deg", "value": "168.9327924525192", "title": "longitude of the ascending node", "sigma": 0.000104682686718639, "name": "om"}, {"title": "argument of perihelion", "value": "108.559838132667", "units": "deg", "name": "w", "sigma": 7.53255378777035e-05, "label": "peri"}, {"name": "i", "sigma": 1.11598785088476e-05, "value": "1.557164395702974", "title": "inclination", "units": "deg", "label": "i"}], "data": [["2.698133426197019E-12", "-2.265905088590569E-12", "9.124591913531549E-11", "-8.675040311735735E-11", "-4.997439180823752E-11", "1.798145707134627E-11"], ["-2.265905088590569E-12", "1.902995761356213E-12", "-7.696426629892436E-11", "7.232225707245219E-11", "4.222567667225301E-11", "-1.509620229299654E-11"], ["9.124591913531549E-11", "-7.696426629892436E-11", "4.86393984596501E-9", "-1.154288085443805E-10", "-3.050857566525256E-9", "5.841403418498715E-10"], ["-8.675040311735735E-11", "7.232225707245219E-11", "-1.154288085443805E-10", "1.095846489863265E-8", "-4.25417160652163E-9", "-5.298239100256061E-10"], ["-4.997439180823752E-11", "4.222567667225301E-11", "-3.050857566525256E-9", "-4.25417160652163E-9", "5.673936656565343E-9", "-4.010071480287469E-10"], ["1.798145707134627E-11", "-1.509620229299654E-11", "5.841403418498715E-10", "-5.298239100256061E-10", "-4.010071480287469E-10", "1.245428883322379E-10"]]}, "elements": [{"label": "e", "title": "eccentricity", "value": ".1777605873236972", "units": null, "sigma": "1.6255E-6", "name": "e"}, {"name": "a", "sigma": "4.1292E-7", "units": "au", "title": "semi-major axis", "value": "1.036634196846127", "label": "a"}, {"label": "q", "sigma": "1.346E-6", "name": "q", "units": "au", "title": "perihelion distance", "value": ".8523614931749306"}, {"label": "i", "name": "i", "sigma": "1.1576E-5", "value": "1.53842565245442", "title": "inclination; angle with respect to x-y ecliptic plane", "units": "deg"}, {"name": "om", "sigma": ".00010023", "value": "168.5815518253903", "title": "longitude of the ascending node", "units": "deg", "label": "node"}, {"name": "w", "sigma": "7.5315E-5", "title": "argument of perihelion", "value": "108.2020600088264", "units": "deg", "label": "peri"}, {"sigma": ".0021461", "name": "ma", "title": "mean anomaly", "value": "136.18355438058", "units": "deg", "label": "M"}, {"label": "tp", "name": "tp", "sigma": ".002211", "units": "TDB", "value": "2461054.665966332875", "title": "time of perihelion passage"}, {"label": "period", "units": "d", "value": "385.5109551146485", "title": "sidereal orbital period", "sigma": ".00023034", "name": "per"}, {"label": "n", "name": "n", "sigma": "5.5795E-7", "units": "deg/d", "title": "mean motion", "value": ".9338256026808325"}, {"label": "Q", "name": "ad", "sigma": "4.8632E-7", "units": "au", "value": "1.220906900517324", "title": "aphelion distance"}], "epoch": "2461200.5"}