{"spkid": "50767271", "covariance": {"epoch": "2458621.5", "labels": ["e", "q", "tp", "node", "peri", "i"], "elements": [{"sigma": 3.20056099250783e-08, "name": "e", "units": null, "value": ".6985261563082196", "title": "eccentricity", "label": "e"}, {"label": "q", "sigma": 6.56012622503966e-08, "name": "q", "value": ".6379878094088138", "title": "perihelion distance", "units": "au"}, {"title": "time of perihelion passage", "value": "2458980.766233693717", "units": "TDB", "sigma": 1.81331613135457e-05, "name": "tp", "label": "tp"}, {"title": "longitude of the ascending node", "value": "48.41259787945953", "units": "deg", "sigma": 0.000281649829862193, "name": "om", "label": "node"}, {"title": "argument of perihelion", "value": "202.7019034015588", "units": "deg", "name": "w", "sigma": 0.000281852814708636, "label": "peri"}, {"label": "i", "sigma": 3.04302925139775e-06, "name": "i", "units": "deg", "value": "1.6080925693507", "title": "inclination"}], "data": [["1.024359066676268E-15", "-2.094116790732886E-15", "9.969491620536403E-14", "-4.103695827533204E-14", "1.636909954790982E-13", "5.36586580694558E-16"], ["-2.094116790732886E-15", "4.303525608845312E-15", "-1.265794464680295E-13", "5.406537192181312E-14", "-2.799418061177115E-13", "2.837152047882881E-16"], ["9.969491620536403E-14", "-1.265794464680295E-13", "3.288115392230689E-10", "-1.377396103736634E-10", "2.699254857359897E-10", "5.831637680709405E-12"], ["-4.103695827533204E-14", "5.406537192181312E-14", "-1.377396103736634E-10", "7.932662666140239E-8", "-7.934657230637192E-8", "-3.841092645980881E-10"], ["1.636909954790982E-13", "-2.799418061177115E-13", "2.699254857359897E-10", "-7.934657230637192E-8", "7.944100915918091E-8", "3.865180242811024E-10"], ["5.36586580694558E-16", "2.837152047882881E-16", "5.831637680709405E-12", "-3.841092645980881E-10", "3.865180242811024E-10", "9.260027024862362E-12"]]}, "elements": [{"label": "e", "title": "eccentricity", "value": ".6960773890665705", "units": null, "sigma": "3.2576E-8", "name": "e"}, {"label": "a", "name": "a", "sigma": "1.5515E-8", "units": "au", "title": "semi-major axis", "value": "2.11938024387714"}, {"title": "perihelion distance", "value": ".6441275772798691", "units": "au", "sigma": "6.709E-8", "name": "q", "label": "q"}, {"label": "i", "sigma": "2.951E-6", "name": "i", "units": "deg", "title": "inclination; angle with respect to x-y ecliptic plane", "value": "1.571518642364584"}, {"label": "node", "title": "longitude of the ascending node", "value": "47.85284181823999", "units": "deg", "name": "om", "sigma": ".00029071"}, {"name": "w", "sigma": ".0002909", "value": "203.5228336362545", "title": "argument of perihelion", "units": "deg", "label": "peri"}, {"label": "M", "sigma": "1.3767E-5", "name": "ma", "value": "349.0951783775675", "title": "mean anomaly", "units": "deg"}, {"label": "tp", "units": "TDB", "value": "2461234.637193553426", "title": "time of perihelion passage", "name": "tp", "sigma": "4.3456E-5"}, {"sigma": "1.2375E-5", "name": "per", "title": "sidereal orbital period", "value": "1126.968427796436", "units": "d", "label": "period"}, {"label": "n", "title": "mean motion", "value": ".3194410696171044", "units": "deg/d", "sigma": "3.5078E-9", "name": "n"}, {"label": "Q", "name": "ad", "sigma": "2.6315E-8", "title": "aphelion distance", "value": "3.594632910474411", "units": "au"}], "epoch": "2461200.5"}