{"spkid": "50771011", "covariance": {"epoch": "2458230.5", "elements": [{"sigma": 4.72602147988456e-08, "name": "e", "units": null, "title": "eccentricity", "value": ".4340095688529947", "label": "e"}, {"units": "au", "title": "perihelion distance", "value": ".499640657945545", "name": "q", "sigma": 4.29419661171442e-08, "label": "q"}, {"value": "2458345.941875933359", "title": "time of perihelion passage", "units": "TDB", "sigma": 1.80121116968076e-05, "name": "tp", "label": "tp"}, {"label": "node", "value": "134.7159974335308", "title": "longitude of the ascending node", "units": "deg", "sigma": 7.42586197232455e-05, "name": "om"}, {"title": "argument of perihelion", "value": "254.8472635220023", "units": "deg", "sigma": 6.1200148219364e-05, "name": "w", "label": "peri"}, {"label": "i", "sigma": 2.654787554305e-06, "name": "i", "units": "deg", "value": "4.318264486970657", "title": "inclination"}], "data": [["2.233527902833021E-15", "-2.028268052509606E-15", "-7.264916274148901E-13", "-3.045183208172254E-12", "2.444330412553319E-12", "-6.447903418406339E-14"], ["-2.028268052509606E-15", "1.844012454005964E-15", "6.611265497543272E-13", "2.753118266802942E-12", "-2.208171137145117E-12", "5.812767022610454E-14"], ["-7.264916274148901E-13", "6.611265497543272E-13", "3.244361677782729E-10", "1.20639797462828E-9", "-9.486621704765101E-10", "1.990225103344923E-11"], ["-3.045183208172254E-12", "2.753118266802942E-12", "1.20639797462828E-9", "5.514342603201582E-9", "-4.525598695060866E-9", "1.239558629332757E-10"], ["2.444330412553319E-12", "-2.208171137145117E-12", "-9.486621704765101E-10", "-4.525598695060866E-9", "3.745458142072118E-9", "-1.06310770549714E-10"], ["-6.447903418406339E-14", "5.812767022610454E-14", "1.990225103344923E-11", "1.239558629332757E-10", "-1.06310770549714E-10", "7.047896958492733E-12"]], "labels": ["e", "q", "tp", "node", "peri", "i"]}, "elements": [{"label": "e", "name": "e", "sigma": "4.7361E-8", "title": "eccentricity", "value": ".4340037990766564", "units": null}, {"label": "a", "sigma": "2.77E-9", "name": "a", "title": "semi-major axis", "value": ".8824026762418222", "units": "au"}, {"name": "q", "sigma": "4.2801E-8", "value": ".4994365624374625", "title": "perihelion distance", "units": "au", "label": "q"}, {"label": "i", "value": "4.326043708007221", "title": "inclination; angle with respect to x-y ecliptic plane", "units": "deg", "name": "i", "sigma": "2.6621E-6"}, {"sigma": "7.4098E-5", "name": "om", "units": "deg", "value": "134.5885236502163", "title": "longitude of the ascending node", "label": "node"}, {"sigma": "6.1101E-5", "name": "w", "units": "deg", "title": "argument of perihelion", "value": "254.9626390505289", "label": "peri"}, {"label": "M", "sigma": "3.5434E-5", "name": "ma", "units": "deg", "value": "153.8704993283775", "title": "mean anomaly"}, {"name": "tp", "sigma": "2.9284E-5", "units": "TDB", "value": "2461071.094863815519", "title": "time of perihelion passage", "label": "tp"}, {"label": "period", "name": "per", "sigma": "1.4256E-6", "title": "sidereal orbital period", "value": "302.7601082062756", "units": "d"}, {"sigma": "5.599E-9", "name": "n", "units": "deg/d", "value": "1.189060217123208", "title": "mean motion", "label": "n"}, {"label": "Q", "units": "au", "value": "1.265368790046182", "title": "aphelion distance", "name": "ad", "sigma": "3.9722E-9"}], "epoch": "2461200.5"}