{"spkid": "50773680", "covariance": {"elements": [{"label": "e", "value": ".5193304448312526", "title": "eccentricity", "units": null, "sigma": 4.13780513413755e-07, "name": "e"}, {"label": "q", "units": "au", "value": ".8361812783750662", "title": "perihelion distance", "name": "q", "sigma": 7.64024987639938e-07}, {"sigma": 9.62692637960302e-05, "name": "tp", "units": "TDB", "title": "time of perihelion passage", "value": "2458628.276988530394", "label": "tp"}, {"label": "node", "title": "longitude of the ascending node", "value": "175.0305099895852", "units": "deg", "name": "om", "sigma": 2.91731126073654e-05}, {"label": "peri", "name": "w", "sigma": 0.00011481692242707, "title": "argument of perihelion", "value": "300.888884719484", "units": "deg"}, {"sigma": 2.65183920552727e-05, "name": "i", "title": "inclination", "value": "17.10841993055308", "units": "deg", "label": "i"}], "data": [["1.712143132809507E-13", "-3.161369909219972E-13", "-3.936911971962929E-11", "8.180770293945004E-12", "-4.65655712284392E-11", "9.208623900212834E-12"], ["-3.161369909219972E-13", "5.837341817382075E-13", "7.271418270295735E-11", "-1.51002735242178E-11", "8.59894653018604E-11", "-1.700707491431234E-11"], ["-3.936911971962929E-11", "7.271418270295735E-11", "9.26777115182965E-9", "-1.85205693907352E-9", "1.085209177418402E-8", "-2.190646685953201E-9"], ["8.180770293945004E-12", "-1.51002735242178E-11", "-1.85205693907352E-9", "8.510704992020239E-10", "-2.639433792675144E-9", "6.923485784048655E-10"], ["-4.65655712284392E-11", "8.59894653018604E-11", "1.085209177418402E-8", "-2.639433792675144E-9", "1.31829256756239E-8", "-2.80769986801306E-9"], ["9.208623900212834E-12", "-1.700707491431234E-11", "-2.190646685953201E-9", "6.923485784048655E-10", "-2.80769986801306E-9", "7.032251171971477E-10"]], "labels": ["e", "q", "tp", "node", "peri", "i"], "epoch": "2458622.5"}, "elements": [{"sigma": "4.117E-7", "name": "e", "value": ".5194736601294958", "title": "eccentricity", "units": null, "label": "e"}, {"name": "a", "sigma": "8.9503E-8", "title": "semi-major axis", "value": "1.739174637449375", "units": "au", "label": "a"}, {"units": "au", "value": ".8357192229291591", "title": "perihelion distance", "name": "q", "sigma": "7.5896E-7", "label": "q"}, {"sigma": "2.6526E-5", "name": "i", "value": "17.13036150074944", "title": "inclination; angle with respect to x-y ecliptic plane", "units": "deg", "label": "i"}, {"units": "deg", "title": "longitude of the ascending node", "value": "174.8749419445274", "name": "om", "sigma": "2.9016E-5", "label": "node"}, {"label": "peri", "name": "w", "sigma": ".00011462", "title": "argument of perihelion", "value": "301.1175793620965", "units": "deg"}, {"sigma": ".00012757", "name": "ma", "value": "24.86035589765303", "title": "mean anomaly", "units": "deg", "label": "M"}, {"label": "tp", "title": "time of perihelion passage", "value": "2461142.648042577293", "units": "TDB", "name": "tp", "sigma": ".0002924"}, {"units": "d", "title": "sidereal orbital period", "value": "837.7476476167737", "name": "per", "sigma": "6.4669E-5", "label": "period"}, {"units": "deg/d", "value": ".4297236775586643", "title": "mean motion", "name": "n", "sigma": "3.3172E-8", "label": "n"}, {"label": "Q", "name": "ad", "sigma": "1.36E-7", "title": "aphelion distance", "value": "2.64263005196959", "units": "au"}], "epoch": "2461200.5"}