{"spkid": "50773020", "covariance": {"epoch": "2458631.5", "elements": [{"label": "e", "units": null, "title": "eccentricity", "value": ".5752012181320018", "name": "e", "sigma": 9.32098485604723e-07}, {"title": "perihelion distance", "value": ".8168538298475505", "units": "au", "name": "q", "sigma": 1.79154618790456e-06, "label": "q"}, {"label": "tp", "name": "tp", "sigma": 9.42593984011556e-05, "title": "time of perihelion passage", "value": "2458864.881090948465", "units": "TDB"}, {"sigma": 0.00337001048949716, "name": "om", "value": "228.1189227621224", "title": "longitude of the ascending node", "units": "deg", "label": "node"}, {"sigma": 0.00341597589772147, "name": "w", "units": "deg", "title": "argument of perihelion", "value": "30.11968547990598", "label": "peri"}, {"label": "i", "name": "i", "sigma": 2.35091328523633e-05, "value": ".3357204806512624", "title": "inclination", "units": "deg"}], "data": [["8.688075868666185E-13", "-1.669897361198576E-12", "8.648041626882366E-11", "-4.661132829247685E-10", "7.01495518168677E-10", "3.63570172746247E-12"], ["-1.669897361198576E-12", "3.209637743395366E-12", "-1.662188511873976E-10", "8.959483062699026E-10", "-1.348364508441704E-9", "-6.988324996530464E-12"], ["8.648041626882366E-11", "-1.662188511873976E-10", "8.884834186947778E-9", "-4.451329736132523E-8", "6.824777760701806E-8", "3.580351680926048E-10"], ["-4.661132829247685E-10", "8.959483062699026E-10", "-4.451329736132523E-8", "1.135697069932091E-5", "-1.148087553575536E-5", "-7.860659032237753E-8"], ["7.01495518168677E-10", "-1.348364508441704E-9", "6.824777760701806E-8", "-1.148087553575536E-5", "1.166889133381401E-5", "7.958542307608471E-8"], ["3.63570172746247E-12", "-6.988324996530464E-12", "3.580351680926048E-10", "-7.860659032237753E-8", "7.958542307608471E-8", "5.526793274700653E-10"]], "labels": ["e", "q", "tp", "node", "peri", "i"]}, "elements": [{"units": null, "value": ".5758306406618322", "title": "eccentricity", "name": "e", "sigma": "9.2608E-7", "label": "e"}, {"label": "a", "value": "1.918944454854668", "title": "semi-major axis", "units": "au", "name": "a", "sigma": "2.3059E-8"}, {"label": "q", "name": "q", "sigma": "1.7677E-6", "units": "au", "title": "perihelion distance", "value": ".8139574400212342"}, {"label": "i", "name": "i", "sigma": "2.3455E-5", "units": "deg", "value": ".3410962417497814", "title": "inclination; angle with respect to x-y ecliptic plane"}, {"label": "node", "units": "deg", "value": "227.9525841434223", "title": "longitude of the ascending node", "sigma": ".0033098", "name": "om"}, {"label": "peri", "sigma": ".0033559", "name": "w", "units": "deg", "title": "argument of perihelion", "value": "30.38343557738655"}, {"label": "M", "units": "deg", "title": "mean anomaly", "value": "143.7271248709995", "name": "ma", "sigma": "3.5559E-5"}, {"label": "tp", "name": "tp", "sigma": "8.9087E-5", "value": "2460812.860281015178", "title": "time of perihelion passage", "units": "TDB"}, {"name": "per", "sigma": "1.7501E-5", "units": "d", "value": "970.939194392064", "title": "sidereal orbital period", "label": "period"}, {"label": "n", "sigma": "6.6831E-9", "name": "n", "title": "mean motion", "value": ".3707750208038594", "units": "deg/d"}, {"sigma": "3.6337E-8", "name": "ad", "units": "au", "title": "aphelion distance", "value": "3.023931469688102", "label": "Q"}], "epoch": "2461200.5"}