{"spkid": "50774637", "covariance": {"epoch": "2459562.5", "labels": ["e", "q", "tp", "node", "peri", "i"], "data": [["3.058442376063144E-14", "-3.229089042758602E-14", "8.921690430673288E-12", "2.922786819302632E-12", "6.956191526921093E-13", "3.658665623008863E-13"], ["-3.229089042758602E-14", "3.41033622284952E-14", "-9.351056451589227E-12", "-3.069727003998285E-12", "-7.235215088729999E-13", "-3.850406549505754E-13"], ["8.921690430673288E-12", "-9.351056451589227E-12", "3.191036434420331E-9", "9.829490763881769E-10", "3.281984102161699E-10", "1.18378653293433E-10"], ["2.922786819302632E-12", "-3.069727003998285E-12", "9.829490763881769E-10", "2.356530504537118E-9", "-1.922705344912181E-9", "1.981867715621324E-10"], ["6.956191526921093E-13", "-7.235215088729999E-13", "3.281984102161699E-10", "-1.922705344912181E-9", "2.051508405844031E-9", "-1.460440534669533E-10"], ["3.658665623008863E-13", "-3.850406549505754E-13", "1.18378653293433E-10", "1.981867715621324E-10", "-1.460440534669533E-10", "4.573858365456053E-11"]], "elements": [{"name": "e", "sigma": 1.7488402946133e-07, "units": null, "value": ".4627985770813138", "title": "eccentricity", "label": "e"}, {"units": "au", "title": "perihelion distance", "value": ".5774083323740699", "sigma": 1.84670956645855e-07, "name": "q", "label": "q"}, {"title": "time of perihelion passage", "value": "2459434.042696022753", "units": "TDB", "sigma": 5.64892594607181e-05, "name": "tp", "label": "tp"}, {"label": "node", "sigma": 4.85441088551136e-05, "name": "om", "title": "longitude of the ascending node", "value": "36.54816663646194", "units": "deg"}, {"sigma": 4.5293580183554e-05, "name": "w", "value": "61.95130255589415", "title": "argument of perihelion", "units": "deg", "label": "peri"}, {"sigma": 6.76303065604175e-06, "name": "i", "title": "inclination", "value": "6.978631196182177", "units": "deg", "label": "i"}]}, "elements": [{"label": "e", "value": ".4628877053646493", "title": "eccentricity", "units": null, "name": "e", "sigma": "1.7386E-7"}, {"label": "a", "value": "1.075058290153565", "title": "semi-major axis", "units": "au", "name": "a", "sigma": "5.4181E-9"}, {"label": "q", "title": "perihelion distance", "value": ".5774270250911376", "units": "au", "name": "q", "sigma": "1.8552E-7"}, {"label": "i", "value": "6.976580484332948", "title": "inclination; angle with respect to x-y ecliptic plane", "units": "deg", "sigma": "6.7778E-6", "name": "i"}, {"label": "node", "sigma": "4.856E-5", "name": "om", "units": "deg", "value": "36.510911877715", "title": "longitude of the ascending node"}, {"label": "peri", "units": "deg", "value": "61.95231432607134", "title": "argument of perihelion", "sigma": "4.536E-5", "name": "w"}, {"sigma": "6.3245E-5", "name": "ma", "value": "122.093049030928", "title": "mean anomaly", "units": "deg", "label": "M"}, {"sigma": "7.0676E-5", "name": "tp", "units": "TDB", "title": "time of perihelion passage", "value": "2461062.418694513325", "label": "tp"}, {"label": "period", "value": "407.1425062258119", "title": "sidereal orbital period", "units": "d", "name": "per", "sigma": "3.0779E-6"}, {"label": "n", "name": "n", "sigma": "6.6843E-9", "units": "deg/d", "value": ".8842112884188383", "title": "mean motion"}, {"sigma": "7.926E-9", "name": "ad", "title": "aphelion distance", "value": "1.572689555215992", "units": "au", "label": "Q"}], "epoch": "2461200.5"}