{"spkid": "50775228", "covariance": {"epoch": "2458397.5", "labels": ["e", "q", "tp", "node", "peri", "i"], "data": [["5.70562026172074E-15", "-1.815939485814513E-14", "1.13568785133133E-12", "-1.645592077891656E-12", "1.124341317589057E-12", "-1.502314715125844E-13"], ["-1.815939485814513E-14", "5.958571403315065E-14", "-3.577738480662045E-12", "5.355069642732429E-12", "-3.453869023498999E-12", "5.171945284875525E-13"], ["1.13568785133133E-12", "-3.577738480662045E-12", "5.728730620034791E-10", "-4.996191087101918E-10", "5.068990161597067E-10", "-4.955746163759188E-11"], ["-1.645592077891656E-12", "5.355069642732429E-12", "-4.996191087101918E-10", "2.084324282156659E-9", "-1.925174544631991E-9", "-4.031326562575597E-12"], ["1.124341317589057E-12", "-3.453869023498999E-12", "5.068990161597067E-10", "-1.925174544631991E-9", "1.914361110537109E-9", "1.766238044892297E-11"], ["-1.502314715125844E-13", "5.171945284875525E-13", "-4.955746163759188E-11", "-4.031326562575597E-12", "1.766238044892297E-11", "6.512049926842996E-11"]], "elements": [{"label": "e", "units": null, "title": "eccentricity", "value": ".6010790598829072", "name": "e", "sigma": 7.55355562746495e-08}, {"label": "q", "name": "q", "sigma": 2.44101851761003e-07, "units": "au", "title": "perihelion distance", "value": "1.050733760176275"}, {"label": "tp", "units": "TDB", "value": "2457937.239636104226", "title": "time of perihelion passage", "name": "tp", "sigma": 2.39347668048694e-05}, {"label": "node", "name": "om", "sigma": 4.56544004687025e-05, "units": "deg", "value": "308.5476503827715", "title": "longitude of the ascending node"}, {"label": "peri", "units": "deg", "value": "357.6506112408479", "title": "argument of perihelion", "sigma": 4.37534125587606e-05, "name": "w"}, {"sigma": 8.06972733544511e-06, "name": "i", "units": "deg", "value": "9.930407831310761", "title": "inclination", "label": "i"}]}, "elements": [{"units": null, "value": ".6009802735442694", "title": "eccentricity", "sigma": "7.4919E-8", "name": "e", "label": "e"}, {"label": "a", "units": "au", "value": "2.633373005371451", "title": "semi-major axis", "name": "a", "sigma": "1.5163E-7"}, {"label": "q", "name": "q", "sigma": "2.4311E-7", "units": "au", "title": "perihelion distance", "value": "1.050767776259222"}, {"label": "i", "name": "i", "sigma": "8.0694E-6", "value": "9.928309162035115", "title": "inclination; angle with respect to x-y ecliptic plane", "units": "deg"}, {"label": "node", "name": "om", "sigma": "4.5671E-5", "units": "deg", "title": "longitude of the ascending node", "value": "308.5414659827575"}, {"label": "peri", "value": "357.6530556899243", "title": "argument of perihelion", "units": "deg", "name": "w", "sigma": "4.3779E-5"}, {"name": "ma", "sigma": "6.1378E-5", "value": "32.85480234318239", "title": "mean anomaly", "units": "deg", "label": "M"}, {"name": "tp", "sigma": ".00025386", "units": "TDB", "title": "time of perihelion passage", "value": "2461058.049704703747", "label": "tp"}, {"label": "period", "title": "sidereal orbital period", "value": "1560.870942731228", "units": "d", "name": "per", "sigma": ".00013481"}, {"units": "deg/d", "title": "mean motion", "value": ".2306404649766036", "name": "n", "sigma": "1.992E-8", "label": "n"}, {"label": "Q", "units": "au", "value": "4.21597823448368", "title": "aphelion distance", "sigma": "2.4275E-7", "name": "ad"}], "epoch": "2461200.5"}