{"spkid": "50778099", "covariance": {"epoch": "2458212.5", "labels": ["e", "q", "tp", "node", "peri", "i"], "elements": [{"name": "e", "sigma": 1.06103236994661e-06, "title": "eccentricity", "value": ".4465837367240709", "units": null, "label": "e"}, {"name": "q", "sigma": 1.02835964622369e-06, "title": "perihelion distance", "value": ".543809262850198", "units": "au", "label": "q"}, {"label": "tp", "sigma": 5.83137545527166e-05, "name": "tp", "title": "time of perihelion passage", "value": "2458383.437219245551", "units": "TDB"}, {"units": "deg", "value": "122.9931963977997", "title": "longitude of the ascending node", "sigma": 5.08787754032847e-06, "name": "om", "label": "node"}, {"sigma": 5.41985377766958e-05, "name": "w", "value": "299.8138624502563", "title": "argument of perihelion", "units": "deg", "label": "peri"}, {"units": "deg", "title": "inclination", "value": "17.90293465636354", "sigma": 6.03118810230076e-05, "name": "i", "label": "i"}], "data": [["1.125789690074516E-12", "-1.091048826914229E-12", "-6.088064114836208E-11", "-5.36782196307817E-13", "5.740624996428055E-11", "5.400315916930531E-11"], ["-1.091048826914229E-12", "1.057523561981306E-12", "5.912263144540875E-11", "4.953114734718637E-13", "-5.56543926648714E-11", "-5.224966781149184E-11"], ["-6.088064114836208E-11", "5.912263144540875E-11", "3.400493970034473E-9", "1.666819099833093E-11", "-3.121703736906925E-9", "-2.829015554522905E-9"], ["-5.36782196307817E-13", "4.953114734718637E-13", "1.666819099833093E-11", "2.58864978653789E-11", "-3.346746181192709E-11", "-7.995128244490368E-11"], ["5.740624996428055E-11", "-5.56543926648714E-11", "-3.121703736906925E-9", "-3.346746181192709E-11", "2.937481497131925E-9", "2.798273033474106E-9"], ["5.400315916930531E-11", "-5.224966781149184E-11", "-2.829015554522905E-9", "-7.995128244490368E-11", "2.798273033474106E-9", "3.637522992533428E-9"]]}, "elements": [{"label": "e", "sigma": "1.062E-6", "name": "e", "units": null, "value": ".4465242923952319", "title": "eccentricity"}, {"label": "a", "name": "a", "sigma": "3.6043E-8", "units": "au", "value": ".9826864030765023", "title": "semi-major axis"}, {"label": "q", "units": "au", "title": "perihelion distance", "value": ".5438930522963514", "name": "q", "sigma": "1.0272E-6"}, {"label": "i", "name": "i", "sigma": "6.0318E-5", "value": "17.90466911281376", "title": "inclination; angle with respect to x-y ecliptic plane", "units": "deg"}, {"name": "om", "sigma": "5.0601E-6", "units": "deg", "title": "longitude of the ascending node", "value": "122.9535696666477", "label": "node"}, {"title": "argument of perihelion", "value": "299.9021891830191", "units": "deg", "sigma": "5.4224E-5", "name": "w", "label": "peri"}, {"units": "deg", "value": "330.6266302966431", "title": "mean anomaly", "name": "ma", "sigma": ".00012175", "label": "M"}, {"sigma": ".00012181", "name": "tp", "units": "TDB", "title": "time of perihelion passage", "value": "2461229.531676647593", "label": "tp"}, {"label": "period", "units": "d", "value": "355.8122101305582", "title": "sidereal orbital period", "name": "per", "sigma": "1.9576E-5"}, {"name": "n", "sigma": "5.5665E-8", "value": "1.011769663182456", "title": "mean motion", "units": "deg/d", "label": "n"}, {"label": "Q", "name": "ad", "sigma": "5.2138E-8", "value": "1.421479753856653", "title": "aphelion distance", "units": "au"}], "epoch": "2461200.5"}