{"spkid": "50775230", "covariance": {"epoch": "2458586.5", "elements": [{"units": null, "title": "eccentricity", "value": ".5759534445414357", "sigma": 4.63867750117863e-08, "name": "e", "label": "e"}, {"units": "au", "value": ".983324870239807", "title": "perihelion distance", "name": "q", "sigma": 1.07965929512117e-07, "label": "q"}, {"sigma": 3.01287238343344e-05, "name": "tp", "title": "time of perihelion passage", "value": "2457964.830621317257", "units": "TDB", "label": "tp"}, {"sigma": 1.22265264985888e-05, "name": "om", "units": "deg", "title": "longitude of the ascending node", "value": "93.39893298156571", "label": "node"}, {"name": "w", "sigma": 2.60633082995357e-05, "units": "deg", "title": "argument of perihelion", "value": "218.1062408685147", "label": "peri"}, {"label": "i", "name": "i", "sigma": 1.02432483421278e-05, "value": "14.00520918336591", "title": "inclination", "units": "deg"}], "data": [["2.151732895994084E-15", "-4.990664148221803E-15", "-2.124682687775139E-13", "-1.367107611641975E-14", "2.743155891240142E-13", "-6.44992452863848E-14"], ["-4.990664148221803E-15", "1.165664193541546E-14", "6.878581954508778E-13", "2.434338939140022E-14", "-4.84905482678197E-13", "1.981155345337553E-13"], ["-2.124682687775139E-13", "6.878581954508778E-13", "9.077399998855891E-10", "-1.283795216864423E-11", "6.362287481877899E-10", "1.910061681071249E-10"], ["-1.367107611641975E-14", "2.434338939140022E-14", "-1.283795216864423E-11", "1.494879502206933E-10", "-1.574115535218851E-10", "-5.819624956857561E-11"], ["2.743155891240142E-13", "-4.84905482678197E-13", "6.362287481877899E-10", "-1.574115535218851E-10", "6.79296039516645E-10", "1.836816915710461E-10"], ["-6.44992452863848E-14", "1.981155345337553E-13", "1.910061681071249E-10", "-5.819624956857561E-11", "1.836816915710461E-10", "1.049241365985046E-10"]], "labels": ["e", "q", "tp", "node", "peri", "i"]}, "elements": [{"label": "e", "units": null, "title": "eccentricity", "value": ".5776023662460562", "name": "e", "sigma": "4.7387E-8"}, {"sigma": "1.8634E-8", "name": "a", "title": "semi-major axis", "value": "2.320686114152617", "units": "au", "label": "a"}, {"sigma": "1.1099E-7", "name": "q", "units": "au", "value": ".9802523233037", "title": "perihelion distance", "label": "q"}, {"name": "i", "sigma": "1.0225E-5", "units": "deg", "value": "13.96160219517117", "title": "inclination; angle with respect to x-y ecliptic plane", "label": "i"}, {"sigma": "1.2306E-5", "name": "om", "value": "93.27651840311397", "title": "longitude of the ascending node", "units": "deg", "label": "node"}, {"name": "w", "sigma": "2.581E-5", "value": "218.3936777756565", "title": "argument of perihelion", "units": "deg", "label": "peri"}, {"units": "deg", "value": "182.4227257915305", "title": "mean anomaly", "name": "ma", "sigma": "1.8734E-5", "label": "M"}, {"label": "tp", "name": "tp", "sigma": "7.4119E-5", "units": "TDB", "title": "time of perihelion passage", "value": "2461837.453776546453"}, {"label": "period", "units": "d", "value": "1291.287753902164", "title": "sidereal orbital period", "sigma": "1.5553E-5", "name": "per"}, {"units": "deg/d", "value": ".2787914614013105", "title": "mean motion", "name": "n", "sigma": "3.3579E-9", "label": "n"}, {"label": "Q", "name": "ad", "sigma": "2.9397E-8", "value": "3.661119905001534", "title": "aphelion distance", "units": "au"}], "epoch": "2461200.5"}