{"spkid": "50774088", "covariance": {"elements": [{"name": "e", "sigma": 7.13720132425181e-08, "title": "eccentricity", "value": ".5628650755849397", "units": null, "label": "e"}, {"title": "perihelion distance", "value": ".9987005168336869", "units": "au", "sigma": 1.72001628214102e-07, "name": "q", "label": "q"}, {"label": "tp", "name": "tp", "sigma": 0.000110889027207871, "value": "2458054.763174996500", "title": "time of perihelion passage", "units": "TDB"}, {"name": "om", "sigma": 5.51213788995988e-05, "units": "deg", "value": "116.2321068579671", "title": "longitude of the ascending node", "label": "node"}, {"label": "peri", "units": "deg", "title": "argument of perihelion", "value": "202.6971916941342", "sigma": 6.51246751770678e-05, "name": "w"}, {"name": "i", "sigma": 5.51303405068854e-06, "units": "deg", "value": "14.37274896745537", "title": "inclination", "label": "i"}], "data": [["5.093964274290179E-15", "-1.224717536631013E-14", "5.097392321778406E-12", "-4.631575373673628E-13", "2.084962762641676E-12", "1.770952803079688E-13"], ["-1.224717536631013E-14", "2.958456010830204E-14", "-1.312166555852963E-11", "1.180507624519327E-12", "-5.259589288518247E-12", "-4.492367943157309E-13"], ["5.097392321778406E-12", "-1.312166555852963E-11", "1.229637635510797E-8", "-9.452015187144163E-10", "4.148034307961133E-9", "3.884445155350142E-10"], ["-4.631575373673628E-13", "1.180507624519327E-12", "-9.452015187144163E-10", "3.038366411793137E-9", "-3.196810839088815E-9", "-2.869791381940069E-12"], ["2.084962762641676E-12", "-5.259589288518247E-12", "4.148034307961133E-9", "-3.196810839088815E-9", "4.24122331691859E-9", "1.065132892897989E-10"], ["1.770952803079688E-13", "-4.492367943157309E-13", "3.884445155350142E-10", "-2.869791381940069E-12", "1.065132892897989E-10", "3.039354444405132E-11"]], "labels": ["e", "q", "tp", "node", "peri", "i"], "epoch": "2458502.5"}, "elements": [{"sigma": "7.2054E-8", "name": "e", "value": ".5645735231203485", "title": "eccentricity", "units": null, "label": "e"}, {"sigma": "3.7238E-8", "name": "a", "units": "au", "value": "2.285122588458576", "title": "semi-major axis", "label": "a"}, {"label": "q", "units": "au", "title": "perihelion distance", "value": ".9950028779306278", "name": "q", "sigma": "1.7519E-7"}, {"units": "deg", "value": "14.38465484890891", "title": "inclination; angle with respect to x-y ecliptic plane", "name": "i", "sigma": "5.5065E-6", "label": "i"}, {"units": "deg", "title": "longitude of the ascending node", "value": "116.19777180534", "name": "om", "sigma": "5.5111E-5", "label": "node"}, {"label": "peri", "units": "deg", "title": "argument of perihelion", "value": "202.8304600485254", "sigma": "6.4923E-5", "name": "w"}, {"sigma": "1.5126E-5", "name": "ma", "value": "177.4321960922299", "title": "mean anomaly", "units": "deg", "label": "M"}, {"sigma": "6.33E-5", "name": "tp", "units": "TDB", "title": "time of perihelion passage", "value": "2460578.640019371357", "label": "tp"}, {"units": "d", "value": "1261.719112747402", "title": "sidereal orbital period", "name": "per", "sigma": "3.0842E-5", "label": "period"}, {"sigma": "6.9745E-9", "name": "n", "units": "deg/d", "value": ".2853249953677071", "title": "mean motion", "label": "n"}, {"label": "Q", "units": "au", "title": "aphelion distance", "value": "3.575242298986525", "name": "ad", "sigma": "5.8262E-8"}], "epoch": "2461200.5"}