{"spkid": "50774709", "covariance": {"labels": ["e", "q", "tp", "node", "peri", "i"], "data": [["6.858835254423758E-12", "-7.472162027509716E-12", "9.035568189540332E-10", "3.785550683677382E-12", "-5.626533503184835E-11", "2.667513210087039E-11"], ["-7.472162027509716E-12", "8.198804928024249E-12", "-1.046016208586011E-9", "-6.02692138732291E-12", "2.625733693591064E-11", "-1.847568299502689E-11"], ["9.035568189540332E-10", "-1.046016208586011E-9", "1.857864309099741E-7", "2.560237034656879E-9", "3.076991967052601E-8", "-7.873871442852686E-9"], ["3.785550683677382E-12", "-6.02692138732291E-12", "2.560237034656879E-9", "2.590869112935047E-10", "9.58029608977011E-10", "-1.845507776068823E-10"], ["-5.626533503184835E-11", "2.625733693591064E-11", "3.076991967052601E-8", "9.58029608977011E-10", "2.252681536632876E-8", "-6.873926083112384E-9"], ["2.667513210087039E-11", "-1.847568299502689E-11", "-7.873871442852686E-9", "-1.845507776068823E-10", "-6.873926083112384E-9", "3.252329314326639E-9"]], "elements": [{"name": "e", "sigma": 2.6189378103391e-06, "units": null, "value": ".3344667194045426", "title": "eccentricity", "label": "e"}, {"sigma": 2.86335553643348e-06, "name": "q", "value": ".6849516030204763", "title": "perihelion distance", "units": "au", "label": "q"}, {"sigma": 0.000431029501206094, "name": "tp", "units": "TDB", "title": "time of perihelion passage", "value": "2457799.175456839098", "label": "tp"}, {"units": "deg", "value": "57.18563552245464", "title": "longitude of the ascending node", "name": "om", "sigma": 1.60961769154512e-05, "label": "node"}, {"name": "w", "sigma": 0.000150089357938292, "title": "argument of perihelion", "value": "56.40370097787701", "units": "deg", "label": "peri"}, {"label": "i", "sigma": 5.70291970338584e-05, "name": "i", "title": "inclination", "value": "8.788009961546971", "units": "deg"}], "epoch": "2457923.5"}, "elements": [{"label": "e", "name": "e", "sigma": "2.6215E-6", "units": null, "value": ".3345284014918304", "title": "eccentricity"}, {"value": "1.029149131278438", "title": "semi-major axis", "units": "au", "sigma": "4.1898E-7", "name": "a", "label": "a"}, {"name": "q", "sigma": "2.8621E-6", "value": ".684869517495156", "title": "perihelion distance", "units": "au", "label": "q"}, {"label": "i", "title": "inclination; angle with respect to x-y ecliptic plane", "value": "8.786413041124645", "units": "deg", "sigma": "5.7002E-5", "name": "i"}, {"sigma": "1.6453E-5", "name": "om", "units": "deg", "title": "longitude of the ascending node", "value": "57.14944888090413", "label": "node"}, {"label": "peri", "name": "w", "sigma": ".00014953", "units": "deg", "value": "56.48022564107954", "title": "argument of perihelion"}, {"units": "deg", "value": "330.3764908661494", "title": "mean anomaly", "name": "ma", "sigma": ".0016273", "label": "M"}, {"name": "tp", "sigma": ".0017429", "units": "TDB", "title": "time of perihelion passage", "value": "2461231.879780150660", "label": "tp"}, {"label": "period", "value": "381.3431016289956", "title": "sidereal orbital period", "units": "d", "sigma": ".00023287", "name": "per"}, {"title": "mean motion", "value": ".9440317615873381", "units": "deg/d", "name": "n", "sigma": "5.7649E-7", "label": "n"}, {"label": "Q", "name": "ad", "sigma": "5.5914E-7", "value": "1.37342874506172", "title": "aphelion distance", "units": "au"}], "epoch": "2461200.5"}