{"spkid": "50776097", "covariance": {"elements": [{"sigma": 1.44758515018449e-07, "name": "e", "title": "eccentricity", "value": ".6558336967824149", "units": null, "label": "e"}, {"value": ".3918368542144334", "title": "perihelion distance", "units": "au", "sigma": 1.54686252359026e-07, "name": "q", "label": "q"}, {"sigma": 3.58716150291948e-05, "name": "tp", "units": "TDB", "value": "2458443.346352371514", "title": "time of perihelion passage", "label": "tp"}, {"label": "node", "name": "om", "sigma": 1.54371347516585e-05, "value": "111.2160034047192", "title": "longitude of the ascending node", "units": "deg"}, {"label": "peri", "value": "300.2571306879304", "title": "argument of perihelion", "units": "deg", "name": "w", "sigma": 1.87711487950942e-05}, {"value": "7.071831522679548", "title": "inclination", "units": "deg", "sigma": 1.20110781676522e-05, "name": "i", "label": "i"}], "data": [["2.095502767034665E-14", "-2.220502157616207E-14", "1.598860039606899E-12", "4.406008354286856E-14", "1.545998081808317E-12", "1.446029602150156E-13"], ["-2.220502157616207E-14", "2.392783666888025E-14", "-1.018949578879564E-12", "-2.891264155615823E-14", "-1.71645864714021E-12", "-1.718103307693232E-13"], ["1.598860039606899E-12", "-1.018949578879564E-12", "1.286772764802751E-9", "5.866901594025584E-11", "-2.771903656048355E-11", "-2.057473222831239E-11"], ["4.406008354286856E-14", "-2.891264155615823E-14", "5.866901594025584E-11", "2.38305129340862E-10", "-2.250726359914863E-10", "-1.083160393351243E-10"], ["1.545998081808317E-12", "-1.71645864714021E-12", "-2.771903656048355E-11", "-2.250726359914863E-10", "3.523560270875679E-10", "1.224406880701036E-10"], ["1.446029602150156E-13", "-1.718103307693232E-13", "-2.057473222831239E-11", "-1.083160393351243E-10", "1.224406880701036E-10", "1.442659987494514E-10"]], "labels": ["e", "q", "tp", "node", "peri", "i"], "epoch": "2458356.5"}, "elements": [{"label": "e", "sigma": "1.4437E-7", "name": "e", "title": "eccentricity", "value": ".6556530311224966", "units": null}, {"title": "semi-major axis", "value": "1.13859579035076", "units": "au", "sigma": "6.2089E-8", "name": "a", "label": "a"}, {"title": "perihelion distance", "value": ".3920720091839693", "units": "au", "name": "q", "sigma": "1.5484E-7", "label": "q"}, {"units": "deg", "title": "inclination; angle with respect to x-y ecliptic plane", "value": "7.075208509927907", "sigma": "1.2013E-5", "name": "i", "label": "i"}, {"sigma": "1.5421E-5", "name": "om", "title": "longitude of the ascending node", "value": "111.1644742960515", "units": "deg", "label": "node"}, {"name": "w", "sigma": "1.8811E-5", "units": "deg", "value": "300.2912506130766", "title": "argument of perihelion", "label": "peri"}, {"name": "ma", "sigma": ".00022144", "units": "deg", "title": "mean anomaly", "value": "76.99924010348373", "label": "M"}, {"label": "tp", "name": "tp", "sigma": ".0002652", "value": "2461105.584590456200", "title": "time of perihelion passage", "units": "TDB"}, {"value": "443.7647357278525", "title": "sidereal orbital period", "units": "d", "sigma": "3.6299E-5", "name": "per", "label": "period"}, {"label": "n", "name": "n", "sigma": "6.6357E-8", "units": "deg/d", "value": ".8112406665426816", "title": "mean motion"}, {"units": "au", "title": "aphelion distance", "value": "1.88511957151755", "sigma": "1.028E-7", "name": "ad", "label": "Q"}], "epoch": "2461200.5"}