{"spkid": "50776301", "covariance": {"data": [["6.824177779960314E-13", "-7.49402292706029E-13", "9.442872101226884E-13", "1.443906770887719E-11", "-6.556194749601878E-12", "3.588866201034214E-11"], ["-7.49402292706029E-13", "8.242965121464099E-13", "-2.353878588387416E-12", "-1.584002366540606E-11", "6.197015063192217E-12", "-3.922570786469543E-11"], ["9.442872101226884E-13", "-2.353878588387416E-12", "6.138616847514422E-9", "6.696859685610057E-10", "3.374956376132219E-9", "5.060867603022712E-10"], ["1.443906770887719E-11", "-1.584002366540606E-11", "6.696859685610057E-10", "1.077922272164936E-9", "-4.897334306203127E-10", "1.229237689823494E-9"], ["-6.556194749601878E-12", "6.197015063192217E-12", "3.374956376132219E-9", "-4.897334306203127E-10", "2.710869895532609E-9", "-5.525372968954455E-10"], ["3.588866201034214E-11", "-3.922570786469543E-11", "5.060867603022712E-10", "1.229237689823494E-9", "-5.525372968954455E-10", "2.508652157882585E-9"]], "elements": [{"value": ".2544544004312665", "title": "eccentricity", "units": null, "name": "e", "sigma": 8.26085817573472e-07, "label": "e"}, {"sigma": 9.07907766321233e-07, "name": "q", "value": ".7127658863411741", "title": "perihelion distance", "units": "au", "label": "q"}, {"label": "tp", "value": "2458161.727277257652", "title": "time of perihelion passage", "units": "TDB", "name": "tp", "sigma": 7.83493257629855e-05}, {"label": "node", "sigma": 3.28317266095607e-05, "name": "om", "units": "deg", "title": "longitude of the ascending node", "value": "276.1990524159182"}, {"label": "peri", "value": "228.1953402388481", "title": "argument of perihelion", "units": "deg", "sigma": 5.20660147844312e-05, "name": "w"}, {"label": "i", "name": "i", "sigma": 5.00864468482501e-05, "value": "18.60757035423644", "title": "inclination", "units": "deg"}], "labels": ["e", "q", "tp", "node", "peri", "i"], "epoch": "2458074.5"}, "elements": [{"label": "e", "units": null, "value": ".2546342105259664", "title": "eccentricity", "name": "e", "sigma": "8.2716E-7"}, {"label": "a", "units": "au", "value": ".9561632104556591", "title": "semi-major axis", "sigma": "1.6196E-7", "name": "a"}, {"units": "au", "title": "perihelion distance", "value": ".7126913462273088", "sigma": "9.0683E-7", "name": "q", "label": "q"}, {"label": "i", "sigma": "5.007E-5", "name": "i", "units": "deg", "value": "18.60755362669737", "title": "inclination; angle with respect to x-y ecliptic plane"}, {"sigma": "3.2901E-5", "name": "om", "units": "deg", "title": "longitude of the ascending node", "value": "276.1584076785061", "label": "node"}, {"sigma": "5.1974E-5", "name": "w", "units": "deg", "title": "argument of perihelion", "value": "228.2110546001985", "label": "peri"}, {"title": "mean anomaly", "value": "323.6681581162899", "units": "deg", "sigma": ".00081131", "name": "ma", "label": "M"}, {"name": "tp", "sigma": ".00077834", "units": "TDB", "value": "2461234.965246270517", "title": "time of perihelion passage", "label": "tp"}, {"title": "sidereal orbital period", "value": "341.5045319502232", "units": "d", "sigma": "8.6771E-5", "name": "per", "label": "period"}, {"label": "n", "value": "1.054158777759566", "title": "mean motion", "units": "deg/d", "sigma": "2.6784E-7", "name": "n"}, {"value": "1.199635074684009", "title": "aphelion distance", "units": "au", "sigma": "2.032E-7", "name": "ad", "label": "Q"}], "epoch": "2461200.5"}