{"spkid": "50774394", "covariance": {"epoch": "2459313.5", "elements": [{"name": "e", "sigma": 9.52580533431911e-07, "title": "eccentricity", "value": ".4305441231891844", "units": null, "label": "e"}, {"label": "q", "name": "q", "sigma": 1.36130801107295e-06, "units": "au", "title": "perihelion distance", "value": ".7711303323754066"}, {"label": "tp", "sigma": 0.000137029953472528, "name": "tp", "units": "TDB", "value": "2459513.521350021652", "title": "time of perihelion passage"}, {"label": "node", "units": "deg", "title": "longitude of the ascending node", "value": "46.98968936769553", "sigma": 9.66366791364187e-05, "name": "om"}, {"name": "w", "sigma": 0.000208057705729763, "title": "argument of perihelion", "value": "69.36188130616104", "units": "deg", "label": "peri"}, {"name": "i", "sigma": 2.30798251134371e-05, "title": "inclination", "value": "6.473016687895809", "units": "deg", "label": "i"}], "data": [["9.074096726734249E-13", "-1.296748495779313E-12", "1.211065922908736E-10", "-8.129396535017189E-11", "1.838543073643082E-10", "1.286331157207801E-11"], ["-1.296748495779313E-12", "1.853159501011392E-12", "-1.732877619712449E-10", "1.162932388284593E-10", "-2.630379960212597E-10", "-1.844633531144392E-11"], ["1.211065922908736E-10", "-1.732877619712449E-10", "1.877720814868309E-8", "-1.223090744815197E-8", "2.804873912914133E-8", "2.463129046680628E-9"], ["-8.129396535017189E-11", "1.162932388284593E-10", "-1.223090744815197E-8", "9.338647754515147E-9", "-1.964576981737127E-8", "-1.877809710627413E-9"], ["1.838543073643082E-10", "-2.630379960212597E-10", "2.804873912914133E-8", "-1.964576981737127E-8", "4.328800891353264E-8", "3.941024047752144E-9"], ["1.286331157207801E-11", "-1.844633531144392E-11", "2.463129046680628E-9", "-1.877809710627413E-9", "3.941024047752144E-9", "5.326783272668415E-10"]], "labels": ["e", "q", "tp", "node", "peri", "i"]}, "elements": [{"sigma": "9.5322E-7", "name": "e", "value": ".4304452584031164", "title": "eccentricity", "units": null, "label": "e"}, {"value": "1.353391447111607", "title": "semi-major axis", "units": "au", "sigma": "1.2379E-7", "name": "a", "label": "a"}, {"label": "q", "name": "q", "sigma": "1.3604E-6", "units": "au", "title": "perihelion distance", "value": ".7708305159390836"}, {"label": "i", "units": "deg", "value": "6.474884161608873", "title": "inclination; angle with respect to x-y ecliptic plane", "name": "i", "sigma": "2.3083E-5"}, {"name": "om", "sigma": "9.6682E-5", "title": "longitude of the ascending node", "value": "46.95698316192131", "units": "deg", "label": "node"}, {"title": "argument of perihelion", "value": "69.43175017500089", "units": "deg", "name": "w", "sigma": ".00020804", "label": "peri"}, {"value": "335.4808354635221", "title": "mean anomaly", "units": "deg", "sigma": "7.0504E-5", "name": "ma", "label": "M"}, {"label": "tp", "name": "tp", "sigma": ".0001176", "units": "TDB", "value": "2461239.668481546563", "title": "time of perihelion passage"}, {"label": "period", "title": "sidereal orbital period", "value": "575.0870236946608", "units": "d", "sigma": "7.89E-5", "name": "per"}, {"label": "n", "sigma": "8.5884E-8", "name": "n", "title": "mean motion", "value": ".6259922153818931", "units": "deg/d"}, {"units": "au", "value": "1.93595237828413", "title": "aphelion distance", "sigma": "1.7707E-7", "name": "ad", "label": "Q"}], "epoch": "2461200.5"}