{"spkid": "50781474", "covariance": {"epoch": "2458138.5", "elements": [{"label": "e", "sigma": 4.91876296456221e-05, "name": "e", "title": "eccentricity", "value": ".4193913599942897", "units": null}, {"label": "q", "sigma": 4.28239911544974e-05, "name": "q", "units": "au", "title": "perihelion distance", "value": ".5013712282643888"}, {"name": "tp", "sigma": 0.00444793284972321, "units": "TDB", "value": "2458208.129206139983", "title": "time of perihelion passage", "label": "tp"}, {"label": "node", "units": "deg", "value": "344.7816940495604", "title": "longitude of the ascending node", "sigma": 9.01597616960716e-05, "name": "om"}, {"units": "deg", "value": "216.0014724345669", "title": "argument of perihelion", "sigma": 0.000176446148579461, "name": "w", "label": "peri"}, {"value": "5.678172000785533", "title": "inclination", "units": "deg", "name": "i", "sigma": 0.000879220982999095, "label": "i"}], "data": [["2.419422910154887E-9", "-2.106410613945265E-9", "2.187638243569886E-7", "4.052134389503719E-9", "7.835222995028321E-9", "4.318989093140807E-8"], ["-2.106410613945265E-9", "1.833894218400471E-9", "-1.904614206994037E-7", "-3.527826936525536E-9", "-6.821685815353367E-9", "-3.760213265737678E-8"], ["2.187638243569886E-7", "-1.904614206994037E-7", "1.978410663564682E-5", "3.644230025813595E-7", "7.12863600632049E-7", "3.902675875306954E-6"], ["4.052134389503719E-9", "-3.527826936525536E-9", "3.644230025813595E-7", "8.128782629092427E-9", "1.041609918123302E-8", "7.3747468775736E-8"], ["7.835222995028321E-9", "-6.821685815353367E-9", "7.12863600632049E-7", "1.041609918123302E-8", "3.113324334852517E-8", "1.366938977366733E-7"], ["4.318989093140807E-8", "-3.760213265737678E-8", "3.902675875306954E-6", "7.3747468775736E-8", "1.366938977366733E-7", "7.730295369458941E-7"]], "labels": ["e", "q", "tp", "node", "peri", "i"]}, "elements": [{"label": "e", "value": ".4190531336965463", "title": "eccentricity", "units": null, "sigma": "4.9467E-5", "name": "e"}, {"label": "a", "units": "au", "value": ".8634054982716134", "title": "semi-major axis", "name": "a", "sigma": "2.557E-7"}, {"label": "q", "title": "perihelion distance", "value": ".5015927185700658", "units": "au", "name": "q", "sigma": "4.2561E-5"}, {"sigma": ".00087562", "name": "i", "title": "inclination; angle with respect to x-y ecliptic plane", "value": "5.739896290507144", "units": "deg", "label": "i"}, {"label": "node", "units": "deg", "title": "longitude of the ascending node", "value": "344.5383665153483", "sigma": ".00014119", "name": "om"}, {"value": "216.2614354357179", "title": "argument of perihelion", "units": "deg", "name": "w", "sigma": ".00019151", "label": "peri"}, {"label": "M", "title": "mean anomaly", "value": "77.94694774187603", "units": "deg", "sigma": ".0083132", "name": "ma"}, {"label": "tp", "name": "tp", "sigma": ".0067387", "units": "TDB", "value": "2461137.052099654100", "title": "time of perihelion passage"}, {"label": "period", "name": "per", "sigma": ".00013017", "value": "293.0357735130773", "title": "sidereal orbital period", "units": "d"}, {"label": "n", "value": "1.228518947308439", "title": "mean motion", "units": "deg/d", "name": "n", "sigma": "5.4574E-7"}, {"title": "aphelion distance", "value": "1.225218277973161", "units": "au", "name": "ad", "sigma": "3.6285E-7", "label": "Q"}], "epoch": "2461200.5"}