{"spkid": "50781920", "covariance": {"epoch": "2458656.5", "elements": [{"label": "e", "sigma": 4.34720796347674e-07, "name": "e", "value": ".1531915624450818", "title": "eccentricity", "units": null}, {"name": "q", "sigma": 4.34953722705046e-07, "units": "au", "value": ".8471140678068471", "title": "perihelion distance", "label": "q"}, {"label": "tp", "units": "TDB", "value": "2458658.618430848608", "title": "time of perihelion passage", "name": "tp", "sigma": 6.05515265531768e-05}, {"label": "node", "value": "182.5798271999257", "title": "longitude of the ascending node", "units": "deg", "name": "om", "sigma": 4.8864621244878e-06}, {"sigma": 1.46358847562128e-05, "name": "w", "units": "deg", "title": "argument of perihelion", "value": "70.41591683976192", "label": "peri"}, {"label": "i", "name": "i", "sigma": 1.29766762224434e-05, "units": "deg", "value": "8.68262126766261", "title": "inclination"}], "data": [["1.889821707771562E-13", "-1.890832391342905E-13", "2.535600639330784E-11", "8.965974765121233E-14", "3.010901344222857E-12", "4.371184763744176E-12"], ["-1.890832391342905E-13", "1.89184740894978E-13", "-2.537268147822389E-11", "-9.071261941197602E-14", "-3.014209841359474E-12", "-4.374512444724887E-12"], ["2.535600639330784E-11", "-2.537268147822389E-11", "3.666487367920074E-9", "3.131060013463524E-11", "6.030325533329926E-10", "5.32345066578799E-10"], ["8.965974765121233E-14", "-9.071261941197602E-14", "3.131060013463524E-11", "2.387751209405385E-11", "-3.083099026150724E-12", "1.746083400546176E-11"], ["3.010901344222857E-12", "-3.014209841359474E-12", "6.030325533329926E-10", "-3.083099026150724E-12", "2.14209122597142E-10", "1.487593133977637E-11"], ["4.371184763744176E-12", "-4.374512444724887E-12", "5.32345066578799E-10", "1.746083400546176E-11", "1.487593133977637E-11", "1.683941257821267E-10"]], "labels": ["e", "q", "tp", "node", "peri", "i"]}, "elements": [{"value": ".1520054765853018", "title": "eccentricity", "units": null, "name": "e", "sigma": "4.3747E-7", "label": "e"}, {"units": "au", "value": ".9959613741435809", "title": "semi-major axis", "name": "a", "sigma": "3.7487E-9", "label": "a"}, {"sigma": "4.3508E-7", "name": "q", "units": "au", "value": ".8445697908063338", "title": "perihelion distance", "label": "q"}, {"label": "i", "name": "i", "sigma": "1.2726E-5", "units": "deg", "value": "8.802400127094007", "title": "inclination; angle with respect to x-y ecliptic plane"}, {"units": "deg", "title": "longitude of the ascending node", "value": "182.1105573049777", "name": "om", "sigma": "5.6834E-6", "label": "node"}, {"value": "68.45678335990972", "title": "argument of perihelion", "units": "deg", "sigma": "2.0103E-5", "name": "w", "label": "peri"}, {"label": "M", "name": "ma", "sigma": "7.089E-5", "title": "mean anomaly", "value": "357.7471242560837", "units": "deg"}, {"title": "time of perihelion passage", "value": "2461202.771940266673", "units": "TDB", "name": "tp", "sigma": "7.1492E-5", "label": "tp"}, {"title": "sidereal orbital period", "value": "363.0464299733782", "units": "d", "sigma": "2.0497E-6", "name": "per", "label": "period"}, {"label": "n", "name": "n", "sigma": "5.5985E-9", "units": "deg/d", "title": "mean motion", "value": ".9916087042266148"}, {"label": "Q", "units": "au", "title": "aphelion distance", "value": "1.147352957480828", "name": "ad", "sigma": "4.3185E-9"}], "epoch": "2461200.5"}