{"spkid": "50789480", "covariance": {"epoch": "2458506.5", "data": [["5.451618246213656E-15", "-1.25617156202327E-14", "7.976078976311209E-13", "-1.104945052328758E-12", "5.037549858833285E-13", "-1.747474090511087E-12"], ["-1.25617156202327E-14", "2.896377843472842E-14", "-1.835590032488421E-12", "2.574211814162438E-12", "-1.176050488858084E-12", "4.062076702924558E-12"], ["7.976078976311209E-13", "-1.835590032488421E-12", "4.786258199003342E-10", "-3.039433192066828E-10", "4.803204222380623E-10", "-4.635442085906638E-10"], ["-1.104945052328758E-12", "2.574211814162438E-12", "-3.039433192066828E-10", "2.25665442466684E-9", "-2.170156108544409E-9", "2.481028075030591E-9"], ["5.037549858833285E-13", "-1.176050488858084E-12", "4.803204222380623E-10", "-2.170156108544409E-9", "2.35805986789062E-9", "-2.36515142132199E-9"], ["-1.747474090511087E-12", "4.062076702924558E-12", "-4.635442085906638E-10", "2.481028075030591E-9", "-2.36515142132199E-9", "3.003975105502349E-9"]], "elements": [{"units": null, "value": ".6215734153122324", "title": "eccentricity", "name": "e", "sigma": 7.38350746340359e-08, "label": "e"}, {"value": ".7640001165540905", "title": "perihelion distance", "units": "au", "name": "q", "sigma": 1.70187480252598e-07, "label": "q"}, {"label": "tp", "sigma": 2.18775185955888e-05, "name": "tp", "units": "TDB", "value": "2458013.279967072706", "title": "time of perihelion passage"}, {"label": "node", "units": "deg", "title": "longitude of the ascending node", "value": "227.0670092579105", "sigma": 4.75042569110058e-05, "name": "om"}, {"units": "deg", "value": "104.3962051312494", "title": "argument of perihelion", "name": "w", "sigma": 4.85598586065757e-05, "label": "peri"}, {"title": "inclination", "value": "11.93594240129459", "units": "deg", "sigma": 5.48085313204281e-05, "name": "i", "label": "i"}], "labels": ["e", "q", "tp", "node", "peri", "i"]}, "elements": [{"title": "eccentricity", "value": ".6216834353619846", "units": null, "sigma": "7.4001E-8", "name": "e", "label": "e"}, {"label": "a", "units": "au", "value": "2.019428676549706", "title": "semi-major axis", "sigma": "5.5852E-8", "name": "a"}, {"units": "au", "title": "perihelion distance", "value": ".7639833194437788", "name": "q", "sigma": "1.7016E-7", "label": "q"}, {"label": "i", "units": "deg", "title": "inclination; angle with respect to x-y ecliptic plane", "value": "11.93531230519266", "sigma": "5.4818E-5", "name": "i"}, {"units": "deg", "value": "226.993616883588", "title": "longitude of the ascending node", "name": "om", "sigma": "4.7656E-5", "label": "node"}, {"sigma": "4.8699E-5", "name": "w", "units": "deg", "title": "argument of perihelion", "value": "104.4553528473873", "label": "peri"}, {"label": "M", "name": "ma", "sigma": "4.2634E-5", "value": "14.8229656835787", "title": "mean anomaly", "units": "deg"}, {"label": "tp", "units": "TDB", "title": "time of perihelion passage", "value": "2461157.340758069473", "name": "tp", "sigma": ".00012237"}, {"sigma": "4.3485E-5", "name": "per", "units": "d", "title": "sidereal orbital period", "value": "1048.192880335849", "label": "period"}, {"label": "n", "name": "n", "sigma": "1.4248E-8", "value": ".34344824006499", "title": "mean motion", "units": "deg/d"}, {"value": "3.274874033655633", "title": "aphelion distance", "units": "au", "sigma": "9.0574E-8", "name": "ad", "label": "Q"}], "epoch": "2461200.5"}