{"spkid": "50780667", "covariance": {"labels": ["e", "q", "tp", "node", "peri", "i"], "data": [["1.864334595774036E-13", "-1.516199849550386E-13", "-1.070324899565166E-11", "-1.636611186915878E-12", "7.687020042983232E-12", "6.4637320461086E-13"], ["-1.516199849550386E-13", "1.233237825115551E-13", "8.701832486172444E-12", "1.322047356519024E-12", "-6.246911168106818E-12", "-5.269207223867324E-13"], ["-1.070324899565166E-11", "8.701832486172444E-12", "6.643370943170843E-10", "8.13929040633458E-11", "-3.824308986460288E-10", "-2.493682727259497E-11"], ["-1.636611186915878E-12", "1.322047356519024E-12", "8.13929040633458E-11", "2.74665119273303E-9", "-2.808848931398562E-9", "2.415774847107946E-10"], ["7.687020042983232E-12", "-6.246911168106818E-12", "-3.824308986460288E-10", "-2.808848931398562E-9", "3.110875863086302E-9", "-2.091570749858077E-10"], ["6.4637320461086E-13", "-5.269207223867324E-13", "-2.493682727259497E-11", "2.415774847107946E-10", "-2.091570749858077E-10", "3.247599687028074E-11"]], "elements": [{"label": "e", "value": ".2297827624945159", "title": "eccentricity", "units": null, "name": "e", "sigma": 4.31779410784493e-07}, {"sigma": 3.51174860306878e-07, "name": "q", "units": "au", "value": ".8207174606878309", "title": "perihelion distance", "label": "q"}, {"name": "tp", "sigma": 2.57747375217884e-05, "units": "TDB", "value": "2458060.477240770360", "title": "time of perihelion passage", "label": "tp"}, {"label": "node", "units": "deg", "value": "304.7446291806479", "title": "longitude of the ascending node", "sigma": 5.24085030575481e-05, "name": "om"}, {"label": "peri", "sigma": 5.57752262486339e-05, "name": "w", "value": "115.6195634166024", "title": "argument of perihelion", "units": "deg"}, {"units": "deg", "value": "1.884542463964619", "title": "inclination", "sigma": 5.69877152290568e-06, "name": "i", "label": "i"}], "epoch": "2457992.5"}, "elements": [{"sigma": "4.344E-7", "name": "e", "units": null, "value": ".2288981747412132", "title": "eccentricity", "label": "e"}, {"label": "a", "sigma": "1.4809E-7", "name": "a", "units": "au", "value": "1.062947493707758", "title": "semi-major axis"}, {"label": "q", "sigma": "3.4759E-7", "name": "q", "units": "au", "title": "perihelion distance", "value": ".8196407525523047"}, {"label": "i", "value": "1.825527617089844", "title": "inclination; angle with respect to x-y ecliptic plane", "units": "deg", "sigma": "5.6314E-6", "name": "i"}, {"label": "node", "value": "303.7668391427831", "title": "longitude of the ascending node", "units": "deg", "sigma": "5.6439E-5", "name": "om"}, {"label": "peri", "name": "w", "sigma": "5.9041E-5", "title": "argument of perihelion", "value": "116.0516625735542", "units": "deg"}, {"label": "M", "name": "ma", "sigma": ".00056839", "title": "mean anomaly", "value": "303.7153003286165", "units": "deg"}, {"value": "2461263.082657005180", "title": "time of perihelion passage", "units": "TDB", "name": "tp", "sigma": ".00064507", "label": "tp"}, {"sigma": "8.365E-5", "name": "per", "title": "sidereal orbital period", "value": "400.2820776055333", "units": "d", "label": "period"}, {"sigma": "1.8795E-7", "name": "n", "title": "mean motion", "value": ".8993657726408871", "units": "deg/d", "label": "n"}, {"sigma": "1.8199E-7", "name": "ad", "title": "aphelion distance", "value": "1.306254234863211", "units": "au", "label": "Q"}], "epoch": "2461200.5"}