{"spkid": "50789450", "covariance": {"labels": ["e", "q", "tp", "node", "peri", "i"], "elements": [{"units": null, "title": "eccentricity", "value": ".4424160699823682", "sigma": 2.74830991831735e-08, "name": "e", "label": "e"}, {"units": "au", "title": "perihelion distance", "value": "1.026062228090454", "sigma": 5.14243177695767e-08, "name": "q", "label": "q"}, {"label": "tp", "units": "TDB", "title": "time of perihelion passage", "value": "2459886.068563853607", "sigma": 1.35032164735307e-05, "name": "tp"}, {"label": "node", "title": "longitude of the ascending node", "value": "85.78275108766144", "units": "deg", "name": "om", "sigma": 0.000109822044752838}, {"label": "peri", "units": "deg", "title": "argument of perihelion", "value": "314.413765966574", "sigma": 0.000118422006298755, "name": "w"}, {"title": "inclination", "value": "1.029846890572761", "units": "deg", "name": "i", "sigma": 1.45205812664279e-06, "label": "i"}], "data": [["7.553207407121522E-16", "-1.413220276737294E-15", "2.892053719740164E-13", "-1.497541567322521E-12", "1.861637428968245E-12", "-3.102733676190574E-15"], ["-1.413220276737294E-15", "2.644460458066406E-15", "-5.395959849556194E-13", "2.797953462982782E-12", "-3.4779268339882E-12", "5.910031565306595E-15"], ["2.892053719740164E-13", "-5.395959849556194E-13", "1.8233685513103E-10", "-7.039948493332375E-10", "9.177266769682711E-10", "1.897417688041581E-12"], ["-1.497541567322521E-12", "2.797953462982782E-12", "-7.039948493332375E-10", "1.206088151369439E-8", "-1.291555091354539E-8", "-1.022618261901423E-10"], ["1.861637428968245E-12", "-3.4779268339882E-12", "9.177266769682711E-10", "-1.291555091354539E-8", "1.402377157582241E-8", "1.038569184958619E-10"], ["-3.102733676190574E-15", "5.910031565306595E-15", "1.897417688041581E-12", "-1.022618261901423E-10", "1.038569184958619E-10", "2.108472803149372E-12"]], "epoch": "2459498.5"}, "elements": [{"units": null, "title": "eccentricity", "value": ".4423506561552901", "name": "e", "sigma": "2.6111E-8", "label": "e"}, {"value": "1.83996168866881", "title": "semi-major axis", "units": "au", "sigma": "6.7763E-9", "name": "a", "label": "a"}, {"sigma": "5.1597E-8", "name": "q", "title": "perihelion distance", "value": "1.026053428385566", "units": "au", "label": "q"}, {"label": "i", "units": "deg", "value": "1.039259344470334", "title": "inclination; angle with respect to x-y ecliptic plane", "name": "i", "sigma": "1.4647E-6"}, {"sigma": ".0001087", "name": "om", "value": "85.1315369586562", "title": "longitude of the ascending node", "units": "deg", "label": "node"}, {"label": "peri", "sigma": ".00011751", "name": "w", "title": "argument of perihelion", "value": "315.205067443922", "units": "deg"}, {"name": "ma", "sigma": "3.6813E-6", "value": "158.9155110624787", "title": "mean anomaly", "units": "deg", "label": "M"}, {"label": "tp", "units": "TDB", "value": "2460798.083865096807", "title": "time of perihelion passage", "name": "tp", "sigma": "1.0257E-5"}, {"sigma": "5.036E-6", "name": "per", "units": "d", "title": "sidereal orbital period", "value": "911.6152828416651", "label": "period"}, {"label": "n", "units": "deg/d", "value": ".3949034277681444", "title": "mean motion", "name": "n", "sigma": "2.1816E-9"}, {"label": "Q", "value": "2.653869948952054", "title": "aphelion distance", "units": "au", "sigma": "9.7738E-9", "name": "ad"}], "epoch": "2461200.5"}