{"spkid": "50781431", "covariance": {"epoch": "2458097.5", "data": [["7.246624956215188E-16", "-6.105088929838144E-16", "5.397216381356172E-14", "-1.079270649987139E-13", "1.829579316269916E-13", "5.753210075680605E-15"], ["-6.105088929838144E-16", "6.101463352201117E-16", "2.40820532045851E-14", "3.701917332938017E-14", "-5.339682751282563E-14", "-4.191941183607888E-15"], ["5.397216381356172E-14", "2.40820532045851E-14", "1.650218711199696E-9", "-1.405201193756564E-9", "2.676247066049958E-9", "3.868975528854222E-12"], ["-1.079270649987139E-13", "3.701917332938017E-14", "-1.405201193756564E-9", "2.216157167936419E-8", "-2.323644664617447E-8", "4.990108018963654E-10"], ["1.829579316269916E-13", "-5.339682751282563E-14", "2.676247066049958E-9", "-2.323644664617447E-8", "2.529572765904231E-8", "-4.957059224581329E-10"], ["5.753210075680605E-15", "-4.191941183607888E-15", "3.868975528854222E-12", "4.990108018963654E-10", "-4.957059224581329E-10", "1.710923675215253E-11"]], "elements": [{"sigma": 2.69195560071395e-08, "name": "e", "value": ".1726720024747989", "title": "eccentricity", "units": null, "label": "e"}, {"name": "q", "sigma": 2.47011403627466e-08, "units": "au", "value": ".9288713003616157", "title": "perihelion distance", "label": "q"}, {"name": "tp", "sigma": 4.06228840827396e-05, "units": "TDB", "value": "2458113.645187979859", "title": "time of perihelion passage", "label": "tp"}, {"title": "longitude of the ascending node", "value": "121.6753233689488", "units": "deg", "name": "om", "sigma": 0.000148867631402411, "label": "node"}, {"title": "argument of perihelion", "value": "333.4585261257992", "units": "deg", "sigma": 0.000159046306650115, "name": "w", "label": "peri"}, {"value": "2.216050150097784", "title": "inclination", "units": "deg", "sigma": 4.13633131556849e-06, "name": "i", "label": "i"}], "labels": ["e", "q", "tp", "node", "peri", "i"]}, "elements": [{"title": "eccentricity", "value": ".1719927628028048", "units": null, "name": "e", "sigma": "2.7336E-8", "label": "e"}, {"label": "a", "name": "a", "sigma": "1.4327E-8", "value": "1.121566511327369", "title": "semi-major axis", "units": "au"}, {"label": "q", "units": "au", "value": ".9286651883770713", "title": "perihelion distance", "name": "q", "sigma": "2.4829E-8"}, {"label": "i", "name": "i", "sigma": "4.1584E-6", "units": "deg", "title": "inclination; angle with respect to x-y ecliptic plane", "value": "2.221539812222001"}, {"label": "node", "title": "longitude of the ascending node", "value": "121.4913464498523", "units": "deg", "sigma": ".00014842", "name": "om"}, {"label": "peri", "sigma": ".00015811", "name": "w", "title": "argument of perihelion", "value": "333.3983662231338", "units": "deg"}, {"label": "M", "sigma": "6.6514E-5", "name": "ma", "value": "41.24074276494292", "title": "mean anomaly", "units": "deg"}, {"name": "tp", "sigma": "7.9331E-5", "value": "2461150.799591930254", "title": "time of perihelion passage", "units": "TDB", "label": "tp"}, {"label": "period", "name": "per", "sigma": "8.3128E-6", "title": "sidereal orbital period", "value": "433.8463787397634", "units": "d"}, {"label": "n", "name": "n", "sigma": "1.5899E-8", "units": "deg/d", "title": "mean motion", "value": ".8297868039044782"}, {"label": "Q", "units": "au", "title": "aphelion distance", "value": "1.314467834277666", "sigma": "1.6791E-8", "name": "ad"}], "epoch": "2461200.5"}