{"spkid": "50789687", "covariance": {"data": [["4.063086259506848E-13", "-2.797522339162322E-13", "1.091536507765503E-10", "4.094435465439596E-11", "1.501126143987249E-11", "4.167654293347561E-11"], ["-2.797522339162322E-13", "1.9261566309582E-13", "-7.515365233915527E-11", "-2.819002782563514E-11", "-1.033615135674449E-11", "-2.869445520717429E-11"], ["1.091536507765503E-10", "-7.515365233915527E-11", "3.056553172081832E-8", "1.16773099918546E-8", "4.096120918270692E-9", "1.142454937536248E-8"], ["4.094435465439596E-11", "-2.819002782563514E-11", "1.16773099918546E-8", "5.502809206272258E-9", "5.430361897063149E-10", "4.931929113403528E-9"], ["1.501126143987249E-11", "-1.033615135674449E-11", "4.096120918270692E-9", "5.430361897063149E-10", "1.563806915239359E-9", "9.412296841160547E-10"], ["4.167654293347561E-11", "-2.869445520717429E-11", "1.142454937536248E-8", "4.931929113403528E-9", "9.412296841160547E-10", "4.733634296561367E-9"]], "elements": [{"sigma": 6.37423427519482e-07, "name": "e", "units": null, "value": ".5409518404169948", "title": "eccentricity", "label": "e"}, {"label": "q", "units": "au", "title": "perihelion distance", "value": ".3160692266325806", "sigma": 4.38880009906831e-07, "name": "q"}, {"label": "tp", "title": "time of perihelion passage", "value": "2459445.124514136903", "units": "TDB", "sigma": 0.000174830008067318, "name": "tp"}, {"label": "node", "title": "longitude of the ascending node", "value": "42.93767322714274", "units": "deg", "sigma": 7.41809221179695e-05, "name": "om"}, {"name": "w", "sigma": 3.95449986122058e-05, "title": "argument of perihelion", "value": "200.0381860708112", "units": "deg", "label": "peri"}, {"value": "8.210117908013997", "title": "inclination", "units": "deg", "sigma": 6.88014120244735e-05, "name": "i", "label": "i"}], "labels": ["e", "q", "tp", "node", "peri", "i"], "epoch": "2459468.5"}, "elements": [{"name": "e", "sigma": "6.3879E-7", "units": null, "value": ".5412042389245811", "title": "eccentricity", "label": "e"}, {"label": "a", "sigma": "3.0059E-9", "name": "a", "title": "semi-major axis", "value": ".6883963307009123", "units": "au"}, {"name": "q", "sigma": "4.4101E-7", "title": "perihelion distance", "value": ".3158333184654508", "units": "au", "label": "q"}, {"name": "i", "sigma": "6.8883E-5", "units": "deg", "value": "8.195028491002999", "title": "inclination; angle with respect to x-y ecliptic plane", "label": "i"}, {"label": "node", "name": "om", "sigma": "7.4884E-5", "title": "longitude of the ascending node", "value": "42.87935359270416", "units": "deg"}, {"label": "peri", "value": "200.040487370986", "title": "argument of perihelion", "units": "deg", "sigma": "3.9432E-5", "name": "w"}, {"sigma": ".00028987", "name": "ma", "value": "148.7270137565909", "title": "mean anomaly", "units": "deg", "label": "M"}, {"label": "tp", "name": "tp", "sigma": ".00016851", "value": "2461114.312634806498", "title": "time of perihelion passage", "units": "TDB"}, {"name": "per", "sigma": "1.3664E-6", "units": "d", "value": "208.6201469790861", "title": "sidereal orbital period", "label": "period"}, {"title": "mean motion", "value": "1.725624323503566", "units": "deg/d", "name": "n", "sigma": "1.1302E-8", "label": "n"}, {"title": "aphelion distance", "value": "1.060959342936374", "units": "au", "name": "ad", "sigma": "4.6327E-9", "label": "Q"}], "epoch": "2461200.5"}