{"spkid": "50785704", "covariance": {"epoch": "2459260.5", "elements": [{"label": "e", "sigma": 1.41750644233891e-07, "name": "e", "units": null, "title": "eccentricity", "value": ".4363236634817605"}, {"label": "q", "value": ".447967801314244", "title": "perihelion distance", "units": "au", "name": "q", "sigma": 1.10221920204742e-07}, {"label": "tp", "name": "tp", "sigma": 9.02784209712259e-06, "value": "2459151.922423140666", "title": "time of perihelion passage", "units": "TDB"}, {"units": "deg", "value": "328.44195533533", "title": "longitude of the ascending node", "sigma": 9.74407287136251e-05, "name": "om", "label": "node"}, {"units": "deg", "value": "196.6282211463181", "title": "argument of perihelion", "name": "w", "sigma": 9.91432411974049e-05, "label": "peri"}, {"label": "i", "name": "i", "sigma": 1.16846584178709e-06, "title": "inclination", "value": ".4086329870744906", "units": "deg"}], "data": [["2.00932451407231E-14", "-1.562397432142492E-14", "-7.318660476247245E-13", "8.616529432914525E-13", "-1.206069559301367E-12", "8.36741357886255E-14"], ["-1.562397432142492E-14", "1.214887169362043E-14", "5.695516004033092E-13", "-6.730722114636831E-13", "9.41088581446173E-13", "-6.5104583337832E-14"], ["-7.318660476247245E-13", "5.695516004033092E-13", "8.15019329305788E-11", "-2.476793854588699E-10", "2.973192114815237E-10", "1.55848154809633E-12"], ["8.616529432914525E-13", "-6.730722114636831E-13", "-2.476793854588699E-10", "9.494695612242277E-9", "-9.64620521229018E-9", "2.789541568859499E-11"], ["-1.206069559301367E-12", "9.41088581446173E-13", "2.973192114815237E-10", "-9.64620521229018E-9", "9.829382275126796E-9", "-2.624682308969227E-11"], ["8.36741357886255E-14", "-6.5104583337832E-14", "1.55848154809633E-12", "2.789541568859499E-11", "-2.624682308969227E-11", "1.365312423423216E-12"]], "labels": ["e", "q", "tp", "node", "peri", "i"]}, "elements": [{"units": null, "value": ".4367218100345888", "title": "eccentricity", "name": "e", "sigma": "1.4063E-7", "label": "e"}, {"units": "au", "title": "semi-major axis", "value": ".7941452003284016", "sigma": "5.6314E-9", "name": "a", "label": "a"}, {"label": "q", "name": "q", "sigma": "1.0853E-7", "units": "au", "value": ".4473246710107009", "title": "perihelion distance"}, {"title": "inclination; angle with respect to x-y ecliptic plane", "value": ".4104690125915877", "units": "deg", "sigma": "1.1763E-6", "name": "i", "label": "i"}, {"name": "om", "sigma": "9.6567E-5", "value": "328.24123907", "title": "longitude of the ascending node", "units": "deg", "label": "node"}, {"name": "w", "sigma": "9.8204E-5", "value": "196.7225577937714", "title": "argument of perihelion", "units": "deg", "label": "peri"}, {"label": "M", "name": "ma", "sigma": "2.118E-5", "value": "331.3615732426724", "title": "mean anomaly", "units": "deg"}, {"label": "tp", "sigma": "1.5392E-5", "name": "tp", "units": "TDB", "title": "time of perihelion passage", "value": "2461221.063401525773"}, {"label": "period", "units": "d", "title": "sidereal orbital period", "value": "258.4927102318592", "sigma": "2.7495E-6", "name": "per"}, {"sigma": "1.4814E-8", "name": "n", "value": "1.39268917749012", "title": "mean motion", "units": "deg/d", "label": "n"}, {"label": "Q", "value": "1.140965729646102", "title": "aphelion distance", "units": "au", "sigma": "8.0907E-9", "name": "ad"}], "epoch": "2461200.5"}