{"spkid": "50787656", "covariance": {"epoch": "2458426.5", "labels": ["e", "q", "tp", "node", "peri", "i"], "data": [["3.896115286573937E-14", "-7.610936033203194E-14", "1.205051070077536E-11", "-1.66364255679585E-11", "2.371486654792303E-11", "5.834209754986258E-13"], ["-7.610936033203194E-14", "1.487707114036511E-13", "-2.342906654150024E-11", "3.230762077990297E-11", "-4.616304654387505E-11", "-1.075300253316853E-12"], ["1.205051070077536E-11", "-2.342906654150024E-11", "4.539705310071457E-9", "-6.18614665328316E-9", "8.712051950762065E-9", "3.550609902980615E-10"], ["-1.66364255679585E-11", "3.230762077990297E-11", "-6.18614665328316E-9", "3.05852141891417E-8", "-3.393369007084433E-8", "-3.479876836750017E-9"], ["2.371486654792303E-11", "-4.616304654387505E-11", "8.712051950762065E-9", "-3.393369007084433E-8", "3.879762106249181E-8", "3.611381087759432E-9"], ["5.834209754986258E-13", "-1.075300253316853E-12", "3.550609902980615E-10", "-3.479876836750017E-9", "3.611381087759432E-9", "5.954047905041535E-10"]], "elements": [{"label": "e", "name": "e", "sigma": 1.97385797021314e-07, "value": ".6444245634285752", "title": "eccentricity", "units": null}, {"label": "q", "title": "perihelion distance", "value": ".6394246271149956", "units": "au", "name": "q", "sigma": 3.85708064996898e-07}, {"label": "tp", "sigma": 6.7377335284734e-05, "name": "tp", "value": "2458864.141730527700", "title": "time of perihelion passage", "units": "TDB"}, {"sigma": 0.000174886289311489, "name": "om", "units": "deg", "title": "longitude of the ascending node", "value": "229.3757377437497", "label": "node"}, {"name": "w", "sigma": 0.000196971117330668, "title": "argument of perihelion", "value": "62.22573088240489", "units": "deg", "label": "peri"}, {"sigma": 2.44009178209377e-05, "name": "i", "title": "inclination", "value": "3.403440436314285", "units": "deg", "label": "i"}]}, "elements": [{"sigma": "2.0058E-7", "name": "e", "value": ".6443718045756873", "title": "eccentricity", "units": null, "label": "e"}, {"title": "semi-major axis", "value": "1.799406235664575", "units": "au", "sigma": "9.0707E-8", "name": "a", "label": "a"}, {"label": "q", "units": "au", "value": ".6399195924246485", "title": "perihelion distance", "sigma": "3.9196E-7", "name": "q"}, {"label": "i", "name": "i", "sigma": "2.4359E-5", "units": "deg", "value": "3.394098600023446", "title": "inclination; angle with respect to x-y ecliptic plane"}, {"label": "node", "units": "deg", "value": "229.0565318192404", "title": "longitude of the ascending node", "name": "om", "sigma": ".00017568"}, {"label": "peri", "units": "deg", "value": "62.6326295453484", "title": "argument of perihelion", "name": "w", "sigma": ".00019781"}, {"value": "234.4558268962611", "title": "mean anomaly", "units": "deg", "sigma": "5.1045E-5", "name": "ma", "label": "M"}, {"label": "tp", "name": "tp", "sigma": ".0001472", "units": "TDB", "value": "2461507.958368555584", "title": "time of perihelion passage"}, {"title": "sidereal orbital period", "value": "881.6419746422606", "units": "d", "sigma": "6.6664E-5", "name": "per", "label": "period"}, {"label": "n", "units": "deg/d", "value": ".4083290160340601", "title": "mean motion", "name": "n", "sigma": "3.0875E-8"}, {"name": "ad", "sigma": "1.4916E-7", "title": "aphelion distance", "value": "2.958892878904503", "units": "au", "label": "Q"}], "epoch": "2461200.5"}