{"spkid": "50799810", "covariance": {"epoch": "2458342.5", "elements": [{"label": "e", "title": "eccentricity", "value": ".01256375677834506", "units": null, "sigma": 1.07127834009428e-08, "name": "e"}, {"sigma": 1.32369104555604e-08, "name": "q", "units": "au", "title": "perihelion distance", "value": "1.003841838542309", "label": "q"}, {"label": "tp", "units": "TDB", "value": "2458345.156975721299", "title": "time of perihelion passage", "sigma": 9.63106701471778e-05, "name": "tp"}, {"label": "node", "sigma": 4.60144825090542e-07, "name": "om", "units": "deg", "title": "longitude of the ascending node", "value": "194.5820439502298"}, {"label": "peri", "units": "deg", "value": "128.6847766929468", "title": "argument of perihelion", "name": "w", "sigma": 9.31910146536882e-05}, {"sigma": 4.47579116360753e-06, "name": "i", "value": "29.43616441842403", "title": "inclination", "units": "deg", "label": "i"}], "data": [["1.147637281955158E-16", "-5.249592755829044E-17", "-1.378627639811984E-13", "4.186217996185221E-16", "-1.407828940714842E-13", "-5.213433489714883E-15"], ["-5.249592755829044E-17", "1.752157984085247E-16", "-1.102395486555013E-12", "-5.1419248706291E-15", "-1.062264551816984E-12", "1.579766114080853E-15"], ["-1.378627639811984E-13", "-1.102395486555013E-12", "9.275745184198491E-9", "3.998349429366576E-11", "8.975031870646902E-9", "-3.644773411324748E-11"], ["4.186217996185221E-16", "-5.1419248706291E-15", "3.998349429366576E-11", "2.117332600576054E-13", "3.860176031618519E-11", "-8.441501907886014E-13"], ["-1.407828940714842E-13", "-1.062264551816984E-12", "8.975031870646902E-9", "3.860176031618519E-11", "8.684565212183929E-9", "-3.456928956217682E-11"], ["-5.213433489714883E-15", "1.579766114080853E-15", "-3.644773411324748E-11", "-8.441501907886014E-13", "-3.456928956217682E-11", "2.003270654022727E-11"]], "labels": ["e", "q", "tp", "node", "peri", "i"]}, "elements": [{"label": "e", "units": null, "title": "eccentricity", "value": ".01221181746993754", "name": "e", "sigma": "1.0761E-8"}, {"label": "a", "value": "1.016746837819069", "title": "semi-major axis", "units": "au", "sigma": "1.296E-8", "name": "a"}, {"name": "q", "sigma": "1.2364E-8", "title": "perihelion distance", "value": "1.004330511022486", "units": "au", "label": "q"}, {"value": "29.43518376622719", "title": "inclination; angle with respect to x-y ecliptic plane", "units": "deg", "sigma": "4.4751E-6", "name": "i", "label": "i"}, {"label": "node", "name": "om", "sigma": "4.4216E-7", "value": "194.5399920220628", "title": "longitude of the ascending node", "units": "deg"}, {"sigma": "9.49E-5", "name": "w", "units": "deg", "value": "126.9116655078404", "title": "argument of perihelion", "label": "peri"}, {"name": "ma", "sigma": "4.7442E-5", "title": "mean anomaly", "value": "227.4522218066849", "units": "deg", "label": "M"}, {"name": "tp", "sigma": "4.7443E-5", "units": "TDB", "value": "2461338.375666235239", "title": "time of perihelion passage", "label": "tp"}, {"units": "d", "title": "sidereal orbital period", "value": "374.4705533448864", "name": "per", "sigma": "7.1599E-6", "label": "period"}, {"value": ".9613572997512597", "title": "mean motion", "units": "deg/d", "name": "n", "sigma": "1.8381E-8", "label": "n"}, {"label": "Q", "units": "au", "title": "aphelion distance", "value": "1.029163164615651", "name": "ad", "sigma": "1.3118E-8"}], "epoch": "2461200.5"}