{"spkid": "50791308", "covariance": {"epoch": "2459240.5", "labels": ["e", "q", "tp", "node", "peri", "i"], "data": [["7.062328990412929E-14", "-8.418067734793842E-14", "3.41977672093251E-11", "-7.380033343092212E-13", "1.68382097417806E-11", "1.094493807839321E-12"], ["-8.418067734793842E-14", "1.004491217076774E-13", "-4.034973396540599E-11", "8.665916522573725E-13", "-1.992488786962806E-11", "-1.289867706170654E-12"], ["3.41977672093251E-11", "-4.034973396540599E-11", "1.850663523081955E-8", "-4.272719168656875E-10", "8.952142539126719E-9", "6.112631928000238E-10"], ["-7.380033343092212E-13", "8.665916522573725E-13", "-4.272719168656875E-10", "1.036306909280294E-9", "-1.223346958376162E-9", "-8.94828346171839E-11"], ["1.68382097417806E-11", "-1.992488786962806E-11", "8.952142539126719E-9", "-1.223346958376162E-9", "5.3889068945105E-9", "3.7003145895916E-10"], ["1.094493807839321E-12", "-1.289867706170654E-12", "6.112631928000238E-10", "-8.94828346171839E-11", "3.7003145895916E-10", "6.594210537435471E-11"]], "elements": [{"value": ".3412704595519792", "title": "eccentricity", "units": null, "name": "e", "sigma": 2.65750427853144e-07, "label": "e"}, {"label": "q", "name": "q", "sigma": 3.16937094243759e-07, "units": "au", "value": ".8933698810914571", "title": "perihelion distance"}, {"label": "tp", "name": "tp", "sigma": 0.000136039094494265, "title": "time of perihelion passage", "value": "2459328.122966904271", "units": "TDB"}, {"sigma": 3.21917211295124e-05, "name": "om", "value": "275.8859249641476", "title": "longitude of the ascending node", "units": "deg", "label": "node"}, {"title": "argument of perihelion", "value": "242.406083152389", "units": "deg", "sigma": 7.34091744573558e-05, "name": "w", "label": "peri"}, {"label": "i", "name": "i", "sigma": 8.1204744550029e-06, "value": "5.970410688635742", "title": "inclination", "units": "deg"}]}, "elements": [{"label": "e", "units": null, "value": ".3410837153598497", "title": "eccentricity", "name": "e", "sigma": "2.6541E-7"}, {"label": "a", "sigma": "6.6564E-8", "name": "a", "value": "1.356206680451772", "title": "semi-major axis", "units": "au"}, {"label": "q", "value": ".893626667087433", "title": "perihelion distance", "units": "au", "sigma": "3.1744E-7", "name": "q"}, {"value": "5.969244290162522", "title": "inclination; angle with respect to x-y ecliptic plane", "units": "deg", "sigma": "8.1206E-6", "name": "i", "label": "i"}, {"label": "node", "name": "om", "sigma": "3.2203E-5", "title": "longitude of the ascending node", "value": "275.8299561767589", "units": "deg"}, {"label": "peri", "sigma": "7.3548E-5", "name": "w", "title": "argument of perihelion", "value": "242.4918224570959", "units": "deg"}, {"label": "M", "value": "88.3176887428386", "title": "mean anomaly", "units": "deg", "sigma": ".00017206", "name": "ma"}, {"units": "TDB", "title": "time of perihelion passage", "value": "2461058.975235723160", "sigma": ".00026532", "name": "tp", "label": "tp"}, {"sigma": "4.2471E-5", "name": "per", "units": "d", "title": "sidereal orbital period", "value": "576.8823422000338", "label": "period"}, {"units": "deg/d", "value": ".6240440617875076", "title": "mean motion", "sigma": "4.5943E-8", "name": "n", "label": "n"}, {"label": "Q", "title": "aphelion distance", "value": "1.818786693816111", "units": "au", "sigma": "8.9268E-8", "name": "ad"}], "epoch": "2461200.5"}