{"spkid": "50795101", "covariance": {"data": [["2.154028556989117E-16", "-3.514664993144945E-16", "-1.434896260535827E-14", "3.402865037483223E-15", "-4.754126045166555E-14", "-1.250961606312767E-14"], ["-3.514664993144945E-16", "9.594546438065649E-16", "4.637070989849826E-14", "-1.457842529518065E-14", "1.414519487150757E-13", "3.822288374186834E-14"], ["-1.434896260535827E-14", "4.637070989849826E-14", "3.808925161999233E-12", "6.026697996252944E-12", "2.315167827947743E-12", "-4.500585266249673E-12"], ["3.402865037483223E-15", "-1.457842529518065E-14", "6.026697996252944E-12", "2.24025824166485E-10", "-2.203684726159967E-10", "-1.012242104350265E-10"], ["-4.754126045166555E-14", "1.414519487150757E-13", "2.315167827947743E-12", "-2.203684726159967E-10", "2.367589298007524E-10", "9.830222842334003E-11"], ["-1.250961606312767E-14", "3.822288374186834E-14", "-4.500585266249673E-12", "-1.012242104350265E-10", "9.830222842334003E-11", "5.838663636063373E-11"]], "elements": [{"name": "e", "sigma": 1.46766091349096e-08, "value": ".7102838739940309", "title": "eccentricity", "units": null, "label": "e"}, {"name": "q", "sigma": 3.09750648717087e-08, "value": ".817108320208015", "title": "perihelion distance", "units": "au", "label": "q"}, {"sigma": 1.95164678207898e-06, "name": "tp", "title": "time of perihelion passage", "value": "2458253.385342096080", "units": "TDB", "label": "tp"}, {"name": "om", "sigma": 1.49674922470828e-05, "units": "deg", "value": "103.9602173259189", "title": "longitude of the ascending node", "label": "node"}, {"label": "peri", "units": "deg", "value": "110.7682098868092", "title": "argument of perihelion", "name": "w", "sigma": 1.53869727302271e-05}, {"label": "i", "units": "deg", "title": "inclination", "value": "6.209785479211614", "sigma": 7.64111486372465e-06, "name": "i"}], "labels": ["e", "q", "tp", "node", "peri", "i"], "epoch": "2458214.5"}, "elements": [{"label": "e", "units": null, "title": "eccentricity", "value": ".708556278760946", "name": "e", "sigma": "1.538E-8"}, {"label": "a", "units": "au", "value": "2.821460465826118", "title": "semi-major axis", "sigma": "8.8512E-8", "name": "a"}, {"label": "q", "name": "q", "sigma": "3.2502E-8", "units": "au", "title": "perihelion distance", "value": ".8222969374892387"}, {"label": "i", "units": "deg", "value": "6.215840894093847", "title": "inclination; angle with respect to x-y ecliptic plane", "name": "i", "sigma": "7.6384E-6"}, {"name": "om", "sigma": "1.4919E-5", "units": "deg", "title": "longitude of the ascending node", "value": "103.876245057508", "label": "node"}, {"label": "peri", "value": "110.8025344297525", "title": "argument of perihelion", "units": "deg", "sigma": "1.5341E-5", "name": "w"}, {"units": "deg", "value": "253.7531840953498", "title": "mean anomaly", "name": "ma", "sigma": "2.9464E-5", "label": "M"}, {"sigma": ".00016572", "name": "tp", "value": "2461711.384590728414", "title": "time of perihelion passage", "units": "TDB", "label": "tp"}, {"label": "period", "sigma": "8.1457E-5", "name": "per", "units": "d", "value": "1731.049077529856", "title": "sidereal orbital period"}, {"name": "n", "sigma": "9.7861E-9", "title": "mean motion", "value": ".20796637407514", "units": "deg/d", "label": "n"}, {"sigma": "1.5123E-7", "name": "ad", "units": "au", "title": "aphelion distance", "value": "4.820623994162998", "label": "Q"}], "epoch": "2461200.5"}