{"spkid": "50795002", "covariance": {"labels": ["e", "q", "tp", "node", "peri", "i"], "elements": [{"label": "e", "sigma": 3.3029542569763e-08, "name": "e", "units": null, "value": ".6243306748768657", "title": "eccentricity"}, {"label": "q", "units": "au", "title": "perihelion distance", "value": ".9259015751703511", "name": "q", "sigma": 7.7200858741531e-08}, {"label": "tp", "name": "tp", "sigma": 1.01998944813461e-05, "units": "TDB", "title": "time of perihelion passage", "value": "2458089.977638155917"}, {"name": "om", "sigma": 1.21481105921168e-05, "units": "deg", "title": "longitude of the ascending node", "value": "274.2891824775003", "label": "node"}, {"name": "w", "sigma": 1.59742125360718e-05, "units": "deg", "title": "argument of perihelion", "value": "140.5253963312251", "label": "peri"}, {"label": "i", "title": "inclination", "value": "17.89642263138268", "units": "deg", "sigma": 1.29621746083928e-05, "name": "i"}], "data": [["1.090950682367787E-15", "-2.515249350774799E-15", "-7.641291499938258E-14", "6.854173710631265E-14", "-2.479607728003923E-13", "-5.112187766444608E-14"], ["-2.515249350774799E-15", "5.959972590429824E-15", "1.903418550843514E-13", "-1.583915078650298E-13", "5.902803029781039E-13", "1.091992720998737E-13"], ["-7.641291499938258E-14", "1.903418550843514E-13", "1.040378474305938E-10", "1.956609874528539E-11", "9.844251797660661E-11", "-1.680669219124279E-11"], ["6.854173710631265E-14", "-1.583915078650298E-13", "1.956609874528539E-11", "1.475765909583006E-10", "-1.17856475492538E-10", "2.0353784137882E-11"], ["-2.479607728003923E-13", "5.902803029781039E-13", "9.844251797660661E-11", "-1.17856475492538E-10", "2.551754661475941E-10", "-4.205623857753867E-11"], ["-5.112187766444608E-14", "1.091992720998737E-13", "-1.680669219124279E-11", "2.0353784137882E-11", "-4.205623857753867E-11", "1.680179705784643E-10"]], "epoch": "2457932.5"}, "elements": [{"name": "e", "sigma": "3.3715E-8", "value": ".6223316579392386", "title": "eccentricity", "units": null, "label": "e"}, {"label": "a", "value": "2.469002680119124", "title": "semi-major axis", "units": "au", "sigma": "3.5983E-8", "name": "a"}, {"label": "q", "units": "au", "value": ".9324641487441659", "title": "perihelion distance", "name": "q", "sigma": "7.928E-8"}, {"label": "i", "sigma": "1.2962E-5", "name": "i", "value": "17.89483137197389", "title": "inclination; angle with respect to x-y ecliptic plane", "units": "deg"}, {"label": "node", "name": "om", "sigma": "1.2113E-5", "value": "274.1865341517665", "title": "longitude of the ascending node", "units": "deg"}, {"name": "w", "sigma": "1.6008E-5", "units": "deg", "value": "140.6125221307713", "title": "argument of perihelion", "label": "peri"}, {"sigma": "1.7892E-5", "name": "ma", "units": "deg", "value": "70.16188722143629", "title": "mean anomaly", "label": "M"}, {"label": "tp", "units": "TDB", "value": "2460924.328072936397", "title": "time of perihelion passage", "name": "tp", "sigma": "6.4461E-5"}, {"label": "period", "name": "per", "sigma": "3.0977E-5", "units": "d", "value": "1417.035625468767", "title": "sidereal orbital period"}, {"units": "deg/d", "title": "mean motion", "value": ".2540514815080314", "sigma": "5.5537E-9", "name": "n", "label": "n"}, {"label": "Q", "title": "aphelion distance", "value": "4.005541211494082", "units": "au", "name": "ad", "sigma": "5.8376E-8"}], "epoch": "2461200.5"}