{"spkid": "50797774", "covariance": {"labels": ["e", "q", "tp", "node", "peri", "i"], "data": [["2.453195721411552E-13", "-2.11638229728641E-13", "-4.261916002023199E-11", "3.431897861496006E-13", "-1.815851527926105E-11", "-7.734773354966985E-13"], ["-2.11638229728641E-13", "1.82601797623493E-13", "3.679379431459868E-11", "-2.962475275463882E-13", "1.568572591728376E-11", "7.462714371165589E-13"], ["-4.261916002023199E-11", "3.679379431459868E-11", "7.737439478253918E-9", "-4.49869348449446E-11", "3.434696898042595E-9", "8.849563029645134E-10"], ["3.431897861496006E-13", "-2.962475275463882E-13", "-4.49869348449446E-11", "9.303650979594521E-12", "-2.000944795786605E-11", "-1.684698258519346E-11"], ["-1.815851527926105E-11", "1.568572591728376E-11", "3.434696898042595E-9", "-2.000944795786605E-11", "1.586897689460275E-9", "7.317262897720714E-10"], ["-7.734773354966985E-13", "7.462714371165589E-13", "8.849563029645134E-10", "-1.684698258519346E-11", "7.317262897720714E-10", "3.392677215064459E-9"]], "elements": [{"label": "e", "name": "e", "sigma": 4.95297458242171e-07, "title": "eccentricity", "value": ".3095592375252299", "units": null}, {"value": ".5972356140954963", "title": "perihelion distance", "units": "au", "name": "q", "sigma": 4.27319315762221e-07, "label": "q"}, {"label": "tp", "sigma": 8.79627164101582e-05, "name": "tp", "title": "time of perihelion passage", "value": "2458231.505263899429", "units": "TDB"}, {"label": "node", "name": "om", "sigma": 3.05018867934338e-06, "title": "longitude of the ascending node", "value": "121.0325883214513", "units": "deg"}, {"name": "w", "sigma": 3.98358844443082e-05, "units": "deg", "title": "argument of perihelion", "value": "140.7056828025763", "label": "peri"}, {"label": "i", "name": "i", "sigma": 5.82466927392831e-05, "value": "29.90607744502908", "title": "inclination", "units": "deg"}], "epoch": "2458360.5"}, "elements": [{"label": "e", "name": "e", "sigma": "4.9596E-7", "units": null, "title": "eccentricity", "value": ".3094549233407105"}, {"label": "a", "name": "a", "sigma": "6.4921E-9", "units": "au", "value": ".865175393065998", "title": "semi-major axis"}, {"label": "q", "name": "q", "sigma": "4.2749E-7", "units": "au", "title": "perihelion distance", "value": ".5974426081284906"}, {"label": "i", "title": "inclination; angle with respect to x-y ecliptic plane", "value": "29.90815932036119", "units": "deg", "name": "i", "sigma": "5.825E-5"}, {"label": "node", "name": "om", "sigma": "3.0441E-6", "units": "deg", "title": "longitude of the ascending node", "value": "121.0047835419732"}, {"sigma": "3.9664E-5", "name": "w", "value": "140.6897383390042", "title": "argument of perihelion", "units": "deg", "label": "peri"}, {"label": "M", "units": "deg", "value": "36.86680491296943", "title": "mean anomaly", "name": "ma", "sigma": ".00010597"}, {"title": "time of perihelion passage", "value": "2461170.398532737649", "units": "TDB", "sigma": "8.6493E-5", "name": "tp", "label": "tp"}, {"label": "period", "name": "per", "sigma": "3.3085E-6", "units": "d", "value": "293.9372760950619", "title": "sidereal orbital period"}, {"label": "n", "units": "deg/d", "title": "mean motion", "value": "1.224751092418686", "sigma": "1.3786E-8", "name": "n"}, {"units": "au", "title": "aphelion distance", "value": "1.132908178003506", "name": "ad", "sigma": "8.5012E-9", "label": "Q"}], "epoch": "2461200.5"}