{"spkid": "50799862", "covariance": {"epoch": "2457981.5", "data": [["3.707667361480441E-15", "-6.625191245399795E-15", "-9.537707953783633E-13", "6.886341086188005E-13", "-8.537059103127735E-13", "-7.595045290078502E-14"], ["-6.625191245399795E-15", "1.194234228759431E-14", "1.657052170011072E-12", "-1.226540801597877E-12", "1.489451915136656E-12", "1.307570577476278E-13"], ["-9.537707953783633E-13", "1.657052170011072E-12", "8.438394980103347E-10", "-1.753364468242747E-10", "5.168465671181872E-10", "4.392563726188527E-11"], ["6.886341086188005E-13", "-1.226540801597877E-12", "-1.753364468242747E-10", "5.55234188056844E-9", "-5.542003128361851E-9", "-1.159225988002033E-10"], ["-8.537059103127735E-13", "1.489451915136656E-12", "5.168465671181872E-10", "-5.542003128361851E-9", "5.704541061444109E-9", "1.305484607040662E-10"], ["-7.595045290078502E-14", "1.307570577476278E-13", "4.392563726188527E-11", "-1.159225988002033E-10", "1.305484607040662E-10", "2.009549289743069E-11"]], "elements": [{"sigma": 6.0890618008692e-08, "name": "e", "units": null, "title": "eccentricity", "value": ".4819841178807415", "label": "e"}, {"label": "q", "value": "1.049747691280688", "title": "perihelion distance", "units": "au", "name": "q", "sigma": 1.09281024371088e-07}, {"label": "tp", "sigma": 2.90489156081657e-05, "name": "tp", "units": "TDB", "title": "time of perihelion passage", "value": "2458285.374237889448"}, {"label": "node", "units": "deg", "value": "64.53459549035206", "title": "longitude of the ascending node", "sigma": 7.45140381442882e-05, "name": "om"}, {"label": "peri", "name": "w", "sigma": 7.55284122793807e-05, "title": "argument of perihelion", "value": "188.7249593382725", "units": "deg"}, {"sigma": 4.48279967179336e-06, "name": "i", "title": "inclination", "value": "6.538872117750997", "units": "deg", "label": "i"}], "labels": ["e", "q", "tp", "node", "peri", "i"]}, "elements": [{"units": null, "title": "eccentricity", "value": ".4806702178169455", "sigma": "6.1172E-8", "name": "e", "label": "e"}, {"sigma": "3.5593E-8", "name": "a", "title": "semi-major axis", "value": "2.029093871990044", "units": "au", "label": "a"}, {"name": "q", "sigma": "1.0908E-7", "title": "perihelion distance", "value": "1.05376887856956", "units": "au", "label": "q"}, {"label": "i", "value": "6.524967549876113", "title": "inclination; angle with respect to x-y ecliptic plane", "units": "deg", "sigma": "4.4691E-6", "name": "i"}, {"sigma": "7.4696E-5", "name": "om", "units": "deg", "title": "longitude of the ascending node", "value": "64.44893503820406", "label": "node"}, {"label": "peri", "value": "188.8391785648886", "title": "argument of perihelion", "units": "deg", "sigma": "7.5712E-5", "name": "w"}, {"name": "ma", "sigma": "2.203E-5", "value": "275.0477172469382", "title": "mean anomaly", "units": "deg", "label": "M"}, {"units": "TDB", "value": "2461449.628944658519", "title": "time of perihelion passage", "name": "tp", "sigma": "7.0726E-5", "label": "tp"}, {"units": "d", "value": "1055.727017221727", "title": "sidereal orbital period", "name": "per", "sigma": "2.7778E-5", "label": "period"}, {"label": "n", "sigma": "8.9722E-9", "name": "n", "title": "mean motion", "value": ".3409972408846592", "units": "deg/d"}, {"name": "ad", "sigma": "5.2701E-8", "units": "au", "value": "3.004418865410527", "title": "aphelion distance", "label": "Q"}], "epoch": "2461200.5"}