{"spkid": "50795133", "covariance": {"data": [["3.835472324723895E-13", "-4.463707743022616E-13", "-1.187622761241668E-10", "-1.948831307465377E-12", "-7.048804475032149E-11", "4.041603592189736E-11"], ["-4.463707743022616E-13", "5.195183025586029E-13", "1.394423453104405E-10", "2.26468306741939E-12", "8.279034028835321E-11", "-4.708721362519896E-11"], ["-1.187622761241668E-10", "1.394423453104405E-10", "3.794721033091893E-7", "-1.465973685340007E-9", "2.381278101884544E-7", "-2.039617646171743E-8"], ["-1.948831307465377E-12", "2.26468306741939E-12", "-1.465973685340007E-9", "2.498307055930971E-10", "-1.156094258444553E-9", "-3.963775107483057E-10"], ["-7.048804475032149E-11", "8.279034028835321E-11", "2.381278101884544E-7", "-1.156094258444553E-9", "1.496940221178031E-7", "-1.216311966551968E-8"], ["4.041603592189736E-11", "-4.708721362519896E-11", "-2.039617646171743E-8", "-3.963775107483057E-10", "-1.216311966551968E-8", "4.997118849536354E-9"]], "elements": [{"label": "e", "title": "eccentricity", "value": ".1182918212377371", "units": null, "sigma": 6.19311902414599e-07, "name": "e"}, {"label": "q", "value": "1.019492029950086", "title": "perihelion distance", "units": "au", "sigma": 7.20776180626554e-07, "name": "q"}, {"label": "tp", "sigma": 0.000616013070729176, "name": "tp", "title": "time of perihelion passage", "value": "2459256.709624003928", "units": "TDB"}, {"name": "om", "sigma": 1.58060338349979e-05, "units": "deg", "title": "longitude of the ascending node", "value": "288.3981986020277", "label": "node"}, {"value": "353.6081607654477", "title": "argument of perihelion", "units": "deg", "sigma": 0.0003869031172242, "name": "w", "label": "peri"}, {"units": "deg", "value": "23.99844088327993", "title": "inclination", "name": "i", "sigma": 7.06903023726476e-05, "label": "i"}], "labels": ["e", "q", "tp", "node", "peri", "i"], "epoch": "2459255.5"}, "elements": [{"label": "e", "sigma": "6.1951E-7", "name": "e", "value": ".1184056870944071", "title": "eccentricity", "units": null}, {"sigma": "7.7859E-9", "name": "a", "units": "au", "title": "semi-major axis", "value": "1.156310115609726", "label": "a"}, {"sigma": "7.2043E-7", "name": "q", "units": "au", "title": "perihelion distance", "value": "1.019396421876743", "label": "q"}, {"title": "inclination; angle with respect to x-y ecliptic plane", "value": "23.99870284246346", "units": "deg", "sigma": "7.0692E-5", "name": "i", "label": "i"}, {"label": "node", "name": "om", "sigma": "1.5788E-5", "units": "deg", "value": "288.3772235409584", "title": "longitude of the ascending node"}, {"label": "peri", "units": "deg", "title": "argument of perihelion", "value": "353.6002747885586", "name": "w", "sigma": ".00038602"}, {"label": "M", "name": "ma", "sigma": ".00049445", "value": "100.8209054848737", "title": "mean anomaly", "units": "deg"}, {"label": "tp", "value": "2461073.308524014564", "title": "time of perihelion passage", "units": "TDB", "sigma": ".00062328", "name": "tp"}, {"value": "454.1610803289877", "title": "sidereal orbital period", "units": "d", "sigma": "4.5871E-6", "name": "per", "label": "period"}, {"label": "n", "name": "n", "sigma": "8.0061E-9", "units": "deg/d", "value": ".7926703004564398", "title": "mean motion"}, {"label": "Q", "title": "aphelion distance", "value": "1.293223809342709", "units": "au", "sigma": "8.7078E-9", "name": "ad"}], "epoch": "2461200.5"}