{"spkid": "50802612", "covariance": {"epoch": "2458769.5", "labels": ["e", "q", "tp", "node", "peri", "i"], "elements": [{"label": "e", "units": null, "value": ".4277144438784331", "title": "eccentricity", "sigma": 4.8858568317139e-08, "name": "e"}, {"label": "q", "title": "perihelion distance", "value": ".9243825567694356", "units": "au", "sigma": 6.62569804650149e-08, "name": "q"}, {"value": "2459019.765989716694", "title": "time of perihelion passage", "units": "TDB", "name": "tp", "sigma": 1.77282753010357e-05, "label": "tp"}, {"label": "node", "name": "om", "sigma": 7.46350385754417e-05, "value": "185.0188397506669", "title": "longitude of the ascending node", "units": "deg"}, {"units": "deg", "title": "argument of perihelion", "value": "72.89152822915183", "sigma": 8.27938941278612e-05, "name": "w", "label": "peri"}, {"label": "i", "value": "1.90960606550064", "title": "inclination", "units": "deg", "sigma": 4.98327309713124e-06, "name": "i"}], "data": [["2.387159698000538E-15", "-3.23400932267983E-15", "5.84100861313333E-13", "-2.669169275363706E-13", "4.782044711896202E-13", "-1.983304575809806E-13"], ["-3.23400932267983E-15", "4.389987460341362E-15", "-8.00474217630789E-13", "4.414318412249857E-13", "-7.375086374578868E-13", "2.676246827178014E-13"], ["5.84100861313333E-13", "-8.00474217630789E-13", "3.142917451493141E-10", "-7.063327680751388E-10", "9.051900258555427E-10", "-6.788721832035129E-11"], ["-2.669169275363706E-13", "4.414318412249857E-13", "-7.063327680751388E-10", "5.570388983157672E-9", "-6.138727833909158E-9", "5.789015314741721E-11"], ["4.782044711896202E-13", "-7.375086374578868E-13", "9.051900258555427E-10", "-6.138727833909158E-9", "6.854828904855484E-9", "-9.133345546474766E-11"], ["-1.983304575809806E-13", "2.676246827178014E-13", "-6.788721832035129E-11", "5.789015314741721E-11", "-9.133345546474766E-11", "2.483301076059203E-11"]]}, "elements": [{"label": "e", "title": "eccentricity", "value": ".4276489338866956", "units": null, "name": "e", "sigma": "4.8432E-8"}, {"value": "1.615692249706009", "title": "semi-major axis", "units": "au", "sigma": "2.2091E-8", "name": "a", "label": "a"}, {"label": "q", "sigma": "6.623E-8", "name": "q", "title": "perihelion distance", "value": ".9247431816302375", "units": "au"}, {"name": "i", "sigma": "4.9218E-6", "title": "inclination; angle with respect to x-y ecliptic plane", "value": "1.925170339659435", "units": "deg", "label": "i"}, {"value": "184.0774885421437", "title": "longitude of the ascending node", "units": "deg", "sigma": "7.5463E-5", "name": "om", "label": "node"}, {"value": "73.85799924809841", "title": "argument of perihelion", "units": "deg", "sigma": "8.391E-5", "name": "w", "label": "peri"}, {"label": "M", "name": "ma", "sigma": "2.7728E-5", "title": "mean anomaly", "value": "326.6464791591822", "units": "deg"}, {"label": "tp", "value": "2461269.998522854825", "title": "time of perihelion passage", "units": "TDB", "sigma": "5.9159E-5", "name": "tp"}, {"label": "period", "sigma": "1.5385E-5", "name": "per", "units": "d", "value": "750.1297493342439", "title": "sidereal orbital period"}, {"label": "n", "name": "n", "sigma": "9.8429E-9", "value": ".4799169747893717", "title": "mean motion", "units": "deg/d"}, {"name": "ad", "sigma": "3.1539E-8", "value": "2.30664131778178", "title": "aphelion distance", "units": "au", "label": "Q"}], "epoch": "2461200.5"}