{"spkid": "50802610", "covariance": {"epoch": "2459622.5", "data": [["6.63132968998806E-13", "-9.340027031302233E-13", "-3.921627467303707E-11", "2.067988284792962E-12", "-1.19343072034128E-10", "4.749013722213841E-11"], ["-9.340027031302233E-13", "1.315542614391818E-12", "5.536516282628623E-11", "-2.931534123188854E-12", "1.681876324970176E-10", "-6.704027865699694E-11"], ["-3.921627467303707E-11", "5.536516282628623E-11", "3.217847340109643E-9", "-1.954426208598083E-10", "7.672959840835568E-9", "-3.788072379326887E-9"], ["2.067988284792962E-12", "-2.931534123188854E-12", "-1.954426208598083E-10", "4.677586902278333E-10", "-8.673656688901693E-10", "-1.306071025897512E-10"], ["-1.19343072034128E-10", "1.681876324970176E-10", "7.672959840835568E-9", "-8.673656688901693E-10", "2.235041675743532E-8", "-8.835514002180247E-9"], ["4.749013722213841E-11", "-6.704027865699694E-11", "-3.788072379326887E-9", "-1.306071025897512E-10", "-8.835514002180247E-9", "5.215082571336267E-9"]], "elements": [{"units": null, "value": ".4504440990583684", "title": "eccentricity", "sigma": 8.1432976673999e-07, "name": "e", "label": "e"}, {"units": "au", "value": ".7689861917206814", "title": "perihelion distance", "sigma": 1.1469710608345e-06, "name": "q", "label": "q"}, {"value": "2459356.860758266200", "title": "time of perihelion passage", "units": "TDB", "sigma": 5.67260728422975e-05, "name": "tp", "label": "tp"}, {"label": "node", "units": "deg", "value": "20.82318363081162", "title": "longitude of the ascending node", "name": "om", "sigma": 2.1627729659579e-05}, {"name": "w", "sigma": 0.000149500557716135, "value": "80.89036970359142", "title": "argument of perihelion", "units": "deg", "label": "peri"}, {"name": "i", "sigma": 7.22155286024846e-05, "value": "11.75514962286582", "title": "inclination", "units": "deg", "label": "i"}], "labels": ["e", "q", "tp", "node", "peri", "i"]}, "elements": [{"name": "e", "sigma": "8.1554E-7", "value": ".4504827857189329", "title": "eccentricity", "units": null, "label": "e"}, {"name": "a", "sigma": "1.5267E-8", "title": "semi-major axis", "value": "1.399418789452226", "units": "au", "label": "a"}, {"name": "q", "sigma": "1.1482E-6", "value": ".7690047147923705", "title": "perihelion distance", "units": "au", "label": "q"}, {"label": "i", "value": "11.75679767581313", "title": "inclination; angle with respect to x-y ecliptic plane", "units": "deg", "sigma": "7.2176E-5", "name": "i"}, {"label": "node", "name": "om", "sigma": "2.1633E-5", "units": "deg", "title": "longitude of the ascending node", "value": "20.78870994612673"}, {"name": "w", "sigma": ".00014948", "title": "argument of perihelion", "value": "80.90365524698036", "units": "deg", "label": "peri"}, {"label": "M", "name": "ma", "sigma": "5.1767E-5", "value": "17.76578610788236", "title": "mean anomaly", "units": "deg"}, {"name": "tp", "sigma": "8.6475E-5", "units": "TDB", "value": "2461170.659787861570", "title": "time of perihelion passage", "label": "tp"}, {"label": "period", "name": "per", "sigma": "9.895E-6", "units": "d", "value": "604.6721661851286", "title": "sidereal orbital period"}, {"label": "n", "name": "n", "sigma": "9.7426E-9", "title": "mean motion", "value": ".5953639345949009", "units": "deg/d"}, {"title": "aphelion distance", "value": "2.029832864112082", "units": "au", "name": "ad", "sigma": "2.2144E-8", "label": "Q"}], "epoch": "2461200.5"}