{"spkid": "50802107", "covariance": {"epoch": "2456903.5", "data": [["1.161496163001223E-15", "-1.925731403581286E-15", "2.702456940802E-13", "3.027573090682819E-12", "-2.792921964345432E-12", "-3.007204103524806E-14"], ["-1.925731403581286E-15", "3.192873408619394E-15", "-4.465280898841012E-13", "-5.000678784944254E-12", "4.613292608165456E-12", "4.980101743534523E-14"], ["2.702456940802E-13", "-4.465280898841012E-13", "1.495263261685948E-10", "1.665601989603646E-9", "-1.518786878882029E-9", "-9.994290599896385E-12"], ["3.027573090682819E-12", "-5.000678784944254E-12", "1.665601989603646E-9", "5.413891878558949E-8", "-5.250181974595518E-8", "-7.339572379114867E-11"], ["-2.792921964345432E-12", "4.613292608165456E-12", "-1.518786878882029E-9", "-5.250181974595518E-8", "5.10106349406868E-8", "6.415300967956841E-11"], ["-3.007204103524806E-14", "4.980101743534523E-14", "-9.994290599896385E-12", "-7.339572379114867E-11", "6.415300967956841E-11", "1.423331824459373E-12"]], "elements": [{"label": "e", "sigma": 3.40807300831602e-08, "name": "e", "units": null, "title": "eccentricity", "value": ".4656691835208075"}, {"label": "q", "units": "au", "title": "perihelion distance", "value": ".9068545738928134", "sigma": 5.65055166211176e-08, "name": "q"}, {"units": "TDB", "value": "2456546.735669549700", "title": "time of perihelion passage", "name": "tp", "sigma": 1.22280957703395e-05, "label": "tp"}, {"units": "deg", "title": "longitude of the ascending node", "value": "120.3621997299197", "name": "om", "sigma": 0.000232677714415432, "label": "node"}, {"label": "peri", "name": "w", "sigma": 0.00022585534073979, "value": "12.7170405168735", "title": "argument of perihelion", "units": "deg"}, {"title": "inclination", "value": ".3036922769909241", "units": "deg", "name": "i", "sigma": 1.19303471217705e-06, "label": "i"}], "labels": ["e", "q", "tp", "node", "peri", "i"]}, "elements": [{"label": "e", "sigma": "4.4526E-8", "name": "e", "title": "eccentricity", "value": ".4685766999525025", "units": null}, {"title": "semi-major axis", "value": "1.709420757315027", "units": "au", "name": "a", "sigma": "5.9786E-8", "label": "a"}, {"label": "q", "name": "q", "sigma": "5.142E-8", "title": "perihelion distance", "value": ".9084260200220441", "units": "au"}, {"sigma": "1.3163E-6", "name": "i", "units": "deg", "title": "inclination; angle with respect to x-y ecliptic plane", "value": ".2614738833012109", "label": "i"}, {"label": "node", "units": "deg", "value": "99.25880737709359", "title": "longitude of the ascending node", "sigma": ".00024592", "name": "om"}, {"label": "peri", "name": "w", "sigma": ".00024438", "units": "deg", "title": "argument of perihelion", "value": "34.35991932304"}, {"units": "deg", "value": "259.6477675815365", "title": "mean anomaly", "name": "ma", "sigma": "7.6726E-5", "label": "M"}, {"units": "TDB", "value": "2461428.060261490291", "title": "time of perihelion passage", "sigma": ".00018591", "name": "tp", "label": "tp"}, {"units": "d", "title": "sidereal orbital period", "value": "816.341521879609", "sigma": "4.2827E-5", "name": "per", "label": "period"}, {"label": "n", "units": "deg/d", "title": "mean motion", "value": ".4409919014913117", "name": "n", "sigma": "2.3135E-8"}, {"label": "Q", "name": "ad", "sigma": "8.7801E-8", "value": "2.510415494608011", "title": "aphelion distance", "units": "au"}], "epoch": "2461200.5"}