{"spkid": "50801988", "covariance": {"epoch": "2458044.5", "labels": ["e", "q", "tp", "node", "peri", "i"], "elements": [{"sigma": 9.15559865821546e-07, "name": "e", "units": null, "title": "eccentricity", "value": ".1306518113215428", "label": "e"}, {"label": "q", "title": "perihelion distance", "value": ".8536987395086865", "units": "au", "name": "q", "sigma": 1.03308427363373e-06}, {"label": "tp", "name": "tp", "sigma": 7.41413722631074e-05, "value": "2458078.477239742059", "title": "time of perihelion passage", "units": "TDB"}, {"label": "node", "value": "164.6485589056333", "title": "longitude of the ascending node", "units": "deg", "name": "om", "sigma": 3.62145045216743e-05}, {"name": "w", "sigma": 9.82915782117344e-05, "value": "245.0489390528027", "title": "argument of perihelion", "units": "deg", "label": "peri"}, {"name": "i", "sigma": 6.438105147056e-05, "value": "10.99166684044246", "title": "inclination", "units": "deg", "label": "i"}], "data": [["8.382498679031675E-13", "-9.457358574132587E-13", "-5.854572833388601E-11", "-3.056346683898578E-11", "-8.53867630626442E-11", "5.837957238411058E-11"], ["-9.457358574132587E-13", "1.067263116429325E-12", "6.657680786445807E-11", "3.453024518914458E-11", "9.674794299217926E-11", "-6.593165662632615E-11"], ["-5.854572833388601E-11", "6.657680786445807E-11", "5.496943081056664E-9", "2.324829059602233E-9", "7.006205050039247E-9", "-4.193861712922574E-9"], ["-3.056346683898578E-11", "3.453024518914458E-11", "2.324829059602233E-9", "1.311490337750368E-9", "3.076820851308491E-9", "-2.104085472797724E-9"], ["-8.53867630626442E-11", "9.674794299217926E-11", "7.006205050039247E-9", "3.076820851308491E-9", "9.661234347353496E-9", "-6.077748937714915E-9"], ["5.837957238411058E-11", "-6.593165662632615E-11", "-4.193861712922574E-9", "-2.104085472797724E-9", "-6.077748937714915E-9", "4.144919788454896E-9"]]}, "elements": [{"label": "e", "name": "e", "sigma": "9.2183E-7", "units": null, "value": ".1305563468659921", "title": "eccentricity"}, {"label": "a", "sigma": "1.327E-7", "name": "a", "title": "semi-major axis", "value": ".9811057385268493", "units": "au"}, {"title": "perihelion distance", "value": ".8530161574155227", "units": "au", "name": "q", "sigma": "1.0191E-6", "label": "q"}, {"label": "i", "name": "i", "sigma": "6.4253E-5", "value": "10.99855210205525", "title": "inclination; angle with respect to x-y ecliptic plane", "units": "deg"}, {"label": "node", "units": "deg", "value": "164.4458300398616", "title": "longitude of the ascending node", "sigma": "3.2883E-5", "name": "om"}, {"units": "deg", "value": "244.8195144786901", "title": "argument of perihelion", "sigma": "9.1825E-5", "name": "w", "label": "peri"}, {"units": "deg", "value": "285.7416895968925", "title": "mean anomaly", "name": "ma", "sigma": ".00074263", "label": "M"}, {"label": "tp", "name": "tp", "sigma": ".00074707", "units": "TDB", "title": "time of perihelion passage", "value": "2461273.717469253617"}, {"label": "period", "title": "sidereal orbital period", "value": "354.954062221687", "units": "d", "name": "per", "sigma": "7.2014E-5"}, {"label": "n", "value": "1.014215748783744", "title": "mean motion", "units": "deg/d", "sigma": "2.0577E-7", "name": "n"}, {"label": "Q", "name": "ad", "sigma": "1.5002E-7", "units": "au", "value": "1.109195319638176", "title": "aphelion distance"}], "epoch": "2461200.5"}