{"spkid": "50802600", "covariance": {"labels": ["e", "q", "tp", "node", "peri", "i"], "data": [["2.375461226907455E-10", "-2.565046098079268E-10", "1.64214775782094E-8", "1.543260954383864E-8", "-3.247989577285818E-8", "3.626337943237858E-9"], ["-2.565046098079268E-10", "2.769761712577797E-10", "-1.773205536531946E-8", "-1.666449467704262E-8", "3.507234184947265E-8", "-3.915832289394079E-9"], ["1.64214775782094E-8", "-1.773205536531946E-8", "1.137867318153046E-6", "1.073292690656051E-6", "-2.249139780591707E-6", "2.512706492665073E-7"], ["1.543260954383864E-8", "-1.666449467704262E-8", "1.073292690656051E-6", "1.040533350710908E-6", "-2.142253342001559E-6", "2.441021964692609E-7"], ["-3.247989577285818E-8", "3.507234184947265E-8", "-2.249139780591707E-6", "-2.142253342001559E-6", "4.469967163169546E-6", "-5.039523231784629E-7"], ["3.626337943237858E-9", "-3.915832289394079E-9", "2.512706492665073E-7", "2.441021964692609E-7", "-5.039523231784629E-7", "5.776959684488664E-8"]], "elements": [{"name": "e", "sigma": 1.54125313524659e-05, "units": null, "value": ".3791168027269116", "title": "eccentricity", "label": "e"}, {"name": "q", "sigma": 1.66426010965167e-05, "units": "au", "title": "perihelion distance", "value": ".6661690094296222", "label": "q"}, {"name": "tp", "sigma": 0.00106670863789183, "units": "TDB", "value": "2457340.880825206941", "title": "time of perihelion passage", "label": "tp"}, {"label": "node", "units": "deg", "value": "197.4933146571919", "title": "longitude of the ascending node", "sigma": 0.00102006536590108, "name": "om"}, {"label": "peri", "name": "w", "sigma": 0.00211422968552841, "units": "deg", "value": "259.8843732530639", "title": "argument of perihelion"}, {"units": "deg", "title": "inclination", "value": "1.879166207269408", "name": "i", "sigma": 0.000240353067059455, "label": "i"}], "epoch": "2457465.5"}, "elements": [{"name": "e", "sigma": "1.5255E-5", "title": "eccentricity", "value": ".3800953442765103", "units": null, "label": "e"}, {"units": "au", "value": "1.086183764973851", "title": "semi-major axis", "sigma": "5.6819E-7", "name": "a", "label": "a"}, {"units": "au", "value": ".6733303728785592", "title": "perihelion distance", "name": "q", "sigma": "1.6907E-5", "label": "q"}, {"value": "1.551365066234505", "title": "inclination; angle with respect to x-y ecliptic plane", "units": "deg", "name": "i", "sigma": ".00021539", "label": "i"}, {"value": "196.5405618550926", "title": "longitude of the ascending node", "units": "deg", "name": "om", "sigma": ".0010908", "label": "node"}, {"sigma": ".0019153", "name": "w", "units": "deg", "value": "262.5396850134028", "title": "argument of perihelion", "label": "peri"}, {"sigma": ".003739", "name": "ma", "units": "deg", "title": "mean anomaly", "value": "131.2301808378355", "label": "M"}, {"name": "tp", "sigma": ".0043786", "units": "TDB", "title": "time of perihelion passage", "value": "2461049.775235437271", "label": "tp"}, {"label": "period", "units": "d", "value": "413.4789337037797", "title": "sidereal orbital period", "name": "per", "sigma": ".00032444"}, {"sigma": "6.8317E-7", "name": "n", "title": "mean motion", "value": ".8706610437810296", "units": "deg/d", "label": "n"}, {"value": "1.499037157069144", "title": "aphelion distance", "units": "au", "sigma": "7.8415E-7", "name": "ad", "label": "Q"}], "epoch": "2461200.5"}