{"spkid": "50819586", "covariance": {"labels": ["e", "q", "tp", "node", "peri", "i"], "elements": [{"label": "e", "units": null, "title": "eccentricity", "value": ".502314571922568", "sigma": 5.60768584270094e-08, "name": "e"}, {"value": ".680465871532872", "title": "perihelion distance", "units": "au", "name": "q", "sigma": 7.04932959484884e-08, "label": "q"}, {"label": "tp", "sigma": 1.23420930619779e-05, "name": "tp", "units": "TDB", "title": "time of perihelion passage", "value": "2458883.933389128358"}, {"name": "om", "sigma": 0.000259430634700787, "title": "longitude of the ascending node", "value": "103.6771254268868", "units": "deg", "label": "node"}, {"sigma": 0.000265985747223632, "name": "w", "units": "deg", "value": "212.2647258314889", "title": "argument of perihelion", "label": "peri"}, {"label": "i", "units": "deg", "title": "inclination", "value": "3.399591171936206", "name": "i", "sigma": 1.00417143740773e-05}], "data": [["3.144614051042855E-15", "-3.951179729610035E-15", "-3.37094634210762E-14", "8.493606964969967E-13", "-9.361700499543664E-13", "-1.298201725987213E-13"], ["-3.951179729610035E-15", "4.969304773681168E-15", "5.771252531240874E-14", "-1.321222491990348E-12", "1.443463449509425E-12", "1.71031952652748E-13"], ["-3.37094634210762E-14", "5.771252531240874E-14", "1.523272611505228E-10", "-2.073500611057926E-9", "2.199095113267068E-9", "6.915322053088286E-11"], ["8.493606964969967E-13", "-1.321222491990348E-12", "-2.073500611057926E-9", "6.730425422125333E-8", "-6.897155109874591E-8", "-2.450208921768968E-9"], ["-9.361700499543664E-13", "1.443463449509425E-12", "2.199095113267068E-9", "-6.897155109874591E-8", "7.074841772611393E-8", "2.508566568018804E-9"], ["-1.298201725987213E-13", "1.71031952652748E-13", "6.915322053088286E-11", "-2.450208921768968E-9", "2.508566568018804E-9", "1.008360275705516E-10"]], "epoch": "2459059.5"}, "elements": [{"units": null, "title": "eccentricity", "value": ".5024154219524596", "name": "e", "sigma": "5.5641E-8", "label": "e"}, {"value": "1.366587201836721", "title": "semi-major axis", "units": "au", "name": "a", "sigma": "1.0321E-8", "label": "a"}, {"label": "q", "sigma": "7.126E-8", "name": "q", "units": "au", "title": "perihelion distance", "value": ".6799927161910939"}, {"units": "deg", "value": "3.404930117447684", "title": "inclination; angle with respect to x-y ecliptic plane", "sigma": "1.0073E-5", "name": "i", "label": "i"}, {"name": "om", "sigma": ".00025884", "value": "103.5011753454497", "title": "longitude of the ascending node", "units": "deg", "label": "node"}, {"sigma": ".00026542", "name": "w", "value": "212.4511229057838", "title": "argument of perihelion", "units": "deg", "label": "peri"}, {"label": "M", "units": "deg", "value": "348.5147255555534", "title": "mean anomaly", "name": "ma", "sigma": "2.273E-5"}, {"label": "tp", "name": "tp", "sigma": "3.7041E-5", "units": "TDB", "value": "2461219.116298209911", "title": "time of perihelion passage"}, {"label": "period", "units": "d", "value": "583.5182596623423", "title": "sidereal orbital period", "sigma": "6.6102E-6", "name": "per"}, {"label": "n", "sigma": "6.9889E-9", "name": "n", "units": "deg/d", "value": ".6169472746376728", "title": "mean motion"}, {"units": "au", "value": "2.053181687482349", "title": "aphelion distance", "name": "ad", "sigma": "1.5506E-8", "label": "Q"}], "epoch": "2461200.5"}