{"spkid": "50826827", "covariance": {"epoch": "2459400.5", "elements": [{"sigma": 5.02634393263359e-08, "name": "e", "units": null, "value": ".5432573642415361", "title": "eccentricity", "label": "e"}, {"label": "q", "sigma": 3.95774231549358e-08, "name": "q", "title": "perihelion distance", "value": ".3626932400502587", "units": "au"}, {"sigma": 1.06540225785509e-05, "name": "tp", "units": "TDB", "title": "time of perihelion passage", "value": "2459469.731908877678", "label": "tp"}, {"sigma": 3.1546318535354e-05, "name": "om", "units": "deg", "value": "122.8782530980735", "title": "longitude of the ascending node", "label": "node"}, {"label": "peri", "units": "deg", "title": "argument of perihelion", "value": "359.4611903069034", "name": "w", "sigma": 3.33773289106476e-05}, {"units": "deg", "value": "4.018772395705265", "title": "inclination", "sigma": 5.59885647387484e-06, "name": "i", "label": "i"}], "data": [["2.526413332912253E-15", "-1.988791965979975E-15", "4.517446022241681E-13", "-3.848490773412219E-13", "5.793312804329634E-13", "-5.545363703005898E-14"], ["-1.988791965979975E-15", "1.566372423584847E-15", "-3.53915479284009E-13", "3.017803484866312E-13", "-4.54815100455438E-13", "4.330266057000462E-14"], ["4.517446022241681E-13", "-3.53915479284009E-13", "1.135081971042731E-10", "-8.345967802519529E-11", "1.412192779654995E-10", "-1.350466766732516E-11"], ["-3.848490773412219E-13", "3.017803484866312E-13", "-8.345967802519529E-11", "9.95170213134017E-10", "-1.036834636388502E-9", "-5.279937430239087E-11"], ["5.793312804329634E-13", "-4.54815100455438E-13", "1.412192779654995E-10", "-1.036834636388502E-9", "1.114046085209553E-9", "4.266881024020308E-11"], ["-5.545363703005898E-14", "4.330266057000462E-14", "-1.350466766732516E-11", "-5.279937430239087E-11", "4.266881024020308E-11", "3.134719381505019E-11"]], "labels": ["e", "q", "tp", "node", "peri", "i"]}, "elements": [{"name": "e", "sigma": "5.0324E-8", "value": ".5433076713535659", "title": "eccentricity", "units": null, "label": "e"}, {"label": "a", "value": ".7940626518090673", "title": "semi-major axis", "units": "au", "name": "a", "sigma": "1.8248E-9"}, {"value": ".3626423215458455", "title": "perihelion distance", "units": "au", "name": "q", "sigma": "3.9742E-8", "label": "q"}, {"value": "4.019279027466092", "title": "inclination; angle with respect to x-y ecliptic plane", "units": "deg", "sigma": "5.5985E-6", "name": "i", "label": "i"}, {"name": "om", "sigma": "3.1552E-5", "units": "deg", "value": "122.8454834584178", "title": "longitude of the ascending node", "label": "node"}, {"label": "peri", "sigma": "3.3387E-5", "name": "w", "title": "argument of perihelion", "value": "359.4895104187435", "units": "deg"}, {"sigma": "2.0448E-5", "name": "ma", "title": "mean anomaly", "value": "250.7976612751583", "units": "deg", "label": "M"}, {"name": "tp", "sigma": "1.4875E-5", "title": "time of perihelion passage", "value": "2461278.898909211225", "units": "TDB", "label": "tp"}, {"label": "period", "title": "sidereal orbital period", "value": "258.4524072067392", "units": "d", "sigma": "8.909E-7", "name": "per"}, {"label": "n", "name": "n", "sigma": "4.8014E-9", "title": "mean motion", "value": "1.392906353207349", "units": "deg/d"}, {"name": "ad", "sigma": "2.8162E-9", "units": "au", "value": "1.225482982072289", "title": "aphelion distance", "label": "Q"}], "epoch": "2461200.5"}