{"spkid": "50826881", "covariance": {"labels": ["e", "q", "tp", "node", "peri", "i"], "data": [["3.49970068503756E-15", "-4.769028204812125E-15", "1.232187313523653E-12", "-6.253781296088123E-12", "8.098244313159184E-12", "-4.721298943175816E-14"], ["-4.769028204812125E-15", "6.502236960995522E-15", "-1.664389307922269E-12", "8.562282740152711E-12", "-1.106621726228742E-11", "6.471853924746894E-14"], ["1.232187313523653E-12", "-1.664389307922269E-12", "5.326225398166252E-10", "-2.58229968682686E-9", "3.309603743147211E-9", "-1.566903058558616E-11"], ["-6.253781296088123E-12", "8.562282740152711E-12", "-2.58229968682686E-9", "1.094691745463642E-7", "-1.132383922136728E-7", "4.055151229489598E-10"], ["8.098244313159184E-12", "-1.106621726228742E-11", "3.309603743147211E-9", "-1.132383922136728E-7", "1.180446110138272E-7", "-4.300694020652061E-10"], ["-4.721298943175816E-14", "6.471853924746894E-14", "-1.566903058558616E-11", "4.055151229489598E-10", "-4.300694020652061E-10", "2.195520704354536E-12"]], "elements": [{"name": "e", "sigma": 5.91582681037702e-08, "title": "eccentricity", "value": ".2461251130028813", "units": null, "label": "e"}, {"label": "q", "name": "q", "sigma": 8.06364493327647e-08, "units": "au", "value": ".9895541615310991", "title": "perihelion distance"}, {"label": "tp", "units": "TDB", "title": "time of perihelion passage", "value": "2459476.632791941708", "sigma": 2.30786165056882e-05, "name": "tp"}, {"value": "107.6166129546442", "title": "longitude of the ascending node", "units": "deg", "name": "om", "sigma": 0.000330861261779562, "label": "node"}, {"name": "w", "sigma": 0.000343576208451382, "value": "249.5502080265184", "title": "argument of perihelion", "units": "deg", "label": "peri"}, {"units": "deg", "value": ".1820646786091288", "title": "inclination", "name": "i", "sigma": 1.48172895779037e-06, "label": "i"}], "epoch": "2459260.5"}, "elements": [{"label": "e", "value": ".2513062075220089", "title": "eccentricity", "units": null, "sigma": "7.3677E-8", "name": "e"}, {"units": "au", "value": "1.324390599666364", "title": "semi-major axis", "name": "a", "sigma": "3.2115E-8", "label": "a"}, {"units": "au", "title": "perihelion distance", "value": ".9915630207864106", "name": "q", "sigma": "7.5187E-8", "label": "q"}, {"label": "i", "sigma": "1.1393E-6", "name": "i", "units": "deg", "title": "inclination; angle with respect to x-y ecliptic plane", "value": ".1833091965929083"}, {"name": "om", "sigma": ".00032772", "value": "84.74210290238213", "title": "longitude of the ascending node", "units": "deg", "label": "node"}, {"label": "peri", "value": "272.3675594531159", "title": "argument of perihelion", "units": "deg", "sigma": ".00033944", "name": "w"}, {"units": "deg", "title": "mean anomaly", "value": "43.65888508289211", "sigma": "4.0697E-5", "name": "ma", "label": "M"}, {"value": "2461132.986176916993", "title": "time of perihelion passage", "units": "TDB", "sigma": "6.0595E-5", "name": "tp", "label": "tp"}, {"value": "556.7017175023208", "title": "sidereal orbital period", "units": "d", "sigma": "2.0249E-5", "name": "per", "label": "period"}, {"label": "n", "value": ".6466658691393372", "title": "mean motion", "units": "deg/d", "name": "n", "sigma": "2.3521E-8"}, {"name": "ad", "sigma": "4.0185E-8", "value": "1.657218178546317", "title": "aphelion distance", "units": "au", "label": "Q"}], "epoch": "2461200.5"}