{"spkid": "50825533", "covariance": {"data": [["2.043730654104766E-15", "-3.646065905738102E-15", "-7.62162249463003E-13", "-4.289163544959757E-12", "3.776695935602655E-12", "-1.113514924515663E-13"], ["-3.646065905738102E-15", "6.544471947226048E-15", "1.444197430063829E-12", "9.164904235430237E-12", "-8.207745196348757E-12", "2.17207479148098E-13"], ["-7.62162249463003E-13", "1.444197430063829E-12", "4.980645758792177E-10", "5.703117734921305E-9", "-5.381635876732633E-9", "8.292489718620429E-11"], ["-4.289163544959757E-12", "9.164904235430237E-12", "5.703117734921305E-9", "1.266129630799806E-7", "-1.228013771159356E-7", "1.637266885002142E-9"], ["3.776695935602655E-12", "-8.207745196348757E-12", "-5.381635876732633E-9", "-1.228013771159356E-7", "1.192111177554943E-7", "-1.586387860679704E-9"], ["-1.113514924515663E-13", "2.17207479148098E-13", "8.292489718620429E-11", "1.637266885002142E-9", "-1.586387860679704E-9", "3.060649732851366E-11"]], "elements": [{"label": "e", "name": "e", "sigma": 4.52076393334663e-08, "title": "eccentricity", "value": ".4840799079155184", "units": null}, {"label": "q", "name": "q", "sigma": 8.08979106480881e-08, "title": "perihelion distance", "value": ".8049291568031223", "units": "au"}, {"sigma": 2.2317360414691e-05, "name": "tp", "value": "2458962.300793970162", "title": "time of perihelion passage", "units": "TDB", "label": "tp"}, {"sigma": 0.00035582715337644, "name": "om", "units": "deg", "title": "longitude of the ascending node", "value": "219.832255281916", "label": "node"}, {"sigma": 0.000345269630514319, "name": "w", "title": "argument of perihelion", "value": "348.2284118069288", "units": "deg", "label": "peri"}, {"name": "i", "sigma": 5.53231392172513e-06, "value": "2.598124526130665", "title": "inclination", "units": "deg", "label": "i"}], "labels": ["e", "q", "tp", "node", "peri", "i"], "epoch": "2458855.5"}, "elements": [{"title": "eccentricity", "value": ".4841208175262524", "units": null, "name": "e", "sigma": "4.5699E-8", "label": "e"}, {"label": "a", "name": "a", "sigma": "2.0096E-8", "units": "au", "value": "1.560003920524312", "title": "semi-major axis"}, {"units": "au", "title": "perihelion distance", "value": ".8047735471759233", "sigma": "8.0526E-8", "name": "q", "label": "q"}, {"label": "i", "units": "deg", "title": "inclination; angle with respect to x-y ecliptic plane", "value": "2.602913607917333", "sigma": "5.5323E-6", "name": "i"}, {"label": "node", "name": "om", "sigma": ".00035525", "units": "deg", "title": "longitude of the ascending node", "value": "219.6791472794581"}, {"label": "peri", "title": "argument of perihelion", "value": "348.3766348548515", "units": "deg", "sigma": ".00034462", "name": "w"}, {"title": "mean anomaly", "value": "52.05508311687229", "units": "deg", "name": "ma", "sigma": "3.4155E-5", "label": "M"}, {"sigma": "6.5544E-5", "name": "tp", "title": "time of perihelion passage", "value": "2461097.592363197560", "units": "TDB", "label": "tp"}, {"value": "711.6836057240064", "title": "sidereal orbital period", "units": "d", "name": "per", "sigma": "1.3752E-5", "label": "period"}, {"name": "n", "sigma": "9.7744E-9", "value": ".5058427608905879", "title": "mean motion", "units": "deg/d", "label": "n"}, {"label": "Q", "value": "2.315234293872701", "title": "aphelion distance", "units": "au", "name": "ad", "sigma": "2.9825E-8"}], "epoch": "2461200.5"}