{"spkid": "50825574", "covariance": {"epoch": "2458390.5", "labels": ["e", "q", "tp", "node", "peri", "i"], "elements": [{"label": "e", "name": "e", "sigma": 2.39106523071077e-08, "units": null, "title": "eccentricity", "value": ".4490308840492207"}, {"label": "q", "title": "perihelion distance", "value": "1.006170283540603", "units": "au", "name": "q", "sigma": 3.79726343805062e-08}, {"label": "tp", "name": "tp", "sigma": 3.52027238435038e-05, "value": "2458312.019691954945", "title": "time of perihelion passage", "units": "TDB"}, {"value": "277.6271208278872", "title": "longitude of the ascending node", "units": "deg", "name": "om", "sigma": 5.06826247279367e-05, "label": "node"}, {"sigma": 2.69858200364014e-05, "name": "w", "units": "deg", "title": "argument of perihelion", "value": "15.29852907536182", "label": "peri"}, {"label": "i", "value": "8.434933122610047", "title": "inclination", "units": "deg", "sigma": 6.37000556799979e-06, "name": "i"}], "data": [["5.717192937513965E-16", "-8.933659941545301E-16", "-7.970128655025506E-13", "-1.148311161190843E-12", "5.616776793606503E-13", "1.276715028098713E-13"], ["-8.933659941545301E-16", "1.441920961795599E-15", "1.275096172485456E-12", "1.833936107052551E-12", "-8.94914530060774E-13", "-2.049819240807335E-13"], ["-7.970128655025506E-13", "1.275096172485456E-12", "1.239231766001988E-9", "1.734235387370127E-9", "-8.06961090562947E-10", "-1.922440829164007E-10"], ["-1.148311161190843E-12", "1.833936107052551E-12", "1.734235387370127E-9", "2.568728449312859E-9", "-1.297442136423299E-9", "-2.614374859571197E-10"], ["5.616776793606503E-13", "-8.94914530060774E-13", "-8.06961090562947E-10", "-1.297442136423299E-9", "7.282344830370416E-10", "1.207057014273747E-10"], ["1.276715028098713E-13", "-2.049819240807335E-13", "-1.922440829164007E-10", "-2.614374859571197E-10", "1.207057014273747E-10", "4.057697093634835E-11"]]}, "elements": [{"units": null, "value": ".4495529618375023", "title": "eccentricity", "name": "e", "sigma": "2.4305E-8", "label": "e"}, {"sigma": "1.618E-8", "name": "a", "value": "1.825307712052043", "title": "semi-major axis", "units": "au", "label": "a"}, {"label": "q", "units": "au", "title": "perihelion distance", "value": "1.004735223834212", "sigma": "3.8884E-8", "name": "q"}, {"name": "i", "sigma": "6.3737E-6", "value": "8.439901989648435", "title": "inclination; angle with respect to x-y ecliptic plane", "units": "deg", "label": "i"}, {"label": "node", "title": "longitude of the ascending node", "value": "277.5845445467156", "units": "deg", "name": "om", "sigma": "5.0662E-5"}, {"value": "15.35274749182034", "title": "argument of perihelion", "units": "deg", "sigma": "2.7012E-5", "name": "w", "label": "peri"}, {"label": "M", "sigma": "1.4074E-5", "name": "ma", "units": "deg", "title": "mean anomaly", "value": "73.79042077001913"}, {"label": "tp", "units": "TDB", "title": "time of perihelion passage", "value": "2461015.870945349266", "sigma": "3.3857E-5", "name": "tp"}, {"title": "sidereal orbital period", "value": "900.7464516487665", "units": "d", "name": "per", "sigma": "1.1977E-5", "label": "period"}, {"label": "n", "name": "n", "sigma": "5.3143E-9", "title": "mean motion", "value": ".399668518639224", "units": "deg/d"}, {"title": "aphelion distance", "value": "2.645880200269873", "units": "au", "name": "ad", "sigma": "2.3454E-8", "label": "Q"}], "epoch": "2461200.5"}