{"spkid": "50827174", "covariance": {"epoch": "2458935.5", "labels": ["e", "q", "tp", "node", "peri", "i"], "elements": [{"name": "e", "sigma": 1.10786844157396e-07, "title": "eccentricity", "value": ".7321467431468556", "units": null, "label": "e"}, {"sigma": 2.4761725620233e-07, "name": "q", "value": ".5224582187241599", "title": "perihelion distance", "units": "au", "label": "q"}, {"units": "TDB", "title": "time of perihelion passage", "value": "2459299.245772444119", "name": "tp", "sigma": 1.04930298749478e-05, "label": "tp"}, {"units": "deg", "value": "349.2640779528548", "title": "longitude of the ascending node", "name": "om", "sigma": 6.49539202553306e-05, "label": "node"}, {"name": "w", "sigma": 8.4545347196628e-05, "units": "deg", "title": "argument of perihelion", "value": "244.2725055825491", "label": "peri"}, {"sigma": 8.18648773398123e-06, "name": "i", "units": "deg", "title": "inclination", "value": "4.557190586918643", "label": "i"}], "data": [["1.227372483835524E-14", "-2.743077394719367E-14", "-4.370714743387533E-13", "-5.004796652761299E-12", "7.71806002136873E-12", "4.272432769996932E-13"], ["-2.743077394719367E-14", "6.131430556917034E-14", "9.726654591554092E-13", "1.120426331274227E-11", "-1.727676077854437E-11", "-9.571513469660279E-13"], ["-4.370714743387533E-13", "9.726654591554092E-13", "1.101036759565461E-10", "1.372059588637866E-10", "-1.71295692491496E-10", "2.409948825178264E-11"], ["-5.004796652761299E-12", "1.120426331274227E-11", "1.372059588637866E-10", "4.219011756535847E-9", "-5.358784719226498E-9", "-3.951973681631926E-10"], ["7.71806002136873E-12", "-1.727676077854437E-11", "-1.71295692491496E-10", "-5.358784719226498E-9", "7.147915732598371E-9", "5.148213136230565E-10"], ["4.272432769996932E-13", "-9.571513469660279E-13", "2.409948825178264E-11", "-3.951973681631926E-10", "5.148213136230565E-10", "6.70185814186251E-11"]]}, "elements": [{"label": "e", "units": null, "title": "eccentricity", "value": ".7312490620200501", "sigma": "1.0808E-7", "name": "e"}, {"label": "a", "name": "a", "sigma": "1.143E-7", "title": "semi-major axis", "value": "1.95220130676817", "units": "au"}, {"title": "perihelion distance", "value": ".5246559323196296", "units": "au", "sigma": "2.4159E-7", "name": "q", "label": "q"}, {"label": "i", "title": "inclination; angle with respect to x-y ecliptic plane", "value": "4.553133420269114", "units": "deg", "sigma": "8.1775E-6", "name": "i"}, {"label": "node", "name": "om", "sigma": "6.5291E-5", "title": "longitude of the ascending node", "value": "348.9437132284153", "units": "deg"}, {"name": "w", "sigma": "8.5045E-5", "title": "argument of perihelion", "value": "244.5509587318576", "units": "deg", "label": "peri"}, {"label": "M", "units": "deg", "value": "327.7642136773144", "title": "mean anomaly", "name": "ma", "sigma": "6.2411E-5"}, {"units": "TDB", "value": "2461289.711551668729", "title": "time of perihelion passage", "sigma": ".00018054", "name": "tp", "label": "tp"}, {"label": "period", "title": "sidereal orbital period", "value": "996.2889776987108", "units": "d", "name": "per", "sigma": "8.7495E-5"}, {"sigma": "3.1733E-8", "name": "n", "value": ".3613409443026761", "title": "mean motion", "units": "deg/d", "label": "n"}, {"sigma": "1.9787E-7", "name": "ad", "units": "au", "title": "aphelion distance", "value": "3.379746681216711", "label": "Q"}], "epoch": "2461200.5"}