{"spkid": "50825189", "covariance": {"epoch": "2458783.5", "labels": ["e", "q", "tp", "node", "peri", "i"], "data": [["2.095081723933288E-12", "-2.62107130668686E-12", "-2.319139051932863E-10", "2.889939090715804E-11", "-5.020122103152207E-10", "1.640961227086942E-10"], ["-2.62107130668686E-12", "3.279115895562226E-12", "2.901403862685656E-10", "-3.615370091062661E-11", "6.280484471765802E-10", "-2.052950629828534E-10"], ["-2.319139051932863E-10", "2.901403862685656E-10", "2.593537795018342E-8", "-3.115524988390337E-9", "5.576011074788051E-8", "-1.838360024518847E-8"], ["2.889939090715804E-11", "-3.615370091062661E-11", "-3.115524988390337E-9", "5.036110341477154E-10", "-6.935984475177239E-9", "2.357673618273458E-9"], ["-5.020122103152207E-10", "6.280484471765802E-10", "5.576011074788051E-8", "-6.935984475177239E-9", "1.204929782317847E-7", "-3.962868315724843E-8"], ["1.640961227086942E-10", "-2.052950629828534E-10", "-1.838360024518847E-8", "2.357673618273458E-9", "-3.962868315724843E-8", "1.347647030065542E-8"]], "elements": [{"sigma": 1.44743971340201e-06, "name": "e", "units": null, "title": "eccentricity", "value": ".2750017496452117", "label": "e"}, {"units": "au", "title": "perihelion distance", "value": ".9072544505093979", "name": "q", "sigma": 1.81083292867184e-06, "label": "q"}, {"units": "TDB", "title": "time of perihelion passage", "value": "2458734.846710278116", "name": "tp", "sigma": 0.000161044645828986, "label": "tp"}, {"label": "node", "value": "256.3150543868131", "title": "longitude of the ascending node", "units": "deg", "name": "om", "sigma": 2.24412796905104e-05}, {"sigma": 0.000347120985006359, "name": "w", "title": "argument of perihelion", "value": "295.0812669466407", "units": "deg", "label": "peri"}, {"title": "inclination", "value": "20.99432119189392", "units": "deg", "name": "i", "sigma": 0.000116088200522945, "label": "i"}]}, "elements": [{"title": "eccentricity", "value": ".2753474017499727", "units": null, "sigma": "1.4439E-6", "name": "e", "label": "e"}, {"label": "a", "sigma": "4.5335E-9", "name": "a", "units": "au", "value": "1.252628880678736", "title": "semi-major axis"}, {"name": "q", "sigma": "1.8113E-6", "title": "perihelion distance", "value": ".9077207730268694", "units": "au", "label": "q"}, {"label": "i", "value": "20.99417287359266", "title": "inclination; angle with respect to x-y ecliptic plane", "units": "deg", "name": "i", "sigma": ".0001161"}, {"label": "node", "sigma": "2.2525E-5", "name": "om", "value": "256.2694559575737", "title": "longitude of the ascending node", "units": "deg"}, {"label": "peri", "name": "w", "sigma": ".00034813", "units": "deg", "value": "295.256442357414", "title": "argument of perihelion"}, {"label": "M", "title": "mean anomaly", "value": "295.5370357961924", "units": "deg", "name": "ma", "sigma": ".00011486"}, {"name": "tp", "sigma": ".00016379", "title": "time of perihelion passage", "value": "2461292.193769927462", "units": "TDB", "label": "tp"}, {"label": "period", "sigma": "2.78E-6", "name": "per", "value": "512.0732126050227", "title": "sidereal orbital period", "units": "d"}, {"units": "deg/d", "title": "mean motion", "value": ".7030244721621061", "name": "n", "sigma": "3.8166E-9", "label": "n"}, {"label": "Q", "name": "ad", "sigma": "5.7818E-9", "title": "aphelion distance", "value": "1.597536988330603", "units": "au"}], "epoch": "2461200.5"}