{"spkid": "50836965", "covariance": {"elements": [{"label": "e", "value": ".2638412569753696", "title": "eccentricity", "units": null, "name": "e", "sigma": 9.06849147131123e-08}, {"units": "au", "title": "perihelion distance", "value": ".8240018804582883", "name": "q", "sigma": 1.0416964540878e-07, "label": "q"}, {"value": "2458563.257242991931", "title": "time of perihelion passage", "units": "TDB", "name": "tp", "sigma": 1.40674619590503e-05, "label": "tp"}, {"sigma": 2.28971651229168e-05, "name": "om", "value": "320.5292145795036", "title": "longitude of the ascending node", "units": "deg", "label": "node"}, {"label": "peri", "name": "w", "sigma": 1.77965168023125e-05, "units": "deg", "value": "245.6740612400687", "title": "argument of perihelion"}, {"label": "i", "units": "deg", "title": "inclination", "value": "11.92345673448916", "sigma": 4.72212166997839e-06, "name": "i"}], "data": [["8.223753756524449E-15", "-9.443352032580256E-15", "-1.09229227553565E-12", "-1.708583592078487E-12", "1.109721860944349E-12", "-1.721910823846154E-13"], ["-9.443352032580256E-15", "1.085131502459099E-14", "1.253460776248292E-12", "1.961041232535115E-12", "-1.274927770648199E-12", "1.987255107840475E-13"], ["-1.09229227553565E-12", "1.253460776248292E-12", "1.978934859693272E-10", "2.286587653917734E-10", "-1.059012220063973E-10", "2.395064316024482E-11"], ["-1.708583592078487E-12", "1.961041232535115E-12", "2.286587653917734E-10", "5.242801706661199E-10", "-3.756067791654797E-10", "2.498331038594246E-11"], ["1.109721860944349E-12", "-1.274927770648199E-12", "-1.059012220063973E-10", "-3.756067791654797E-10", "3.167160102949926E-10", "-8.160761909095909E-12"], ["-1.721910823846154E-13", "1.987255107840475E-13", "2.395064316024482E-11", "2.498331038594246E-11", "-8.160761909095909E-12", "2.229843306607948E-11"]], "labels": ["e", "q", "tp", "node", "peri", "i"], "epoch": "2458570.5"}, "elements": [{"label": "e", "name": "e", "sigma": "9.0661E-8", "title": "eccentricity", "value": ".2638840168716401", "units": null}, {"name": "a", "sigma": "5.0591E-9", "title": "semi-major axis", "value": "1.119463005805651", "units": "au", "label": "a"}, {"label": "q", "name": "q", "sigma": "1.0407E-7", "title": "perihelion distance", "value": ".824054611094456", "units": "au"}, {"name": "i", "sigma": "4.7226E-6", "value": "11.92179793821907", "title": "inclination; angle with respect to x-y ecliptic plane", "units": "deg", "label": "i"}, {"label": "node", "value": "320.4698017122753", "title": "longitude of the ascending node", "units": "deg", "name": "om", "sigma": "2.2913E-5"}, {"name": "w", "sigma": "1.7816E-5", "title": "argument of perihelion", "value": "245.7306776296821", "units": "deg", "label": "peri"}, {"label": "M", "sigma": "2.3494E-5", "name": "ma", "value": "34.77617957934555", "title": "mean anomaly", "units": "deg"}, {"sigma": "2.7975E-5", "name": "tp", "units": "TDB", "value": "2461158.708071199259", "title": "time of perihelion passage", "label": "tp"}, {"label": "period", "units": "d", "title": "sidereal orbital period", "value": "432.626428499419", "sigma": "2.9327E-6", "name": "per"}, {"units": "deg/d", "value": ".8321266947298469", "title": "mean motion", "sigma": "5.6409E-9", "name": "n", "label": "n"}, {"units": "au", "title": "aphelion distance", "value": "1.414871400516847", "sigma": "6.3941E-9", "name": "ad", "label": "Q"}], "epoch": "2461200.5"}