{"spkid": "50837548", "covariance": {"data": [["7.849644495385495E-15", "-1.980043997171833E-14", "-1.644948953008339E-12", "7.315978222742758E-13", "-4.068858351331097E-12", "5.39263771614076E-13"], ["-1.980043997171833E-14", "4.99463979823448E-14", "4.147410595998299E-12", "-1.847218308220826E-12", "1.026365528368333E-11", "-1.360055142165527E-12"], ["-1.644948953008339E-12", "4.147410595998299E-12", "3.615751526438454E-10", "-1.318715809077375E-10", "8.500678824779246E-10", "-1.133361579032662E-10"], ["7.315978222742758E-13", "-1.847218308220826E-12", "-1.318715809077375E-10", "1.466564186037412E-10", "-4.291604553878579E-10", "8.825563621381002E-11"], ["-4.068858351331097E-12", "1.026365528368333E-11", "8.500678824779246E-10", "-4.291604553878579E-10", "2.153466060026831E-9", "-3.161483131049262E-10"], ["5.39263771614076E-13", "-1.360055142165527E-12", "-1.133361579032662E-10", "8.825563621381002E-11", "-3.161483131049262E-10", "9.141258678236133E-11"]], "elements": [{"name": "e", "sigma": 8.85982194820274e-08, "units": null, "value": ".6573389988926297", "title": "eccentricity", "label": "e"}, {"label": "q", "units": "au", "value": ".8637257366480863", "title": "perihelion distance", "sigma": 2.23486907854453e-07, "name": "q"}, {"label": "tp", "sigma": 1.90151295721025e-05, "name": "tp", "units": "TDB", "value": "2458443.551281150908", "title": "time of perihelion passage"}, {"label": "node", "name": "om", "sigma": 1.21101783060259e-05, "units": "deg", "value": "88.05807983628574", "title": "longitude of the ascending node"}, {"label": "peri", "title": "argument of perihelion", "value": "315.4495528723982", "units": "deg", "sigma": 4.64054529126355e-05, "name": "w"}, {"label": "i", "name": "i", "sigma": 9.56099298098065e-06, "value": "7.06734986077661", "title": "inclination", "units": "deg"}], "labels": ["e", "q", "tp", "node", "peri", "i"], "epoch": "2459142.5"}, "elements": [{"sigma": "8.888E-8", "name": "e", "units": null, "title": "eccentricity", "value": ".6580035203350239", "label": "e"}, {"label": "a", "units": "au", "title": "semi-major axis", "value": "2.529245802916826", "name": "a", "sigma": "8.0869E-9"}, {"units": "au", "value": ".8649931608049706", "title": "perihelion distance", "sigma": "2.2362E-7", "name": "q", "label": "q"}, {"name": "i", "sigma": "9.56E-6", "units": "deg", "value": "7.059999033892551", "title": "inclination; angle with respect to x-y ecliptic plane", "label": "i"}, {"label": "node", "units": "deg", "value": "88.01433979553617", "title": "longitude of the ascending node", "sigma": "1.2091E-5", "name": "om"}, {"label": "peri", "title": "argument of perihelion", "value": "315.5794141834585", "units": "deg", "name": "w", "sigma": "4.627E-5"}, {"units": "deg", "title": "mean anomaly", "value": "317.3902331238257", "sigma": "4.6808E-6", "name": "ma", "label": "M"}, {"units": "TDB", "value": "2461374.396820380640", "title": "time of perihelion passage", "sigma": "1.9112E-5", "name": "tp", "label": "tp"}, {"label": "period", "sigma": "7.0464E-6", "name": "per", "units": "d", "value": "1469.213749020426", "title": "sidereal orbital period"}, {"sigma": "1.1752E-9", "name": "n", "units": "deg/d", "value": ".2450290165335194", "title": "mean motion", "label": "n"}, {"units": "au", "value": "4.193498445028681", "title": "aphelion distance", "name": "ad", "sigma": "1.3408E-8", "label": "Q"}], "epoch": "2461200.5"}