{"spkid": "50835985", "covariance": {"data": [["5.204563179523736E-14", "-4.124035313380213E-14", "8.567072110042325E-12", "-6.968767610626065E-13", "6.198646260894259E-12", "2.507904173266907E-12"], ["-4.124035313380213E-14", "3.268665375040745E-14", "-6.831437077334833E-12", "5.586392590505397E-13", "-4.949739114603994E-12", "-1.984660018124052E-12"], ["8.567072110042325E-12", "-6.831437077334833E-12", "4.002121510476922E-9", "-3.725620917389315E-10", "3.08589467594124E-9", "2.900769324840821E-10"], ["-6.968767610626065E-13", "5.586392590505397E-13", "-3.725620917389315E-10", "1.466283542574052E-10", "-3.988260247747289E-10", "-7.404499332404756E-11"], ["6.198646260894259E-12", "-4.949739114603994E-12", "3.08589467594124E-9", "-3.988260247747289E-10", "2.495262042567769E-9", "2.540219643510463E-10"], ["2.507904173266907E-12", "-1.984660018124052E-12", "2.900769324840821E-10", "-7.404499332404756E-11", "2.540219643510463E-10", "2.57522353050406E-10"]], "elements": [{"label": "e", "name": "e", "sigma": 2.28135117409042e-07, "value": ".4144441923162625", "title": "eccentricity", "units": null}, {"name": "q", "sigma": 1.80794506969674e-07, "units": "au", "title": "perihelion distance", "value": ".4422100071173535", "label": "q"}, {"label": "tp", "title": "time of perihelion passage", "value": "2458563.155079125482", "units": "TDB", "name": "tp", "sigma": 6.32623229930495e-05}, {"label": "node", "name": "om", "sigma": 1.21090195415403e-05, "units": "deg", "value": "48.41202810558962", "title": "longitude of the ascending node"}, {"units": "deg", "title": "argument of perihelion", "value": "185.160104915057", "sigma": 4.99525979561401e-05, "name": "w", "label": "peri"}, {"label": "i", "name": "i", "sigma": 1.60475030160585e-05, "units": "deg", "title": "inclination", "value": "6.802905275076407"}], "labels": ["e", "q", "tp", "node", "peri", "i"], "epoch": "2458504.5"}, "elements": [{"label": "e", "value": ".4144608399836345", "title": "eccentricity", "units": null, "name": "e", "sigma": "2.2862E-7"}, {"units": "au", "title": "semi-major axis", "value": ".7547852391606509", "sigma": "3.9348E-8", "name": "a", "label": "a"}, {"name": "q", "sigma": "1.7997E-7", "units": "au", "value": ".4419563149308791", "title": "perihelion distance", "label": "q"}, {"units": "deg", "title": "inclination; angle with respect to x-y ecliptic plane", "value": "6.792700211877071", "name": "i", "sigma": "1.5591E-5", "label": "i"}, {"label": "node", "sigma": "1.3717E-5", "name": "om", "value": "48.33164793802954", "title": "longitude of the ascending node", "units": "deg"}, {"label": "peri", "units": "deg", "title": "argument of perihelion", "value": "185.1929872843343", "sigma": "4.0137E-5", "name": "w"}, {"units": "deg", "value": "2.839289883750737", "title": "mean anomaly", "name": "ma", "sigma": ".00015825", "label": "M"}, {"label": "tp", "sigma": ".00010514", "name": "tp", "title": "time of perihelion passage", "value": "2461198.610961719804", "units": "TDB"}, {"sigma": "1.8729E-5", "name": "per", "value": "239.5154453098796", "title": "sidereal orbital period", "units": "d", "label": "period"}, {"label": "n", "units": "deg/d", "value": "1.503034593590573", "title": "mean motion", "sigma": "1.1753E-7", "name": "n"}, {"sigma": "5.5656E-8", "name": "ad", "units": "au", "title": "aphelion distance", "value": "1.067614163390423", "label": "Q"}], "epoch": "2461200.5"}