{"spkid": "50836901", "covariance": {"epoch": "2458293.5", "elements": [{"label": "e", "sigma": 3.8264317228891e-07, "name": "e", "title": "eccentricity", "value": ".2001037555333011", "units": null}, {"label": "q", "name": "q", "sigma": 4.00224675393151e-07, "units": "au", "value": ".8760250250334974", "title": "perihelion distance"}, {"units": "TDB", "value": "2458339.993170081757", "title": "time of perihelion passage", "sigma": 8.94985158530221e-05, "name": "tp", "label": "tp"}, {"label": "node", "name": "om", "sigma": 1.8878566281403e-05, "units": "deg", "title": "longitude of the ascending node", "value": "72.58882760649843"}, {"title": "argument of perihelion", "value": "245.7291261052187", "units": "deg", "name": "w", "sigma": 5.50862837470695e-05, "label": "peri"}, {"name": "i", "sigma": 2.72824727550975e-05, "units": "deg", "value": "16.99293417335557", "title": "inclination", "label": "i"}], "data": [["1.464157972993201E-13", "-1.531163620388397E-13", "2.376175225014232E-11", "-1.093762420560801E-12", "5.436514351037898E-12", "-5.228755099992194E-13"], ["-1.531163620388397E-13", "1.601797907935533E-13", "-2.449946713361852E-11", "1.066961507364156E-12", "-5.393274428912362E-12", "4.047774271120712E-13"], ["2.376175225014232E-11", "-2.449946713361852E-11", "8.009984339893641E-9", "-8.304597360620826E-10", "4.173532936738601E-9", "-1.125005111950581E-9"], ["-1.093762420560801E-12", "1.066961507364156E-12", "-8.304597360620826E-10", "3.564002648413267E-10", "-7.778582853469327E-10", "2.029148758534871E-10"], ["5.436514351037898E-12", "-5.393274428912362E-12", "4.173532936738601E-9", "-7.778582853469327E-10", "3.034498657062651E-9", "-8.571503574322744E-10"], ["-5.228755099992194E-13", "4.047774271120712E-13", "-1.125005111950581E-9", "2.029148758534871E-10", "-8.571503574322744E-10", "7.443333196326395E-10"]], "labels": ["e", "q", "tp", "node", "peri", "i"]}, "elements": [{"label": "e", "sigma": "3.83E-7", "name": "e", "units": null, "value": ".2002380965808211", "title": "eccentricity"}, {"label": "a", "units": "au", "value": "1.095144185037889", "title": "semi-major axis", "name": "a", "sigma": "2.4994E-8"}, {"name": "q", "sigma": "4.009E-7", "units": "au", "value": ".8758545979443474", "title": "perihelion distance", "label": "q"}, {"name": "i", "sigma": "2.7278E-5", "units": "deg", "value": "16.99070343956796", "title": "inclination; angle with respect to x-y ecliptic plane", "label": "i"}, {"title": "longitude of the ascending node", "value": "72.55387824896505", "units": "deg", "sigma": "1.8878E-5", "name": "om", "label": "node"}, {"units": "deg", "value": "245.7290066571327", "title": "argument of perihelion", "name": "w", "sigma": "5.4956E-5", "label": "peri"}, {"units": "deg", "value": "300.2985836295223", "title": "mean anomaly", "name": "ma", "sigma": ".00015559", "label": "M"}, {"sigma": ".00018321", "name": "tp", "title": "time of perihelion passage", "value": "2461269.920464124619", "units": "TDB", "label": "tp"}, {"label": "period", "sigma": "1.4331E-5", "name": "per", "value": "418.6059327265969", "title": "sidereal orbital period", "units": "d"}, {"label": "n", "name": "n", "sigma": "2.9441E-8", "value": ".8599973671064187", "title": "mean motion", "units": "deg/d"}, {"label": "Q", "value": "1.314433772131431", "title": "aphelion distance", "units": "au", "name": "ad", "sigma": "2.9999E-8"}], "epoch": "2461200.5"}