{"spkid": "50837617", "covariance": {"data": [["1.497961143248663E-16", "-2.157969644545116E-16", "-1.32519630489523E-13", "-1.997800436391594E-14", "-1.298243313847616E-13", "-1.052783657559208E-15"], ["-2.157969644545116E-16", "3.12292940390457E-16", "1.902698374041696E-13", "2.796802455641028E-14", "1.857063457572123E-13", "2.016423873020658E-15"], ["-1.32519630489523E-13", "1.902698374041696E-13", "2.773970403618688E-10", "4.056753059824432E-11", "2.708999464817335E-10", "-1.313371042220733E-11"], ["-1.997800436391594E-14", "2.796802455641028E-14", "4.056753059824432E-11", "5.295266870346827E-11", "-7.217516902653196E-12", "-1.601221161167899E-12"], ["-1.298243313847616E-13", "1.857063457572123E-13", "2.708999464817335E-10", "-7.217516902653196E-12", "3.130352977093011E-10", "-1.367984532101127E-11"], ["-1.052783657559208E-15", "2.016423873020658E-15", "-1.313371042220733E-11", "-1.601221161167899E-12", "-1.367984532101127E-11", "1.329234060500286E-11"]], "elements": [{"title": "eccentricity", "value": ".3123836923437462", "units": null, "sigma": 1.22391222857224e-08, "name": "e", "label": "e"}, {"label": "q", "sigma": 1.76718120290608e-08, "name": "q", "title": "perihelion distance", "value": ".9994521209778341", "units": "au"}, {"label": "tp", "units": "TDB", "value": "2459130.002949591859", "title": "time of perihelion passage", "name": "tp", "sigma": 1.66552406275583e-05}, {"label": "node", "name": "om", "sigma": 7.27685843640429e-06, "units": "deg", "title": "longitude of the ascending node", "value": "112.7179076539215"}, {"label": "peri", "name": "w", "sigma": 1.76928035570766e-05, "value": "351.5542197810576", "title": "argument of perihelion", "units": "deg"}, {"label": "i", "sigma": 3.64586623520431e-06, "name": "i", "units": "deg", "value": "4.792858495117305", "title": "inclination"}], "labels": ["e", "q", "tp", "node", "peri", "i"], "epoch": "2459189.5"}, "elements": [{"title": "eccentricity", "value": ".3131042090934379", "units": null, "name": "e", "sigma": "1.2215E-8", "label": "e"}, {"label": "a", "units": "au", "value": "1.45565681384708", "title": "semi-major axis", "name": "a", "sigma": "1.1345E-9"}, {"label": "q", "sigma": "1.7707E-8", "name": "q", "units": "au", "title": "perihelion distance", "value": ".9998845384360163"}, {"label": "i", "units": "deg", "title": "inclination; angle with respect to x-y ecliptic plane", "value": "4.787210591215892", "sigma": "3.6467E-6", "name": "i"}, {"label": "node", "sigma": "7.2642E-6", "name": "om", "units": "deg", "value": "112.6360172616314", "title": "longitude of the ascending node"}, {"units": "deg", "value": "351.7150837360526", "title": "argument of perihelion", "sigma": "1.7797E-5", "name": "w", "label": "peri"}, {"value": "84.2869254547238", "title": "mean anomaly", "units": "deg", "name": "ma", "sigma": "9.3899E-6", "label": "M"}, {"sigma": "1.6683E-5", "name": "tp", "units": "TDB", "title": "time of perihelion passage", "value": "2461050.308748950676", "label": "tp"}, {"label": "period", "units": "d", "value": "641.4856169691562", "title": "sidereal orbital period", "name": "per", "sigma": "7.4992E-7"}, {"units": "deg/d", "title": "mean motion", "value": ".5611973058739826", "name": "n", "sigma": "6.5606E-10", "label": "n"}, {"name": "ad", "sigma": "1.4897E-9", "title": "aphelion distance", "value": "1.911429089258144", "units": "au", "label": "Q"}], "epoch": "2461200.5"}