{"spkid": "50838911", "covariance": {"epoch": "2458707.5", "labels": ["e", "q", "tp", "node", "peri", "i"], "elements": [{"value": ".5324028420319069", "title": "eccentricity", "units": null, "sigma": 1.16142970827283e-06, "name": "e", "label": "e"}, {"title": "perihelion distance", "value": ".4651494308472449", "units": "au", "sigma": 1.15904457393826e-06, "name": "q", "label": "q"}, {"label": "tp", "sigma": 7.28775974695971e-05, "name": "tp", "units": "TDB", "value": "2458833.687916143430", "title": "time of perihelion passage"}, {"label": "node", "name": "om", "sigma": 0.000110646178306246, "value": "130.3227857902379", "title": "longitude of the ascending node", "units": "deg"}, {"label": "peri", "sigma": 0.000120656150395291, "name": "w", "units": "deg", "title": "argument of perihelion", "value": "255.5631546354625"}, {"sigma": 2.81350047058012e-05, "name": "i", "title": "inclination", "value": "9.350666509992829", "units": "deg", "label": "i"}], "data": [["1.348918967258705E-12", "-1.346117604955177E-12", "7.96933331300319E-11", "-9.115021733969055E-13", "-7.260513228419566E-11", "1.7683606960155E-11"], ["-1.346117604955177E-12", "1.343384324375713E-12", "-7.940144932337642E-11", "1.396863346414712E-12", "7.20366068890927E-11", "-1.757963739293677E-11"], ["7.96933331300319E-11", "-7.940144932337642E-11", "5.311144212940625E-9", "1.502095086869939E-9", "-5.494980254759096E-9", "1.229549273263988E-9"], ["-9.115021733969055E-13", "1.396863346414712E-12", "1.502095086869939E-9", "1.224257677377751E-8", "-1.128411027686675E-8", "2.372129146100669E-9"], ["-7.260513228419566E-11", "7.20366068890927E-11", "-5.494980254759096E-9", "-1.128411027686675E-8", "1.455790662821109E-8", "-3.227073071512614E-9"], ["1.7683606960155E-11", "-1.757963739293677E-11", "1.229549273263988E-9", "2.372129146100669E-9", "-3.227073071512614E-9", "7.91578489795453E-10"]]}, "elements": [{"label": "e", "title": "eccentricity", "value": ".5324696390105619", "units": null, "name": "e", "sigma": "1.1604E-6"}, {"sigma": "1.854E-8", "name": "a", "units": "au", "value": ".9938948156282239", "title": "semi-major axis", "label": "a"}, {"label": "q", "units": "au", "value": ".4646760019361946", "title": "perihelion distance", "sigma": "1.1583E-6", "name": "q"}, {"sigma": "2.8192E-5", "name": "i", "title": "inclination; angle with respect to x-y ecliptic plane", "value": "9.346656197257179", "units": "deg", "label": "i"}, {"label": "node", "sigma": ".00011074", "name": "om", "units": "deg", "value": "130.252909938683", "title": "longitude of the ascending node"}, {"name": "w", "sigma": ".00012033", "value": "255.5396520054843", "title": "argument of perihelion", "units": "deg", "label": "peri"}, {"label": "M", "units": "deg", "value": "193.5428007579663", "title": "mean anomaly", "name": "ma", "sigma": "8.1532E-5"}, {"units": "TDB", "title": "time of perihelion passage", "value": "2461367.843615197543", "name": "tp", "sigma": "8.4349E-5", "label": "tp"}, {"units": "d", "value": "361.9170678434838", "title": "sidereal orbital period", "sigma": "1.0127E-5", "name": "per", "label": "period"}, {"units": "deg/d", "value": ".9947030189681111", "title": "mean motion", "name": "n", "sigma": "2.7832E-8", "label": "n"}, {"label": "Q", "units": "au", "title": "aphelion distance", "value": "1.523113629320253", "sigma": "2.8411E-8", "name": "ad"}], "epoch": "2461200.5"}