{"spkid": "50838888", "covariance": {"elements": [{"units": null, "value": ".2304589993661942", "title": "eccentricity", "sigma": 5.17478682628556e-08, "name": "e", "label": "e"}, {"name": "q", "sigma": 6.33671128252736e-08, "title": "perihelion distance", "value": ".8878944747650652", "units": "au", "label": "q"}, {"label": "tp", "units": "TDB", "value": "2458175.440214954267", "title": "time of perihelion passage", "name": "tp", "sigma": 2.7451825338184e-05}, {"name": "om", "sigma": 1.42524587955816e-05, "value": "161.2887079664233", "title": "longitude of the ascending node", "units": "deg", "label": "node"}, {"label": "peri", "value": "92.10488622930285", "title": "argument of perihelion", "units": "deg", "sigma": 2.72179106433564e-05, "name": "w"}, {"label": "i", "name": "i", "sigma": 8.82496175786877e-06, "units": "deg", "value": "12.48151268281328", "title": "inclination"}], "data": [["2.677841869749859E-15", "-3.274672809177603E-15", "-1.030439811685186E-12", "2.028607444472776E-13", "-8.806956354410513E-13", "1.45576121421832E-13"], ["-3.274672809177603E-15", "4.015390987810952E-15", "1.233019906351322E-12", "-2.489754277806036E-13", "1.058694620585823E-12", "-1.756031610078849E-13"], ["-1.030439811685186E-12", "1.233019906351322E-12", "7.536027143981629E-10", "-1.190111778093767E-10", "6.509111560739827E-10", "-7.718459703716489E-11"], ["2.028607444472776E-13", "-2.489754277806036E-13", "-1.190111778093767E-10", "2.031325817197524E-10", "-2.806176932400741E-10", "7.462593789582406E-11"], ["-8.806956354410513E-13", "1.058694620585823E-12", "6.509111560739827E-10", "-2.806176932400741E-10", "7.408146597897314E-10", "-1.252428058653479E-10"], ["1.45576121421832E-13", "-1.756031610078849E-13", "-7.718459703716489E-11", "7.462593789582406E-11", "-1.252428058653479E-10", "7.787995002784632E-11"]], "labels": ["e", "q", "tp", "node", "peri", "i"], "epoch": "2458103.5"}, "elements": [{"label": "e", "name": "e", "sigma": "5.195E-8", "units": null, "title": "eccentricity", "value": ".230468320296486"}, {"label": "a", "value": "1.153689029657444", "title": "semi-major axis", "units": "au", "name": "a", "sigma": "5.852E-9"}, {"label": "q", "title": "perihelion distance", "value": ".8878002568478101", "units": "au", "sigma": "6.3206E-8", "name": "q"}, {"sigma": "8.8254E-6", "name": "i", "value": "12.47421129821539", "title": "inclination; angle with respect to x-y ecliptic plane", "units": "deg", "label": "i"}, {"label": "node", "title": "longitude of the ascending node", "value": "161.2191916373939", "units": "deg", "sigma": "1.4275E-5", "name": "om"}, {"label": "peri", "sigma": "2.7239E-5", "name": "w", "units": "deg", "value": "92.17307559951533", "title": "argument of perihelion"}, {"label": "M", "name": "ma", "sigma": "3.3291E-5", "value": "245.7120393770096", "title": "mean anomaly", "units": "deg"}, {"sigma": "4.2709E-5", "name": "tp", "value": "2461344.190995535086", "title": "time of perihelion passage", "units": "TDB", "label": "tp"}, {"name": "per", "sigma": "3.4438E-6", "units": "d", "title": "sidereal orbital period", "value": "452.617739529645", "label": "period"}, {"value": ".7953731561076413", "title": "mean motion", "units": "deg/d", "name": "n", "sigma": "6.0517E-9", "label": "n"}, {"label": "Q", "sigma": "7.2007E-9", "name": "ad", "units": "au", "title": "aphelion distance", "value": "1.419577802467078"}], "epoch": "2461200.5"}