{"spkid": "50837619", "covariance": {"epoch": "2457943.5", "elements": [{"label": "e", "title": "eccentricity", "value": ".6447547253066422", "units": null, "sigma": 4.3433596163584e-08, "name": "e"}, {"label": "q", "name": "q", "sigma": 1.19290927220646e-07, "value": ".8744282597010914", "title": "perihelion distance", "units": "au"}, {"name": "tp", "sigma": 1.00626829804382e-05, "value": "2458546.783163475240", "title": "time of perihelion passage", "units": "TDB", "label": "tp"}, {"label": "node", "units": "deg", "title": "longitude of the ascending node", "value": "119.7732228182282", "name": "om", "sigma": 9.18038732562219e-06}, {"sigma": 2.32136823617998e-05, "name": "w", "value": "54.41684104712237", "title": "argument of perihelion", "units": "deg", "label": "peri"}, {"value": "9.017840302720979", "title": "inclination", "units": "deg", "sigma": 9.98736190189845e-06, "name": "i", "label": "i"}], "data": [["1.886477275701303E-15", "-5.011605058571043E-15", "4.009912496705319E-13", "-4.612688528523561E-14", "8.595735821598788E-13", "8.68752973384624E-14"], ["-5.011605058571043E-15", "1.42303253171614E-14", "-1.165207090956288E-12", "1.267281183712615E-13", "-2.469656782229829E-12", "-2.770963952994705E-13"], ["4.009912496705319E-13", "-1.165207090956288E-12", "1.012575887648E-10", "-1.365085733952857E-11", "2.140718589921264E-10", "3.060501200491626E-11"], ["-4.612688528523561E-14", "1.267281183712615E-13", "-1.365085733952857E-11", "8.427951144844465E-11", "-1.123051466085902E-10", "5.672861244580762E-11"], ["8.595735821598788E-13", "-2.469656782229829E-12", "2.140718589921264E-10", "-1.123051466085902E-10", "5.388750487945355E-10", "-2.391021898585795E-13"], ["8.68752973384624E-14", "-2.770963952994705E-13", "3.060501200491626E-11", "5.672861244580762E-11", "-2.391021898585795E-13", "9.974739775949265E-11"]], "labels": ["e", "q", "tp", "node", "peri", "i"]}, "elements": [{"label": "e", "name": "e", "sigma": "4.086E-8", "units": null, "value": ".6470926212620675", "title": "eccentricity"}, {"sigma": "8.4125E-8", "name": "a", "value": "2.458759924052384", "title": "semi-major axis", "units": "au", "label": "a"}, {"label": "q", "value": ".867714519743205", "title": "perihelion distance", "units": "au", "name": "q", "sigma": "1.103E-7"}, {"label": "i", "name": "i", "sigma": "9.9947E-6", "units": "deg", "value": "9.011506630002099", "title": "inclination; angle with respect to x-y ecliptic plane"}, {"name": "om", "sigma": "9.2072E-6", "value": "119.688578555456", "title": "longitude of the ascending node", "units": "deg", "label": "node"}, {"label": "peri", "value": "54.40441666413695", "title": "argument of perihelion", "units": "deg", "sigma": "2.3113E-5", "name": "w"}, {"units": "deg", "value": "317.9425298119385", "title": "mean anomaly", "sigma": "3.4625E-5", "name": "ma", "label": "M"}, {"units": "TDB", "value": "2461365.017939136898", "title": "time of perihelion passage", "name": "tp", "sigma": ".00014388", "label": "tp"}, {"value": "1408.226834007139", "title": "sidereal orbital period", "units": "d", "name": "per", "sigma": "7.2273E-5", "label": "period"}, {"units": "deg/d", "title": "mean motion", "value": ".255640633530333", "name": "n", "sigma": "1.312E-8", "label": "n"}, {"label": "Q", "value": "4.049805328361563", "title": "aphelion distance", "units": "au", "name": "ad", "sigma": "1.3856E-7"}], "epoch": "2461200.5"}