{"spkid": "50837925", "covariance": {"data": [["1.113034418562864E-15", "-2.363710749014019E-15", "-3.692454110853826E-13", "2.516890906673846E-13", "-3.756639658741688E-13", "3.28770306443777E-14"], ["-2.363710749014019E-15", "5.020695222577837E-15", "7.904446466260253E-13", "-5.312621977279608E-13", "7.962918036945717E-13", "-6.831350893419363E-14"], ["-3.692454110853826E-13", "7.904446466260253E-13", "2.521847407949821E-10", "5.453285469670491E-11", "7.523533893135862E-11", "3.706969996941354E-11"], ["2.516890906673846E-13", "-5.312621977279608E-13", "5.453285469670491E-11", "6.782813339424767E-10", "-5.81930817447564E-10", "2.180028698167043E-10"], ["-3.756639658741688E-13", "7.962918036945717E-13", "7.523533893135862E-11", "-5.81930817447564E-10", "5.747178290168824E-10", "-1.797822753610176E-10"], ["3.28770306443777E-14", "-6.831350893419363E-14", "3.706969996941354E-11", "2.180028698167043E-10", "-1.797822753610176E-10", "1.011316078491406E-10"]], "elements": [{"label": "e", "value": ".6063156086146293", "title": "eccentricity", "units": null, "name": "e", "sigma": 3.33621704714016e-08}, {"label": "q", "units": "au", "value": ".8111423964609641", "title": "perihelion distance", "sigma": 7.08568643292789e-08, "name": "q"}, {"value": "2458567.741606175568", "title": "time of perihelion passage", "units": "TDB", "name": "tp", "sigma": 1.58803255884438e-05, "label": "tp"}, {"value": "265.5920986325954", "title": "longitude of the ascending node", "units": "deg", "name": "om", "sigma": 2.60438348547689e-05, "label": "node"}, {"label": "peri", "units": "deg", "value": "299.6390549290035", "title": "argument of perihelion", "name": "w", "sigma": 2.39732732228389e-05}, {"label": "i", "name": "i", "sigma": 1.0056421224727e-05, "units": "deg", "value": "11.09605077867409", "title": "inclination"}], "labels": ["e", "q", "tp", "node", "peri", "i"], "epoch": "2458133.5"}, "elements": [{"label": "e", "units": null, "value": ".6042359032853158", "title": "eccentricity", "sigma": "3.3014E-8", "name": "e"}, {"sigma": "6.6985E-9", "name": "a", "value": "2.061230854476963", "title": "semi-major axis", "units": "au", "label": "a"}, {"name": "q", "sigma": "7.0404E-8", "units": "au", "title": "perihelion distance", "value": ".8157611672425119", "label": "q"}, {"units": "deg", "title": "inclination; angle with respect to x-y ecliptic plane", "value": "11.15373300410251", "sigma": "1.0075E-5", "name": "i", "label": "i"}, {"units": "deg", "value": "264.9814349612073", "title": "longitude of the ascending node", "name": "om", "sigma": "2.5939E-5", "label": "node"}, {"units": "deg", "title": "argument of perihelion", "value": "300.4168780990819", "sigma": "2.3989E-5", "name": "w", "label": "peri"}, {"label": "M", "sigma": "9.0803E-6", "name": "ma", "value": "156.6283770534115", "title": "mean anomaly", "units": "deg"}, {"units": "TDB", "title": "time of perihelion passage", "value": "2460730.220198559781", "sigma": "2.527E-5", "name": "tp", "label": "tp"}, {"title": "sidereal orbital period", "value": "1080.9071236226", "units": "d", "sigma": "5.269E-6", "name": "per", "label": "period"}, {"label": "n", "name": "n", "sigma": "1.6235E-9", "units": "deg/d", "value": ".3330535918696512", "title": "mean motion"}, {"units": "au", "title": "aphelion distance", "value": "3.306700541711415", "name": "ad", "sigma": "1.0746E-8", "label": "Q"}], "epoch": "2461200.5"}