{"spkid": "50836433", "covariance": {"epoch": "2459175.5", "elements": [{"units": null, "value": ".5324357577723799", "title": "eccentricity", "sigma": 2.48339066731241e-07, "name": "e", "label": "e"}, {"label": "q", "name": "q", "sigma": 4.55921418785902e-07, "title": "perihelion distance", "value": ".8631172889941594", "units": "au"}, {"label": "tp", "units": "TDB", "title": "time of perihelion passage", "value": "2459428.651296463301", "sigma": 3.89256849343525e-05, "name": "tp"}, {"name": "om", "sigma": 0.000269223859162873, "title": "longitude of the ascending node", "value": "21.13404110110887", "units": "deg", "label": "node"}, {"label": "peri", "value": "122.1771544286746", "title": "argument of perihelion", "units": "deg", "sigma": 0.000309333047560832, "name": "w"}, {"label": "i", "name": "i", "sigma": 1.11831891268781e-05, "units": "deg", "title": "inclination", "value": "3.019611970178778"}], "data": [["6.167229206494391E-14", "-1.132211493771121E-13", "8.687626666678945E-12", "-3.41292882691081E-11", "5.171971055010994E-11", "-1.014375892424604E-12"], ["-1.132211493771121E-13", "2.078643401077499E-13", "-1.590907873792044E-11", "6.275464302225389E-11", "-9.501692815233942E-11", "1.871990974700526E-12"], ["8.687626666678945E-12", "-1.590907873792044E-11", "1.515208947608477E-9", "-4.054337898686576E-9", "6.771365547642274E-9", "-7.107499818278568E-11"], ["-3.41292882691081E-11", "6.275464302225389E-11", "-4.054337898686576E-9", "7.248148634255024E-8", "-8.14752353131714E-8", "2.863536029490697E-9"], ["5.171971055010994E-11", "-9.501692815233942E-11", "6.771365547642274E-9", "-8.14752353131714E-8", "9.568693431327187E-8", "-3.088652570940108E-9"], ["-1.014375892424604E-12", "1.871990974700526E-12", "-7.107499818278568E-11", "2.863536029490697E-9", "-3.088652570940108E-9", "1.250637190475246E-10"]], "labels": ["e", "q", "tp", "node", "peri", "i"]}, "elements": [{"value": ".5319438544598108", "title": "eccentricity", "units": null, "name": "e", "sigma": "2.4605E-7", "label": "e"}, {"sigma": "9.4676E-9", "name": "a", "value": "1.846882356628356", "title": "semi-major axis", "units": "au", "label": "a"}, {"units": "au", "value": ".8644446371096495", "title": "perihelion distance", "sigma": "4.5069E-7", "name": "q", "label": "q"}, {"label": "i", "value": "3.017829909725208", "title": "inclination; angle with respect to x-y ecliptic plane", "units": "deg", "name": "i", "sigma": "1.1178E-5"}, {"title": "longitude of the ascending node", "value": "21.00692401677668", "units": "deg", "name": "om", "sigma": ".00026905", "label": "node"}, {"label": "peri", "units": "deg", "value": "122.2595450605322", "title": "argument of perihelion", "sigma": ".00030909", "name": "w"}, {"units": "deg", "value": "335.8915085127148", "title": "mean anomaly", "name": "ma", "sigma": "2.0745E-5", "label": "M"}, {"label": "tp", "name": "tp", "sigma": "5.3288E-5", "value": "2461261.893841893861", "title": "time of perihelion passage", "units": "TDB"}, {"label": "period", "name": "per", "sigma": "7.0494E-6", "value": "916.7634189574413", "title": "sidereal orbital period", "units": "d"}, {"label": "n", "units": "deg/d", "title": "mean motion", "value": ".3926858255419899", "sigma": "3.0195E-9", "name": "n"}, {"sigma": "1.4504E-8", "name": "ad", "units": "au", "value": "2.829320076147063", "title": "aphelion distance", "label": "Q"}], "epoch": "2461200.5"}