{"spkid": "50837545", "covariance": {"data": [["4.245314897025189E-15", "-4.90960804819651E-15", "2.943819464062841E-13", "1.21862547103069E-12", "-1.47531149110744E-12", "6.901353256788088E-14"], ["-4.90960804819651E-15", "5.678333588807254E-15", "-3.376715111251357E-13", "-1.405807566150391E-12", "1.705215617339766E-12", "-8.103450518707487E-14"], ["2.943819464062841E-13", "-3.376715111251357E-13", "6.11069224433225E-11", "3.255486996393428E-10", "-3.037419300932441E-10", "1.306400516746611E-11"], ["1.21862547103069E-12", "-1.405807566150391E-12", "3.255486996393428E-10", "2.863186861322516E-9", "-2.716433355932155E-9", "1.789436369889649E-10"], ["-1.47531149110744E-12", "1.705215617339766E-12", "-3.037419300932441E-10", "-2.716433355932155E-9", "2.625235833385063E-9", "-1.770255369567669E-10"], ["6.901353256788088E-14", "-8.103450518707487E-14", "1.306400516746611E-11", "1.789436369889649E-10", "-1.770255369567669E-10", "2.303877303557453E-11"]], "elements": [{"label": "e", "value": ".4037428983208322", "title": "eccentricity", "units": null, "name": "e", "sigma": 6.51560810440989e-08}, {"label": "q", "units": "au", "title": "perihelion distance", "value": ".6921610426685288", "sigma": 7.53547184243114e-08, "name": "q"}, {"label": "tp", "units": "TDB", "value": "2458415.371626646349", "title": "time of perihelion passage", "name": "tp", "sigma": 7.8170916870229e-06}, {"units": "deg", "title": "longitude of the ascending node", "value": "65.20914424515274", "sigma": 5.35087549969397e-05, "name": "om", "label": "node"}, {"sigma": 5.12370552762848e-05, "name": "w", "title": "argument of perihelion", "value": "293.2662254138974", "units": "deg", "label": "peri"}, {"label": "i", "name": "i", "sigma": 4.79987218950406e-06, "units": "deg", "title": "inclination", "value": "6.536643384978437"}], "labels": ["e", "q", "tp", "node", "peri", "i"], "epoch": "2458326.5"}, "elements": [{"sigma": "6.5098E-8", "name": "e", "units": null, "title": "eccentricity", "value": ".4039436918878291", "label": "e"}, {"label": "a", "units": "au", "value": "1.161139727009176", "title": "semi-major axis", "sigma": "2.1577E-9", "name": "a"}, {"name": "q", "sigma": "7.5539E-8", "value": ".6921046588834635", "title": "perihelion distance", "units": "au", "label": "q"}, {"label": "i", "units": "deg", "value": "6.507720198736963", "title": "inclination; angle with respect to x-y ecliptic plane", "sigma": "4.7766E-6", "name": "i"}, {"label": "node", "value": "65.06404762004433", "title": "longitude of the ascending node", "units": "deg", "name": "om", "sigma": "5.3635E-5"}, {"label": "peri", "sigma": "5.1376E-5", "name": "w", "units": "deg", "value": "293.3977485313494", "title": "argument of perihelion"}, {"name": "ma", "sigma": "9.0256E-6", "units": "deg", "value": "34.370937155676", "title": "mean anomaly", "label": "M"}, {"label": "tp", "value": "2461156.867105285281", "title": "time of perihelion passage", "units": "TDB", "name": "tp", "sigma": "1.1359E-5"}, {"label": "period", "units": "d", "title": "sidereal orbital period", "value": "457.0094212489331", "sigma": "1.2739E-6", "name": "per"}, {"units": "deg/d", "value": ".7877299312915214", "title": "mean motion", "sigma": "2.1957E-9", "name": "n", "label": "n"}, {"name": "ad", "sigma": "3.0293E-9", "title": "aphelion distance", "value": "1.630174795134889", "units": "au", "label": "Q"}], "epoch": "2461200.5"}