{"spkid": "50837625", "covariance": {"epoch": "2458545.5", "elements": [{"label": "e", "name": "e", "sigma": 4.58974629130776e-07, "title": "eccentricity", "value": ".1102930800768654", "units": null}, {"sigma": 3.45217078618442e-07, "name": "q", "units": "au", "title": "perihelion distance", "value": ".9185940069343396", "label": "q"}, {"units": "TDB", "title": "time of perihelion passage", "value": "2458569.784927774804", "name": "tp", "sigma": 1.50318455957085e-05, "label": "tp"}, {"label": "node", "units": "deg", "value": "282.4005966100459", "title": "longitude of the ascending node", "sigma": 1.22791125000779e-05, "name": "om"}, {"units": "deg", "value": "272.0022689278935", "title": "argument of perihelion", "sigma": 4.59206545591859e-05, "name": "w", "label": "peri"}, {"units": "deg", "value": "4.403704043564747", "title": "inclination", "name": "i", "sigma": 1.59702684955251e-05, "label": "i"}], "data": [["2.106577101857335E-13", "-1.584323357828739E-13", "5.900470143252783E-12", "4.411025343798001E-12", "2.025889413396225E-11", "7.223889499737436E-12"], ["-1.584323357828739E-13", "1.191748313698518E-13", "-4.418502033000975E-12", "-3.324570494232777E-12", "-1.521058238445868E-11", "-5.430889606905575E-12"], ["5.900470143252783E-12", "-4.418502033000975E-12", "2.259563820132222E-10", "1.058289382439131E-10", "6.476370587058412E-10", "2.056030220002369E-10"], ["4.411025343798001E-12", "-3.324570494232777E-12", "1.058289382439131E-10", "1.507766037895689E-10", "3.470521417127181E-10", "1.615644451206218E-10"], ["2.025889413396225E-11", "-1.521058238445868E-11", "6.476370587058412E-10", "3.470521417127181E-10", "2.108706515144085E-9", "6.879729474594193E-10"], ["7.223889499737436E-12", "-5.430889606905575E-12", "2.056030220002369E-10", "1.615644451206218E-10", "6.879729474594193E-10", "2.550494758191626E-10"]], "labels": ["e", "q", "tp", "node", "peri", "i"]}, "elements": [{"label": "e", "name": "e", "sigma": "4.5968E-7", "title": "eccentricity", "value": ".110130546097935", "units": null}, {"value": "1.02975483640871", "title": "semi-major axis", "units": "au", "name": "a", "sigma": "1.5066E-7", "label": "a"}, {"name": "q", "sigma": "3.3931E-7", "units": "au", "title": "perihelion distance", "value": ".916347373928029", "label": "q"}, {"name": "i", "sigma": "1.5847E-5", "value": "4.412371579679664", "title": "inclination; angle with respect to x-y ecliptic plane", "units": "deg", "label": "i"}, {"label": "node", "sigma": "1.5881E-5", "name": "om", "units": "deg", "value": "282.005456051911", "title": "longitude of the ascending node"}, {"units": "deg", "title": "argument of perihelion", "value": "270.4866883856956", "sigma": "5.6759E-5", "name": "w", "label": "peri"}, {"units": "deg", "title": "mean anomaly", "value": "321.7949224709978", "name": "ma", "sigma": ".00057191", "label": "M"}, {"value": "2461241.005852039962", "title": "time of perihelion passage", "units": "TDB", "name": "tp", "sigma": ".00061524", "label": "tp"}, {"label": "period", "name": "per", "sigma": "8.3763E-5", "units": "d", "title": "sidereal orbital period", "value": "381.6798100544798"}, {"label": "n", "title": "mean motion", "value": ".9431989602714763", "units": "deg/d", "name": "n", "sigma": "2.0699E-7"}, {"label": "Q", "name": "ad", "sigma": "1.6725E-7", "units": "au", "value": "1.143162298889391", "title": "aphelion distance"}], "epoch": "2461200.5"}