{"spkid": "50840823", "covariance": {"data": [["6.708331096388098E-12", "-5.385900776714213E-12", "-1.134387881030927E-9", "8.812691628503139E-12", "-5.726281895594924E-10", "1.257435889158359E-10"], ["-5.385900776714213E-12", "4.324167749285985E-12", "9.106689908773183E-10", "-7.077979124821963E-12", "4.596849092133654E-10", "-1.00964627524878E-10"], ["-1.134387881030927E-9", "9.106689908773183E-10", "1.954981388225916E-7", "-1.396283672957751E-9", "9.918095058937918E-8", "-2.093059848409803E-8"], ["8.812691628503139E-12", "-7.077979124821963E-12", "-1.396283672957751E-9", "5.425320028651181E-10", "-1.214763020271764E-9", "-2.282083733865525E-10"], ["-5.726281895594924E-10", "4.596849092133654E-10", "9.918095058937918E-8", "-1.214763020271764E-9", "5.090188473040517E-8", "-1.012189256731721E-8"], ["1.257435889158359E-10", "-1.00964627524878E-10", "-2.093059848409803E-8", "-2.282083733865525E-10", "-1.012189256731721E-8", "2.828814134915462E-9"]], "elements": [{"label": "e", "value": ".4120482386933476", "title": "eccentricity", "units": null, "sigma": 2.59004461281811e-06, "name": "e"}, {"label": "q", "units": "au", "value": ".4686132749825071", "title": "perihelion distance", "sigma": 2.07946333203689e-06, "name": "q"}, {"sigma": 0.000442151714711807, "name": "tp", "title": "time of perihelion passage", "value": "2459728.297929943059", "units": "TDB", "label": "tp"}, {"sigma": 2.32923163911432e-05, "name": "om", "title": "longitude of the ascending node", "value": "21.60986474809197", "units": "deg", "label": "node"}, {"value": "337.5615736387777", "title": "argument of perihelion", "units": "deg", "sigma": 0.000225614460375228, "name": "w", "label": "peri"}, {"value": "6.042352724509638", "title": "inclination", "units": "deg", "sigma": 5.31865973240953e-05, "name": "i", "label": "i"}], "labels": ["e", "q", "tp", "node", "peri", "i"], "epoch": "2459755.5"}, "elements": [{"title": "eccentricity", "value": ".41184398707777", "units": null, "sigma": "2.5914E-6", "name": "e", "label": "e"}, {"value": ".7971783363920487", "title": "semi-major axis", "units": "au", "sigma": "2.1012E-8", "name": "a", "label": "a"}, {"units": "au", "title": "perihelion distance", "value": ".4688652319203237", "name": "q", "sigma": "2.078E-6", "label": "q"}, {"sigma": "5.3225E-5", "name": "i", "units": "deg", "title": "inclination; angle with respect to x-y ecliptic plane", "value": "6.036892457957458", "label": "i"}, {"sigma": "2.3763E-5", "name": "om", "value": "21.56697374557345", "title": "longitude of the ascending node", "units": "deg", "label": "node"}, {"title": "argument of perihelion", "value": "337.5331370427976", "units": "deg", "name": "w", "sigma": ".00022604", "label": "peri"}, {"label": "M", "name": "ma", "sigma": ".00069285", "units": "deg", "value": "239.1467243947574", "title": "mean anomaly"}, {"label": "tp", "units": "TDB", "value": "2461287.774543173461", "title": "time of perihelion passage", "sigma": ".00050365", "name": "tp"}, {"sigma": "1.0279E-5", "name": "per", "title": "sidereal orbital period", "value": "259.9750431678245", "units": "d", "label": "period"}, {"name": "n", "sigma": "5.4749E-8", "value": "1.384748303580838", "title": "mean motion", "units": "deg/d", "label": "n"}, {"label": "Q", "name": "ad", "sigma": "2.9666E-8", "units": "au", "value": "1.125491440863774", "title": "aphelion distance"}], "epoch": "2461200.5"}