{"spkid": "50841653", "covariance": {"labels": ["e", "q", "tp", "node", "peri", "i"], "elements": [{"label": "e", "sigma": 7.89797191077498e-07, "name": "e", "units": null, "title": "eccentricity", "value": ".4353395115458494"}, {"title": "perihelion distance", "value": ".4461609164310794", "units": "au", "sigma": 6.19245958571562e-07, "name": "q", "label": "q"}, {"sigma": 0.000106614977494547, "name": "tp", "value": "2459203.505629593629", "title": "time of perihelion passage", "units": "TDB", "label": "tp"}, {"label": "node", "units": "deg", "value": "34.78248500103903", "title": "longitude of the ascending node", "sigma": 1.23942778323519e-05, "name": "om"}, {"label": "peri", "value": "337.8042606028076", "title": "argument of perihelion", "units": "deg", "name": "w", "sigma": 5.94505233463544e-05}, {"name": "i", "sigma": 3.46893006484654e-05, "value": "7.773395988018706", "title": "inclination", "units": "deg", "label": "i"}], "data": [["6.237796030339064E-13", "-4.890769278367365E-13", "-6.961099601299499E-11", "2.928315362696803E-12", "-2.493488136717705E-11", "2.326063203221414E-11"], ["-4.890769278367365E-13", "3.834655572072121E-13", "5.466495960235875E-11", "-2.303722067325536E-12", "1.961996085242323E-11", "-1.821989174822696E-11"], ["-6.961099601299499E-11", "5.466495960235875E-11", "1.136675342616286E-8", "-6.693907980857121E-10", "5.739793370346628E-9", "-1.890713731181388E-9"], ["2.928315362696803E-12", "-2.303722067325536E-12", "-6.693907980857121E-10", "1.536181229855308E-10", "-5.045756498751477E-10", "5.979121680074519E-11"], ["-2.493488136717705E-11", "1.961996085242323E-11", "5.739793370346628E-9", "-5.045756498751477E-10", "3.534364726155427E-9", "-3.689074713495974E-10"], ["2.326063203221414E-11", "-1.821989174822696E-11", "-1.890713731181388E-9", "5.979121680074519E-11", "-3.689074713495974E-10", "1.203347579479623E-9"]], "epoch": "2459150.5"}, "elements": [{"units": null, "value": ".4352432959358886", "title": "eccentricity", "name": "e", "sigma": "7.8959E-7", "label": "e"}, {"label": "a", "units": "au", "value": ".7902908648226057", "title": "semi-major axis", "name": "a", "sigma": "4.6326E-9"}, {"value": ".4463220640691911", "title": "perihelion distance", "units": "au", "sigma": "6.2258E-7", "name": "q", "label": "q"}, {"sigma": "3.4722E-5", "name": "i", "units": "deg", "title": "inclination; angle with respect to x-y ecliptic plane", "value": "7.774577062843946", "label": "i"}, {"label": "node", "sigma": "1.2225E-5", "name": "om", "title": "longitude of the ascending node", "value": "34.69447957297226", "units": "deg"}, {"title": "argument of perihelion", "value": "337.8784320690374", "units": "deg", "name": "w", "sigma": "5.9752E-5", "label": "peri"}, {"name": "ma", "sigma": ".00013684", "units": "deg", "title": "mean anomaly", "value": "281.8732177398016", "label": "M"}, {"units": "TDB", "value": "2461256.189883149807", "title": "time of perihelion passage", "name": "tp", "sigma": "9.7648E-5", "label": "tp"}, {"sigma": "2.2564E-6", "name": "per", "title": "sidereal orbital period", "value": "256.6131274568586", "units": "d", "label": "period"}, {"label": "n", "sigma": "1.2335E-8", "name": "n", "units": "deg/d", "title": "mean motion", "value": "1.402890037496319"}, {"sigma": "6.6489E-9", "name": "ad", "value": "1.13425966557602", "title": "aphelion distance", "units": "au", "label": "Q"}], "epoch": "2461200.5"}