{"spkid": "50842800", "covariance": {"epoch": "2458724.5", "labels": ["e", "q", "tp", "node", "peri", "i"], "elements": [{"label": "e", "units": null, "title": "eccentricity", "value": ".9264334456077863", "sigma": 1.19539133379842e-06, "name": "e"}, {"name": "q", "sigma": 2.70984241406323e-06, "units": "au", "value": ".1640826139523411", "title": "perihelion distance", "label": "q"}, {"name": "tp", "sigma": 0.000203916787585159, "title": "time of perihelion passage", "value": "2458591.035786255769", "units": "TDB", "label": "tp"}, {"label": "node", "value": "221.1614513520471", "title": "longitude of the ascending node", "units": "deg", "name": "om", "sigma": 0.00022716979443273}, {"label": "peri", "sigma": 0.000166450302890053, "name": "w", "value": "222.8130908811527", "title": "argument of perihelion", "units": "deg"}, {"name": "i", "sigma": 0.000239568654218549, "units": "deg", "value": "9.574513945836765", "title": "inclination", "label": "i"}], "data": [["1.428960440920357E-12", "-3.239311227807422E-12", "1.996075514956467E-10", "-1.350408523958812E-10", "-1.854393425928953E-10", "-2.748410206822442E-10"], ["-3.239311227807422E-12", "7.343245909056027E-12", "-4.532797313844544E-10", "3.048559900553185E-10", "4.205649718767761E-10", "6.226196596506567E-10"], ["1.996075514956467E-10", "-4.532797313844544E-10", "4.158205625905079E-8", "3.234513346684791E-9", "-2.921971196319838E-8", "-3.111150212528762E-8"], ["-1.350408523958812E-10", "3.048559900553185E-10", "3.234513346684791E-9", "5.160611550260884E-8", "9.275648266783583E-9", "3.830781513266432E-8"], ["-1.854393425928953E-10", "4.205649718767761E-10", "-2.921971196319838E-8", "9.275648266783583E-9", "2.770570333219044E-8", "3.341281719157347E-8"], ["-2.748410206822442E-10", "6.226196596506567E-10", "-3.111150212528762E-8", "3.830781513266432E-8", "3.341281719157347E-8", "5.73931400840866E-8"]]}, "elements": [{"label": "e", "sigma": "1.2069E-6", "name": "e", "units": null, "value": ".9257655599376216", "title": "eccentricity"}, {"name": "a", "sigma": "6.316E-7", "value": "2.23235110046019", "title": "semi-major axis", "units": "au", "label": "a"}, {"units": "au", "title": "perihelion distance", "value": ".1657173339652966", "name": "q", "sigma": "2.7408E-6", "label": "q"}, {"label": "i", "sigma": ".00023708", "name": "i", "value": "9.490016998153738", "title": "inclination; angle with respect to x-y ecliptic plane", "units": "deg"}, {"name": "om", "sigma": ".00022277", "units": "deg", "value": "220.7400813074481", "title": "longitude of the ascending node", "label": "node"}, {"label": "peri", "name": "w", "sigma": ".00016877", "units": "deg", "title": "argument of perihelion", "value": "223.2561268020831"}, {"label": "M", "value": "51.07824783727721", "title": "mean anomaly", "units": "deg", "sigma": ".00027331", "name": "ma"}, {"label": "tp", "name": "tp", "sigma": ".00085196", "units": "TDB", "value": "2461027.647498788860", "title": "time of perihelion passage"}, {"label": "period", "units": "d", "value": "1218.266151850978", "title": "sidereal orbital period", "sigma": ".00051703", "name": "per"}, {"name": "n", "sigma": "1.2541E-7", "units": "deg/d", "title": "mean motion", "value": ".2955019307177109", "label": "n"}, {"title": "aphelion distance", "value": "4.298984866955085", "units": "au", "name": "ad", "sigma": "1.2163E-6", "label": "Q"}], "epoch": "2461200.5"}