{"spkid": "50843907", "covariance": {"epoch": "2459075.5", "labels": ["e", "q", "tp", "node", "peri", "i"], "elements": [{"label": "e", "sigma": 8.88597217332095e-07, "name": "e", "units": null, "value": ".3712597819129619", "title": "eccentricity"}, {"label": "q", "value": ".9965966287468415", "title": "perihelion distance", "units": "au", "sigma": 1.41164645851329e-06, "name": "q"}, {"label": "tp", "sigma": 0.00043954589862755, "name": "tp", "units": "TDB", "value": "2458772.435434617397", "title": "time of perihelion passage"}, {"sigma": 5.44911340625616e-05, "name": "om", "value": "340.3410253359671", "title": "longitude of the ascending node", "units": "deg", "label": "node"}, {"units": "deg", "value": "46.34839893896375", "title": "argument of perihelion", "name": "w", "sigma": 0.000570009034846706, "label": "peri"}, {"units": "deg", "value": "7.819536622585229", "title": "inclination", "name": "i", "sigma": 9.3099546534851e-05, "label": "i"}], "data": [["7.896050146503418E-13", "-1.25437284091557E-12", "3.767020335155655E-10", "-3.144398266928725E-11", "4.971377115229304E-10", "-2.27048874744997E-11"], ["-1.25437284091557E-12", "1.99274572383312E-12", "-5.97810014475416E-10", "5.012109869752084E-11", "-7.892065824625393E-10", "3.655336989969642E-11"], ["3.767020335155655E-10", "-5.97810014475416E-10", "1.932005970003007E-7", "-1.168300220606377E-8", "2.493704305137068E-7", "-7.01412118511034E-10"], ["-3.144398266928725E-11", "5.012109869752084E-11", "-1.168300220606377E-8", "2.969283691424056E-9", "-1.768256544939623E-8", "3.914890326741185E-9"], ["4.971377115229304E-10", "-7.892065824625393E-10", "2.493704305137068E-7", "-1.768256544939623E-8", "3.249102998068729E-7", "-5.632917424689688E-9"], ["-2.27048874744997E-11", "3.655336989969642E-11", "-7.01412118511034E-10", "3.914890326741185E-9", "-5.632917424689688E-9", "8.667525564994879E-9"]]}, "elements": [{"value": ".3701931412221319", "title": "eccentricity", "units": null, "name": "e", "sigma": "8.9414E-7", "label": "e"}, {"label": "a", "name": "a", "sigma": "3.6264E-8", "units": "au", "title": "semi-major axis", "value": "1.581662664269019"}, {"units": "au", "title": "perihelion distance", "value": ".9961419942295042", "name": "q", "sigma": "1.4117E-6", "label": "q"}, {"units": "deg", "title": "inclination; angle with respect to x-y ecliptic plane", "value": "7.811351391464708", "name": "i", "sigma": "9.313E-5", "label": "i"}, {"sigma": "5.4659E-5", "name": "om", "units": "deg", "value": "340.2445117684613", "title": "longitude of the ascending node", "label": "node"}, {"title": "argument of perihelion", "value": "46.5834958454488", "units": "deg", "sigma": ".00056793", "name": "w", "label": "peri"}, {"label": "M", "title": "mean anomaly", "value": "120.8669730117507", "units": "deg", "name": "ma", "sigma": ".00022583"}, {"title": "time of perihelion passage", "value": "2460956.564860274839", "units": "TDB", "name": "tp", "sigma": ".00045177", "label": "tp"}, {"name": "per", "sigma": "2.4988E-5", "units": "d", "value": "726.5562139338117", "title": "sidereal orbital period", "label": "period"}, {"label": "n", "sigma": "1.7041E-8", "name": "n", "title": "mean motion", "value": ".4954881578272421", "units": "deg/d"}, {"label": "Q", "sigma": "4.9689E-8", "name": "ad", "value": "2.167183334308533", "title": "aphelion distance", "units": "au"}], "epoch": "2461200.5"}