{"spkid": "50840159", "covariance": {"epoch": "2459255.5", "labels": ["e", "q", "tp", "node", "peri", "i"], "elements": [{"label": "e", "value": ".6128987978594574", "title": "eccentricity", "units": null, "sigma": 6.04378791481014e-07, "name": "e"}, {"label": "q", "sigma": 4.58642369806762e-07, "name": "q", "units": "au", "title": "perihelion distance", "value": ".2950484982259207"}, {"name": "tp", "sigma": 3.66440404798391e-05, "title": "time of perihelion passage", "value": "2459136.845376599090", "units": "TDB", "label": "tp"}, {"value": "156.9037293242744", "title": "longitude of the ascending node", "units": "deg", "name": "om", "sigma": 8.9487678705545e-05, "label": "node"}, {"label": "peri", "sigma": 5.75453262112769e-05, "name": "w", "units": "deg", "value": "150.2069546173163", "title": "argument of perihelion"}, {"label": "i", "units": "deg", "title": "inclination", "value": "44.4374071454262", "sigma": 0.000144151562343452, "name": "i"}], "data": [["3.652737235920504E-13", "-2.77165922406684E-13", "8.123373421013065E-12", "-4.933402919476606E-11", "2.857552037528663E-11", "7.876618922969599E-11"], ["-2.77165922406684E-13", "2.103528233819627E-13", "-6.095645219007949E-12", "3.749008169454555E-11", "-2.167273070218299E-11", "-5.987809073303579E-11"], ["8.123373421013065E-12", "-6.095645219007949E-12", "1.342785702688088E-9", "-1.861252878161521E-9", "1.576563833098004E-9", "2.961739155580175E-9"], ["-4.933402919476606E-11", "3.749008169454555E-11", "-1.861252878161521E-9", "8.008044640106844E-9", "-4.914761580711101E-9", "-1.280085578404359E-8"], ["2.857552037528663E-11", "-2.167273070218299E-11", "1.576563833098004E-9", "-4.914761580711101E-9", "3.31146456876227E-9", "7.842668464713112E-9"], ["7.876618922969599E-11", "-5.987809073303579E-11", "2.961739155580175E-9", "-1.280085578404359E-8", "7.842668464713112E-9", "2.077967292605821E-8"]]}, "elements": [{"sigma": "6.0429E-7", "name": "e", "title": "eccentricity", "value": ".612796628154983", "units": null, "label": "e"}, {"name": "a", "sigma": "1.7402E-8", "title": "semi-major axis", "value": ".7622668889927987", "units": "au", "label": "a"}, {"label": "q", "sigma": "4.5873E-7", "name": "q", "value": ".2951523096638229", "title": "perihelion distance", "units": "au"}, {"label": "i", "value": "44.44027239883407", "title": "inclination; angle with respect to x-y ecliptic plane", "units": "deg", "sigma": ".00014415", "name": "i"}, {"label": "node", "sigma": "8.9428E-5", "name": "om", "units": "deg", "value": "156.892500113359", "title": "longitude of the ascending node"}, {"value": "150.2118694737367", "title": "argument of perihelion", "units": "deg", "name": "w", "sigma": "5.7553E-5", "label": "peri"}, {"title": "mean anomaly", "value": "176.4051591449634", "units": "deg", "name": "ma", "sigma": ".00013581", "label": "M"}, {"units": "TDB", "title": "time of perihelion passage", "value": "2461081.384633401312", "name": "tp", "sigma": "8.7933E-5", "label": "tp"}, {"name": "per", "sigma": "8.3243E-6", "title": "sidereal orbital period", "value": "243.0854754099854", "units": "d", "label": "period"}, {"label": "n", "sigma": "5.0715E-8", "name": "n", "units": "deg/d", "value": "1.480960552632064", "title": "mean motion"}, {"label": "Q", "name": "ad", "sigma": "2.8066E-8", "value": "1.229381468321775", "title": "aphelion distance", "units": "au"}], "epoch": "2461200.5"}