{"spkid": "50841779", "covariance": {"epoch": "2458691.5", "elements": [{"sigma": 2.11444525159955e-07, "name": "e", "units": null, "title": "eccentricity", "value": ".223159591380459", "label": "e"}, {"sigma": 2.02804400551452e-07, "name": "q", "value": ".790956176076023", "title": "perihelion distance", "units": "au", "label": "q"}, {"units": "TDB", "title": "time of perihelion passage", "value": "2458697.671255341487", "sigma": 1.6110880213475e-05, "name": "tp", "label": "tp"}, {"label": "node", "units": "deg", "title": "longitude of the ascending node", "value": "230.481191870686", "sigma": 1.15200841092423e-05, "name": "om"}, {"units": "deg", "title": "argument of perihelion", "value": "103.8132379533917", "sigma": 1.20411774686256e-05, "name": "w", "label": "peri"}, {"label": "i", "name": "i", "sigma": 8.45453451558061e-06, "units": "deg", "title": "inclination", "value": "3.626451974407237"}], "data": [["4.470878722011884E-14", "-4.288119130217733E-14", "-3.145008510066663E-12", "8.567102867164613E-13", "8.103343759383943E-13", "-6.506859165891885E-13"], ["-4.288119130217733E-14", "4.112962488303361E-14", "3.013967636681896E-12", "-8.233929329508223E-13", "-7.775210239528275E-13", "6.259109618656529E-13"], ["-3.145008510066663E-12", "3.013967636681896E-12", "2.595604612529411E-10", "-5.546453748388116E-11", "-3.105848909674308E-11", "4.945220086794521E-11"], ["8.567102867164613E-13", "-8.233929329508223E-13", "-5.546453748388116E-11", "1.327123378840175E-10", "-9.502175619019655E-11", "-4.915805927507163E-11"], ["8.103343759383943E-13", "-7.775210239528275E-13", "-3.105848909674308E-11", "-9.502175619019655E-11", "1.449899548309361E-10", "2.689659188336553E-11"], ["-6.506859165891885E-13", "6.259109618656529E-13", "4.945220086794521E-11", "-4.915805927507163E-11", "2.689659188336553E-11", "7.147915387514379E-11"]], "labels": ["e", "q", "tp", "node", "peri", "i"]}, "elements": [{"title": "eccentricity", "value": ".2235470039030191", "units": null, "sigma": "2.1111E-7", "name": "e", "label": "e"}, {"label": "a", "sigma": "1.4625E-8", "name": "a", "value": "1.020008001056464", "title": "semi-major axis", "units": "au"}, {"sigma": "2.0448E-7", "name": "q", "units": "au", "title": "perihelion distance", "value": ".7919882684631843", "label": "q"}, {"label": "i", "units": "deg", "title": "inclination; angle with respect to x-y ecliptic plane", "value": "3.584595921478661", "name": "i", "sigma": "8.5321E-6"}, {"label": "node", "sigma": "1.1136E-5", "name": "om", "units": "deg", "title": "longitude of the ascending node", "value": "230.0886497727911"}, {"units": "deg", "title": "argument of perihelion", "value": "104.2181640883224", "name": "w", "sigma": "1.1458E-5", "label": "peri"}, {"label": "M", "name": "ma", "sigma": "4.1677E-5", "units": "deg", "value": "239.2551377797118", "title": "mean anomaly"}, {"title": "time of perihelion passage", "value": "2461326.703079995356", "units": "TDB", "sigma": "4.6199E-5", "name": "tp", "label": "tp"}, {"label": "period", "sigma": "8.0927E-6", "name": "per", "units": "d", "value": "376.2736398294086", "title": "sidereal orbital period"}, {"label": "n", "name": "n", "sigma": "2.0577E-8", "value": ".9567505184875917", "title": "mean motion", "units": "deg/d"}, {"label": "Q", "sigma": "1.7895E-8", "name": "ad", "units": "au", "value": "1.248027733649745", "title": "aphelion distance"}], "epoch": "2461200.5"}