{"spkid": "50840768", "covariance": {"epoch": "2458677.5", "labels": ["e", "q", "tp", "node", "peri", "i"], "data": [["9.818425054857015E-13", "-9.973847962365595E-13", "5.255320026915615E-11", "4.01601384958824E-11", "-6.818464747910949E-11", "9.592345713191166E-11"], ["-9.973847962365595E-13", "1.014946164504595E-12", "-5.179579608747702E-11", "-4.057701611700663E-11", "6.96493366055267E-11", "-9.748513631574079E-11"], ["5.255320026915615E-11", "-5.179579608747702E-11", "4.428369350460418E-9", "2.340751569912731E-9", "-3.12616921630961E-9", "5.004066547706678E-9"], ["4.01601384958824E-11", "-4.057701611700663E-11", "2.340751569912731E-9", "2.22864764542721E-9", "-3.19267735695536E-9", "4.590136742313954E-9"], ["-6.818464747910949E-11", "6.96493366055267E-11", "-3.12616921630961E-9", "-3.19267735695536E-9", "5.358846628861472E-9", "-7.32207140578954E-9"], ["9.592345713191166E-11", "-9.748513631574079E-11", "5.004066547706678E-9", "4.590136742313954E-9", "-7.32207140578954E-9", "1.069726984397477E-8"]], "elements": [{"label": "e", "sigma": 9.9087966246447e-07, "name": "e", "value": ".269031768723008", "title": "eccentricity", "units": null}, {"name": "q", "sigma": 1.00744536551845e-06, "units": "au", "title": "perihelion distance", "value": ".7119992660469958", "label": "q"}, {"label": "tp", "title": "time of perihelion passage", "value": "2458845.509561121683", "units": "TDB", "sigma": 6.65459942480418e-05, "name": "tp"}, {"units": "deg", "title": "longitude of the ascending node", "value": "358.8728865746198", "sigma": 4.72085547907073e-05, "name": "om", "label": "node"}, {"label": "peri", "title": "argument of perihelion", "value": "75.40890407291784", "units": "deg", "sigma": 7.32041435224911e-05, "name": "w"}, {"sigma": 0.000103427606778726, "name": "i", "value": "27.98386077654609", "title": "inclination", "units": "deg", "label": "i"}]}, "elements": [{"name": "e", "sigma": "9.9093E-7", "units": null, "title": "eccentricity", "value": ".268977819489345", "label": "e"}, {"label": "a", "units": "au", "title": "semi-major axis", "value": ".9739343402753392", "sigma": "7.8412E-8", "name": "a"}, {"label": "q", "name": "q", "sigma": "1.0063E-6", "value": ".7119676051022847", "title": "perihelion distance", "units": "au"}, {"label": "i", "value": "27.98708114496173", "title": "inclination; angle with respect to x-y ecliptic plane", "units": "deg", "sigma": ".00010341", "name": "i"}, {"label": "node", "name": "om", "sigma": "4.7379E-5", "value": "358.8342423549385", "title": "longitude of the ascending node", "units": "deg"}, {"label": "peri", "sigma": "7.2724E-5", "name": "w", "units": "deg", "value": "75.37443729058438", "title": "argument of perihelion"}, {"label": "M", "units": "deg", "value": "254.9689812493419", "title": "mean anomaly", "sigma": ".00029314", "name": "ma"}, {"name": "tp", "sigma": ".00029791", "value": "2461302.925483475124", "title": "time of perihelion passage", "units": "TDB", "label": "tp"}, {"label": "period", "value": "351.0693744538559", "title": "sidereal orbital period", "units": "d", "name": "per", "sigma": "4.2397E-5"}, {"label": "n", "units": "deg/d", "value": "1.02543834978496", "title": "mean motion", "sigma": "1.2384E-7", "name": "n"}, {"units": "au", "title": "aphelion distance", "value": "1.235901075448393", "sigma": "9.9502E-8", "name": "ad", "label": "Q"}], "epoch": "2461200.5"}