{"spkid": "50843638", "covariance": {"epoch": "2459692.5", "labels": ["e", "q", "tp", "node", "peri", "i"], "elements": [{"label": "e", "title": "eccentricity", "value": ".4602458253782701", "units": null, "name": "e", "sigma": 2.03807665324417e-07}, {"label": "q", "units": "au", "title": "perihelion distance", "value": ".9735800776731769", "name": "q", "sigma": 3.55877340419797e-07}, {"title": "time of perihelion passage", "value": "2459574.813842967005", "units": "TDB", "sigma": 7.93914087061997e-05, "name": "tp", "label": "tp"}, {"label": "node", "sigma": 0.000106459435969893, "name": "om", "units": "deg", "value": "271.6974614964817", "title": "longitude of the ascending node"}, {"label": "peri", "sigma": 0.000192746028138988, "name": "w", "value": "18.32892206227027", "title": "argument of perihelion", "units": "deg"}, {"sigma": 3.31683136847047e-05, "name": "i", "title": "inclination", "value": "11.96485318158649", "units": "deg", "label": "i"}], "data": [["4.153756444498957E-14", "-7.248911028142497E-14", "-1.494267251680528E-11", "7.120078248916041E-12", "-3.176084986678467E-11", "3.337469946048839E-12"], ["-7.248911028142497E-14", "1.266486814242684E-13", "2.634467829002712E-11", "-1.270116162988163E-11", "5.579628048371469E-11", "-5.900082176491101E-12"], ["-1.494267251680528E-11", "2.634467829002712E-11", "6.302995776354835E-9", "-3.793528206300211E-9", "1.337604526436226E-8", "-1.697172471083758E-9"], ["7.120078248916041E-12", "-1.270116162988163E-11", "-3.793528206300211E-9", "1.133361150702779E-8", "-1.654335178967247E-8", "2.975380166730005E-9"], ["-3.176084986678467E-11", "5.579628048371469E-11", "1.337604526436226E-8", "-1.654335178967247E-8", "3.715103136335559E-8", "-5.491262785752053E-9"], ["3.337469946048839E-12", "-5.900082176491101E-12", "-1.697172471083758E-9", "2.975380166730005E-9", "-5.491262785752053E-9", "1.100137032686971E-9"]]}, "elements": [{"name": "e", "sigma": "2.0064E-7", "value": ".4606123570372648", "title": "eccentricity", "units": null, "label": "e"}, {"label": "a", "value": "1.803558581262817", "title": "semi-major axis", "units": "au", "name": "a", "sigma": "3.2127E-8"}, {"label": "q", "title": "perihelion distance", "value": ".9728172120925659", "units": "au", "sigma": "3.4947E-7", "name": "q"}, {"name": "i", "sigma": "3.32E-5", "units": "deg", "value": "11.96322347524082", "title": "inclination; angle with respect to x-y ecliptic plane", "label": "i"}, {"label": "node", "title": "longitude of the ascending node", "value": "271.668635724276", "units": "deg", "name": "om", "sigma": ".00010652"}, {"label": "peri", "units": "deg", "title": "argument of perihelion", "value": "18.44738448470599", "sigma": ".00019248", "name": "w"}, {"label": "M", "value": "301.1820499510351", "title": "mean anomaly", "units": "deg", "sigma": "2.8591E-5", "name": "ma"}, {"label": "tp", "sigma": "7.0638E-5", "name": "tp", "units": "TDB", "value": "2461345.044373156920", "title": "time of perihelion passage"}, {"name": "per", "sigma": "2.3639E-5", "units": "d", "title": "sidereal orbital period", "value": "884.6954763498588", "label": "period"}, {"label": "n", "value": ".4069196798488383", "title": "mean motion", "units": "deg/d", "name": "n", "sigma": "1.0873E-8"}, {"label": "Q", "name": "ad", "sigma": "4.6926E-8", "units": "au", "value": "2.634299950433069", "title": "aphelion distance"}], "epoch": "2461200.5"}