{"spkid": "50842906", "covariance": {"data": [["1.091225863616843E-14", "-1.749253127164551E-14", "-3.109262016026289E-13", "-2.583809684571673E-12", "4.433376584124267E-12", "3.335535384241951E-13"], ["-1.749253127164551E-14", "2.804611411711253E-14", "4.858808441663737E-13", "4.132671389421692E-12", "-7.098414832892145E-12", "-5.338307804758508E-13"], ["-3.109262016026289E-13", "4.858808441663737E-13", "3.867235043938615E-11", "1.221651268206384E-10", "-1.72703681329448E-10", "-1.594350812460815E-11"], ["-2.583809684571673E-12", "4.132671389421692E-12", "1.221651268206384E-10", "1.512932758440734E-8", "-1.546968936196972E-8", "-2.004152335947761E-9"], ["4.433376584124267E-12", "-7.098414832892145E-12", "-1.72703681329448E-10", "-1.546968936196972E-8", "1.612437402536486E-8", "2.048575533956692E-9"], ["3.335535384241951E-13", "-5.338307804758508E-13", "-1.594350812460815E-11", "-2.004152335947761E-9", "2.048575533956692E-9", "2.775084545958885E-10"]], "elements": [{"label": "e", "name": "e", "sigma": 1.04461756811612e-07, "units": null, "value": ".7057120509347826", "title": "eccentricity"}, {"label": "q", "sigma": 1.67469740899998e-07, "name": "q", "value": ".4717321312608692", "title": "perihelion distance", "units": "au"}, {"sigma": 6.21870970856384e-06, "name": "tp", "units": "TDB", "title": "time of perihelion passage", "value": "2459441.461983292498", "label": "tp"}, {"label": "node", "units": "deg", "title": "longitude of the ascending node", "value": "120.7522096846082", "sigma": 0.000123001331636724, "name": "om"}, {"title": "argument of perihelion", "value": "269.2359606811897", "units": "deg", "sigma": 0.000126981786195363, "name": "w", "label": "peri"}, {"label": "i", "units": "deg", "title": "inclination", "value": "2.999400478863723", "name": "i", "sigma": 1.66585850118156e-05}], "labels": ["e", "q", "tp", "node", "peri", "i"], "epoch": "2459576.5"}, "elements": [{"label": "e", "name": "e", "sigma": "1.0451E-7", "units": null, "value": ".7057419111647956", "title": "eccentricity"}, {"label": "a", "units": "au", "title": "semi-major axis", "value": "1.603684300498706", "name": "a", "sigma": "7.7198E-9"}, {"label": "q", "value": ".471897077359771", "title": "perihelion distance", "units": "au", "sigma": "1.6758E-7", "name": "q"}, {"label": "i", "name": "i", "sigma": "1.6656E-5", "units": "deg", "title": "inclination; angle with respect to x-y ecliptic plane", "value": "3.005114621938589"}, {"units": "deg", "value": "120.6837380676622", "title": "longitude of the ascending node", "sigma": ".00012266", "name": "om", "label": "node"}, {"label": "peri", "name": "w", "sigma": ".00012664", "units": "deg", "value": "269.2883342845267", "title": "argument of perihelion"}, {"label": "M", "sigma": "3.8923E-6", "name": "ma", "value": "133.9397275086362", "title": "mean anomaly", "units": "deg"}, {"name": "tp", "sigma": "6.2433E-6", "units": "TDB", "title": "time of perihelion passage", "value": "2460924.516159650063", "label": "tp"}, {"label": "period", "sigma": "5.3562E-6", "name": "per", "title": "sidereal orbital period", "value": "741.7827732968268", "units": "d"}, {"value": ".4853172828481753", "title": "mean motion", "units": "deg/d", "sigma": "3.5043E-9", "name": "n", "label": "n"}, {"label": "Q", "title": "aphelion distance", "value": "2.735471523637642", "units": "au", "name": "ad", "sigma": "1.3168E-8"}], "epoch": "2461200.5"}