{"spkid": "50841694", "covariance": {"epoch": "2459230.5", "elements": [{"label": "e", "title": "eccentricity", "value": ".6542243430512986", "units": null, "name": "e", "sigma": 2.83843619092136e-07}, {"label": "q", "value": ".7492775228595525", "title": "perihelion distance", "units": "au", "sigma": 5.91606903723085e-07, "name": "q"}, {"label": "tp", "title": "time of perihelion passage", "value": "2458681.232876703621", "units": "TDB", "name": "tp", "sigma": 4.70523878168104e-05}, {"label": "node", "name": "om", "sigma": 3.67449252821373e-05, "title": "longitude of the ascending node", "value": "45.11779961494387", "units": "deg"}, {"sigma": 7.73028816272757e-05, "name": "w", "title": "argument of perihelion", "value": "265.5257285264799", "units": "deg", "label": "peri"}, {"sigma": 2.50014973371532e-05, "name": "i", "units": "deg", "value": "7.798143731631301", "title": "inclination", "label": "i"}], "data": [["8.056720009932153E-14", "-1.678942082911918E-13", "8.030151393034518E-12", "3.894620736141405E-13", "1.777114881954623E-11", "2.404025544049791E-12"], ["-1.678942082911918E-13", "3.499987285328159E-13", "-1.712692863509097E-11", "-6.874662682998657E-13", "-3.734022299641126E-11", "-5.114602396552913E-12"], ["8.030151393034518E-12", "-1.712692863509097E-11", "2.213927199263532E-9", "-3.976573203462402E-10", "2.879624666182452E-9", "6.126145548180501E-10"], ["3.894620736141405E-13", "-6.874662682998657E-13", "-3.976573203462402E-10", "1.350189533989853E-9", "-1.447480672862249E-9", "-6.323572412851538E-10"], ["1.777114881954623E-11", "-3.734022299641126E-11", "2.879624666182452E-9", "-1.447480672862249E-9", "5.975735507880604E-9", "1.342196733903035E-9"], ["2.404025544049791E-12", "-5.114602396552913E-12", "6.126145548180501E-10", "-6.323572412851538E-10", "1.342196733903035E-9", "6.250748690996778E-10"]], "labels": ["e", "q", "tp", "node", "peri", "i"]}, "elements": [{"label": "e", "sigma": "2.8278E-7", "name": "e", "title": "eccentricity", "value": ".6540305488263898", "units": null}, {"sigma": "7.7437E-8", "name": "a", "value": "2.166723273716686", "title": "semi-major axis", "units": "au", "label": "a"}, {"sigma": "5.8825E-7", "name": "q", "units": "au", "title": "perihelion distance", "value": ".7496200618528498", "label": "q"}, {"label": "i", "name": "i", "sigma": "2.5005E-5", "title": "inclination; angle with respect to x-y ecliptic plane", "value": "7.79863769264623", "units": "deg"}, {"title": "longitude of the ascending node", "value": "45.08337658223123", "units": "deg", "sigma": "3.6744E-5", "name": "om", "label": "node"}, {"units": "deg", "title": "argument of perihelion", "value": "265.5466692764074", "sigma": "7.7427E-5", "name": "w", "label": "peri"}, {"units": "deg", "value": "58.66561483626146", "title": "mean anomaly", "name": "ma", "sigma": "4.6525E-5", "label": "M"}, {"units": "TDB", "value": "2461010.661311394649", "title": "time of perihelion passage", "sigma": ".00014083", "name": "tp", "label": "tp"}, {"sigma": "6.2451E-5", "name": "per", "value": "1164.940111659477", "title": "sidereal orbital period", "units": "d", "label": "period"}, {"label": "n", "units": "deg/d", "value": ".3090287615619777", "title": "mean motion", "sigma": "1.6567E-8", "name": "n"}, {"label": "Q", "name": "ad", "sigma": "1.2808E-7", "value": "3.583826485580522", "title": "aphelion distance", "units": "au"}], "epoch": "2461200.5"}