{"spkid": "50843121", "covariance": {"elements": [{"label": "e", "sigma": 2.93577641162123e-06, "name": "e", "value": ".3271501674700165", "title": "eccentricity", "units": null}, {"name": "q", "sigma": 3.68232504365345e-06, "units": "au", "value": ".8385459033575509", "title": "perihelion distance", "label": "q"}, {"label": "tp", "units": "TDB", "value": "2458561.210355944275", "title": "time of perihelion passage", "sigma": 6.28485288363484e-05, "name": "tp"}, {"units": "deg", "title": "longitude of the ascending node", "value": "108.3342057994996", "name": "om", "sigma": 0.000286712868867416, "label": "node"}, {"units": "deg", "value": "50.33636674895629", "title": "argument of perihelion", "name": "w", "sigma": 0.000623151340036265, "label": "peri"}, {"value": "11.27405168286656", "title": "inclination", "units": "deg", "sigma": 0.000142710055354582, "name": "i", "label": "i"}], "data": [["8.618783139031645E-12", "-1.081044017522728E-11", "2.971835742287597E-11", "7.582839414237287E-10", "-1.801567876820239E-9", "-3.59614885625983E-10"], ["-1.081044017522728E-11", "1.355951772711741E-11", "-3.69103428321244E-11", "-9.508034656825939E-10", "2.259706100894276E-9", "4.508355088605716E-10"], ["2.971835742287597E-11", "-3.69103428321244E-11", "3.949937576893312E-9", "6.138285114831941E-9", "-6.504644497511776E-9", "-3.731048027515855E-9"], ["7.582839414237287E-10", "-9.508034656825939E-10", "6.138285114831941E-9", "8.220426917418437E-8", "-1.707427046077169E-7", "-4.052306683491965E-8"], ["-1.801567876820239E-9", "2.259706100894276E-9", "-6.504644497511776E-9", "-1.707427046077169E-7", "3.883175925889931E-7", "8.179603355912117E-8"], ["-3.59614885625983E-10", "4.508355088605716E-10", "-3.731048027515855E-9", "-4.052306683491965E-8", "8.179603355912117E-8", "2.03661598993078E-8"]], "labels": ["e", "q", "tp", "node", "peri", "i"], "epoch": "2458782.5"}, "elements": [{"label": "e", "title": "eccentricity", "value": ".3272435027399708", "units": null, "name": "e", "sigma": "2.9336E-6"}, {"label": "a", "sigma": "4.4172E-8", "name": "a", "units": "au", "title": "semi-major axis", "value": "1.246420272647723"}, {"sigma": "3.6846E-6", "name": "q", "units": "au", "value": ".8385373367403731", "title": "perihelion distance", "label": "q"}, {"label": "i", "name": "i", "sigma": ".0001427", "value": "11.27229543760271", "title": "inclination; angle with respect to x-y ecliptic plane", "units": "deg"}, {"title": "longitude of the ascending node", "value": "108.2874266982247", "units": "deg", "sigma": ".00028696", "name": "om", "label": "node"}, {"name": "w", "sigma": ".00062251", "title": "argument of perihelion", "value": "50.37279935812775", "units": "deg", "label": "peri"}, {"label": "M", "name": "ma", "sigma": ".0001003", "units": "deg", "value": "69.63531573410322", "title": "mean anomaly"}, {"label": "tp", "title": "time of perihelion passage", "value": "2461102.184445890118", "units": "TDB", "sigma": ".00013707", "name": "tp"}, {"label": "period", "name": "per", "sigma": "2.7019E-5", "title": "sidereal orbital period", "value": "508.2708264683562", "units": "d"}, {"value": ".7082838149523673", "title": "mean motion", "units": "deg/d", "name": "n", "sigma": "3.7652E-8", "label": "n"}, {"label": "Q", "value": "1.654303208555074", "title": "aphelion distance", "units": "au", "sigma": "5.8628E-8", "name": "ad"}], "epoch": "2461200.5"}