{"spkid": "50843151", "covariance": {"epoch": "2458681.5", "labels": ["e", "q", "tp", "node", "peri", "i"], "elements": [{"label": "e", "name": "e", "sigma": 1.09652986952426e-07, "title": "eccentricity", "value": ".636225774338147", "units": null}, {"label": "q", "name": "q", "sigma": 1.9954628235377e-07, "units": "au", "title": "perihelion distance", "value": ".662581075639318"}, {"units": "TDB", "value": "2458747.823442087165", "title": "time of perihelion passage", "name": "tp", "sigma": 5.90511036069294e-05, "label": "tp"}, {"value": "78.88540483377635", "title": "longitude of the ascending node", "units": "deg", "name": "om", "sigma": 3.36042595397611e-05, "label": "node"}, {"label": "peri", "name": "w", "sigma": 4.28962743183186e-05, "units": "deg", "value": "284.843213977314", "title": "argument of perihelion"}, {"sigma": 7.47768437410193e-05, "name": "i", "title": "inclination", "value": "33.86526552387584", "units": "deg", "label": "i"}], "data": [["1.202377754758884E-14", "-2.178401229170132E-14", "-7.94370697084012E-13", "6.296113215737033E-13", "8.0765343516423E-13", "-1.358188515052223E-12"], ["-2.178401229170132E-14", "3.98187188012103E-14", "9.458582853101922E-13", "-8.975104924080485E-13", "-1.815950164221024E-12", "1.943541079441386E-12"], ["-7.94370697084012E-13", "9.458582853101922E-13", "3.487032837196308E-9", "-1.71625714918547E-9", "2.283556364096735E-9", "3.700352218380353E-9"], ["6.296113215737033E-13", "-8.975104924080485E-13", "-1.71625714918547E-9", "1.129246259215623E-9", "-1.310887697811784E-9", "-2.385670205871444E-9"], ["8.0765343516423E-13", "-1.815950164221024E-12", "2.283556364096735E-9", "-1.310887697811784E-9", "1.840090350392436E-9", "2.788733331514018E-9"], ["-1.358188515052223E-12", "1.943541079441386E-12", "3.700352218380353E-9", "-2.385670205871444E-9", "2.788733331514018E-9", "5.591576359868818E-9"]]}, "elements": [{"sigma": "1.0965E-7", "name": "e", "value": ".6363062977638234", "title": "eccentricity", "units": null, "label": "e"}, {"name": "a", "sigma": "5.2867E-8", "value": "1.821142881734791", "title": "semi-major axis", "units": "au", "label": "a"}, {"label": "q", "units": "au", "value": ".6623381969591857", "title": "perihelion distance", "name": "q", "sigma": "1.9938E-7"}, {"value": "33.86880879251895", "title": "inclination; angle with respect to x-y ecliptic plane", "units": "deg", "sigma": "7.4805E-5", "name": "i", "label": "i"}, {"sigma": "3.3567E-5", "name": "om", "units": "deg", "value": "78.8334253596738", "title": "longitude of the ascending node", "label": "node"}, {"sigma": "4.2799E-5", "name": "w", "title": "argument of perihelion", "value": "284.880327182487", "units": "deg", "label": "peri"}, {"sigma": "3.7967E-5", "name": "ma", "units": "deg", "title": "mean anomaly", "value": "263.6041187868162", "label": "M"}, {"sigma": ".00010362", "name": "tp", "value": "2461440.864560232895", "title": "time of perihelion passage", "units": "TDB", "label": "tp"}, {"name": "per", "sigma": "3.9089E-5", "units": "d", "title": "sidereal orbital period", "value": "897.6653420748825", "label": "period"}, {"label": "n", "value": ".4010403244129805", "title": "mean motion", "units": "deg/d", "name": "n", "sigma": "1.7463E-8"}, {"label": "Q", "title": "aphelion distance", "value": "2.979947566510397", "units": "au", "name": "ad", "sigma": "8.6507E-8"}], "epoch": "2461200.5"}