{"spkid": "50879343", "covariance": {"epoch": "2459011.5", "elements": [{"name": "e", "sigma": 8.06567324755762e-08, "value": ".3434863135223269", "title": "eccentricity", "units": null, "label": "e"}, {"label": "q", "name": "q", "sigma": 1.31952244321961e-07, "units": "au", "value": "1.036425899648664", "title": "perihelion distance"}, {"label": "tp", "units": "TDB", "title": "time of perihelion passage", "value": "2458743.931116984933", "sigma": 4.93392099816239e-05, "name": "tp"}, {"label": "node", "units": "deg", "title": "longitude of the ascending node", "value": "323.6068126109324", "name": "om", "sigma": 5.03820746297854e-05}, {"label": "peri", "units": "deg", "value": "23.87424776665258", "title": "argument of perihelion", "name": "w", "sigma": 6.85353583498537e-05}, {"label": "i", "sigma": 6.03867270086973e-06, "name": "i", "units": "deg", "title": "inclination", "value": "4.833760975567432"}], "data": [["6.505508493636675E-15", "-1.064013015982511E-14", "-2.652389893528196E-12", "-6.645024074369524E-13", "-2.511778467513723E-12", "-2.97464180559612E-14"], ["-1.064013015982511E-14", "1.741139478160244E-14", "4.369446460817305E-12", "1.068929131232967E-12", "4.167344332981752E-12", "4.210535509663085E-14"], ["-2.652389893528196E-12", "4.369446460817305E-12", "2.434357641610772E-9", "3.989362095558404E-10", "2.340207162192309E-9", "-1.370972729076113E-10"], ["-6.645024074369524E-13", "1.068929131232967E-12", "3.989362095558404E-10", "2.538353444001263E-9", "-2.064328138023622E-9", "8.956609532586521E-11"], ["-2.511778467513723E-12", "4.167344332981752E-12", "2.340207162192309E-9", "-2.064328138023622E-9", "4.697095344142857E-9", "-2.386176540709156E-10"], ["-2.97464180559612E-14", "4.210535509663085E-14", "-1.370972729076113E-10", "8.956609532586521E-11", "-2.386176540709156E-10", "3.64655679882293E-11"]], "labels": ["e", "q", "tp", "node", "peri", "i"]}, "elements": [{"label": "e", "units": null, "value": ".3431874110649734", "title": "eccentricity", "sigma": "8.0921E-8", "name": "e"}, {"value": "1.577432341372328", "title": "semi-major axis", "units": "au", "name": "a", "sigma": "7.7443E-9", "label": "a"}, {"label": "q", "name": "q", "sigma": "1.3234E-7", "units": "au", "title": "perihelion distance", "value": "1.0360774200066"}, {"label": "i", "value": "4.811984335776508", "title": "inclination; angle with respect to x-y ecliptic plane", "units": "deg", "sigma": "6.0659E-6", "name": "i"}, {"name": "om", "sigma": "5.0698E-5", "title": "longitude of the ascending node", "value": "323.3538096965761", "units": "deg", "label": "node"}, {"label": "peri", "name": "w", "sigma": "6.8346E-5", "title": "argument of perihelion", "value": "24.36592172981543", "units": "deg"}, {"value": "140.3304220580104", "title": "mean anomaly", "units": "deg", "name": "ma", "sigma": "2.8658E-5", "label": "M"}, {"title": "time of perihelion passage", "value": "2460918.418977905796", "units": "TDB", "name": "tp", "sigma": "5.5999E-5", "label": "tp"}, {"label": "period", "name": "per", "sigma": "5.329E-6", "value": "723.6432874970951", "title": "sidereal orbital period", "units": "d"}, {"name": "n", "sigma": "3.6635E-9", "title": "mean motion", "value": ".497482677197424", "units": "deg/d", "label": "n"}, {"label": "Q", "name": "ad", "sigma": "1.0402E-8", "units": "au", "title": "aphelion distance", "value": "2.118787262738057"}], "epoch": "2461200.5"}