{"spkid": "50879748", "covariance": {"epoch": "2460024.5", "labels": ["e", "q", "tp", "node", "peri", "i"], "elements": [{"title": "eccentricity", "value": ".5051787478252912", "units": null, "name": "e", "sigma": 1.1392716064952e-07, "label": "e"}, {"label": "q", "units": "au", "title": "perihelion distance", "value": ".7875350583351725", "name": "q", "sigma": 1.81589918642981e-07}, {"name": "tp", "sigma": 8.28631680386928e-06, "units": "TDB", "title": "time of perihelion passage", "value": "2460318.199686256746", "label": "tp"}, {"name": "om", "sigma": 7.53537274673636e-05, "title": "longitude of the ascending node", "value": "85.0746011536399", "units": "deg", "label": "node"}, {"value": "44.12696496001335", "title": "argument of perihelion", "units": "deg", "name": "w", "sigma": 8.47400998795779e-05, "label": "peri"}, {"value": "2.380133588583241", "title": "inclination", "units": "deg", "name": "i", "sigma": 4.7431984417782e-06, "label": "i"}], "data": [["1.297939793366145E-14", "-2.068764498463774E-14", "8.388478703165077E-13", "-2.529774508667853E-12", "5.408686835159206E-12", "1.874194520054052E-13"], ["-2.068764498463774E-14", "3.297489855276436E-14", "-1.337924382215294E-12", "3.979158172317471E-12", "-8.569022336154979E-12", "-2.960765453985483E-13"], ["8.388478703165077E-13", "-1.337924382215294E-12", "6.866304617408644E-11", "-6.952642470174014E-11", "2.716248639166178E-10", "1.023883377197756E-11"], ["-2.529774508667853E-12", "3.979158172317471E-12", "-6.952642470174014E-11", "5.678184243225701E-9", "-6.100844574345854E-9", "-3.320354499923263E-10"], ["5.408686835159206E-12", "-8.569022336154979E-12", "2.716248639166178E-10", "-6.100844574345854E-9", "7.180884527600831E-9", "3.69880971687995E-10"], ["1.874194520054052E-13", "-2.960765453985483E-13", "1.023883377197756E-11", "-3.320354499923263E-10", "3.69880971687995E-10", "2.249793145808712E-11"]]}, "elements": [{"title": "eccentricity", "value": ".5047368332212139", "units": null, "sigma": "1.1495E-7", "name": "e", "label": "e"}, {"sigma": "6.7936E-9", "name": "a", "value": "1.589597771013526", "title": "semi-major axis", "units": "au", "label": "a"}, {"name": "q", "sigma": "1.808E-7", "value": ".7872692259766587", "title": "perihelion distance", "units": "au", "label": "q"}, {"name": "i", "sigma": "4.8066E-6", "title": "inclination; angle with respect to x-y ecliptic plane", "value": "2.441028224563168", "units": "deg", "label": "i"}, {"units": "deg", "value": "84.46017350244448", "title": "longitude of the ascending node", "name": "om", "sigma": "7.3012E-5", "label": "node"}, {"units": "deg", "value": "44.76858788711656", "title": "argument of perihelion", "sigma": "8.2283E-5", "name": "w", "label": "peri"}, {"title": "mean anomaly", "value": "74.04359212947691", "units": "deg", "name": "ma", "sigma": "4.582E-6", "label": "M"}, {"sigma": "8.654E-6", "name": "tp", "units": "TDB", "value": "2461049.938381865048", "title": "time of perihelion passage", "label": "tp"}, {"label": "period", "sigma": "4.6928E-6", "name": "per", "title": "sidereal orbital period", "value": "732.0306993453471", "units": "d"}, {"label": "n", "name": "n", "sigma": "3.1527E-9", "units": "deg/d", "title": "mean motion", "value": ".4917826538175885"}, {"value": "2.391926316050394", "title": "aphelion distance", "units": "au", "sigma": "1.0223E-8", "name": "ad", "label": "Q"}], "epoch": "2461200.5"}