{"spkid": "50878641", "covariance": {"labels": ["e", "q", "tp", "node", "peri", "i"], "elements": [{"label": "e", "units": null, "value": ".2000684814146332", "title": "eccentricity", "sigma": 8.52215317420702e-07, "name": "e"}, {"label": "q", "name": "q", "sigma": 7.80854880934716e-07, "units": "au", "title": "perihelion distance", "value": ".8166115161962365"}, {"units": "TDB", "title": "time of perihelion passage", "value": "2459227.262530114446", "sigma": 2.10034466781496e-05, "name": "tp", "label": "tp"}, {"units": "deg", "value": "215.0710834836626", "title": "longitude of the ascending node", "name": "om", "sigma": 4.71777216926461e-05, "label": "node"}, {"units": "deg", "title": "argument of perihelion", "value": "264.8990388525196", "sigma": 7.3993723572961e-05, "name": "w", "label": "peri"}, {"label": "i", "title": "inclination", "value": "1.504458766333202", "units": "deg", "name": "i", "sigma": 6.66157589004072e-06}], "data": [["7.262709472464687E-13", "-6.65453350233406E-13", "1.705790261736293E-11", "-1.016939688694917E-11", "5.107690955300478E-11", "4.803278683650964E-12"], ["-6.65453350233406E-13", "6.097343450795694E-13", "-1.562094081425491E-11", "9.342689270685412E-12", "-4.682037497471935E-11", "-4.401472197871335E-12"], ["1.705790261736293E-11", "-1.562094081425491E-11", "4.41144772361874E-10", "-1.123178243447421E-10", "1.108130503187099E-9", "1.11733023897902E-10"], ["-1.016939688694917E-11", "9.342689270685412E-12", "-1.123178243447421E-10", "2.225737424108773E-9", "-2.681789781121701E-9", "-1.911781546885694E-10"], ["5.107690955300478E-11", "-4.682037497471935E-11", "1.108130503187099E-9", "-2.681789781121701E-9", "5.475071128191763E-9", "4.607188356015529E-10"], ["4.803278683650964E-12", "-4.401472197871335E-12", "1.11733023897902E-10", "-1.911781546885694E-10", "4.607188356015529E-10", "4.437659333877182E-11"]], "epoch": "2459054.5"}, "elements": [{"label": "e", "name": "e", "sigma": "8.5057E-7", "units": null, "value": ".2002750955231078", "title": "eccentricity"}, {"label": "a", "units": "au", "title": "semi-major axis", "value": "1.021025058541865", "sigma": "1.0234E-7", "name": "a"}, {"label": "q", "title": "perihelion distance", "value": ".8165391674109058", "units": "au", "name": "q", "sigma": "7.8662E-7"}, {"label": "i", "sigma": "6.6461E-6", "name": "i", "value": "1.504413699657771", "title": "inclination; angle with respect to x-y ecliptic plane", "units": "deg"}, {"sigma": "4.6422E-5", "name": "om", "units": "deg", "value": "214.8036799829894", "title": "longitude of the ascending node", "label": "node"}, {"label": "peri", "units": "deg", "value": "264.7052340256392", "title": "argument of perihelion", "name": "w", "sigma": "7.4693E-5"}, {"label": "M", "sigma": ".00032317", "name": "ma", "value": "85.94870929440928", "title": "mean anomaly", "units": "deg"}, {"label": "tp", "value": "2461110.531622866855", "title": "time of perihelion passage", "units": "TDB", "name": "tp", "sigma": ".00032476"}, {"sigma": "5.6656E-5", "name": "per", "units": "d", "value": "376.8365579172122", "title": "sidereal orbital period", "label": "period"}, {"name": "n", "sigma": "1.4363E-7", "value": ".9553213254832058", "title": "mean motion", "units": "deg/d", "label": "n"}, {"sigma": "1.2283E-7", "name": "ad", "units": "au", "title": "aphelion distance", "value": "1.225510949672823", "label": "Q"}], "epoch": "2461200.5"}