{"spkid": "50893761", "covariance": {"epoch": "2459254.5", "data": [["1.712755310609753E-15", "-2.333120464149198E-15", "-2.639550323990375E-13", "-3.954717781303199E-13", "5.358104986118597E-13", "1.692079436305841E-14"], ["-2.333120464149198E-15", "3.718392075015136E-15", "-3.986224409373133E-13", "5.043071794458122E-13", "-9.01655316048958E-13", "-5.379432312570385E-14"], ["-2.639550323990375E-13", "-3.986224409373133E-13", "1.150114009769152E-9", "1.063922710161712E-10", "2.064689524788158E-10", "4.598459311282222E-11"], ["-3.954717781303199E-13", "5.043071794458122E-13", "1.063922710161712E-10", "7.89851829785053E-10", "-7.540721167014449E-10", "-1.025554586160446E-10"], ["5.358104986118597E-13", "-9.01655316048958E-13", "2.064689524788158E-10", "-7.540721167014449E-10", "8.677300010875276E-10", "1.180564223920428E-10"], ["1.692079436305841E-14", "-5.379432312570385E-14", "4.598459311282222E-11", "-1.025554586160446E-10", "1.180564223920428E-10", "4.949955790963774E-11"]], "elements": [{"units": null, "title": "eccentricity", "value": ".4140970823344403", "name": "e", "sigma": 4.13854480537514e-08, "label": "e"}, {"label": "q", "units": "au", "value": ".8873987885006102", "title": "perihelion distance", "sigma": 6.0978619818877e-08, "name": "q"}, {"label": "tp", "units": "TDB", "value": "2458947.621829845421", "title": "time of perihelion passage", "sigma": 3.39133308563042e-05, "name": "tp"}, {"units": "deg", "title": "longitude of the ascending node", "value": "304.3972942227331", "name": "om", "sigma": 2.81043026916708e-05, "label": "node"}, {"label": "peri", "value": "219.037849403316", "title": "argument of perihelion", "units": "deg", "sigma": 2.94572571888071e-05, "name": "w"}, {"name": "i", "sigma": 7.03559222167102e-06, "value": "8.604230428398854", "title": "inclination", "units": "deg", "label": "i"}], "labels": ["e", "q", "tp", "node", "peri", "i"]}, "elements": [{"units": null, "value": ".4137677476772493", "title": "eccentricity", "sigma": "4.1227E-8", "name": "e", "label": "e"}, {"title": "semi-major axis", "value": "1.513684417527461", "units": "au", "name": "a", "sigma": "4.0197E-8", "label": "a"}, {"label": "q", "value": ".8873706253929743", "title": "perihelion distance", "units": "au", "sigma": "6.0938E-8", "name": "q"}, {"name": "i", "sigma": "7.0338E-6", "value": "8.604492905513952", "title": "inclination; angle with respect to x-y ecliptic plane", "units": "deg", "label": "i"}, {"label": "node", "title": "longitude of the ascending node", "value": "304.3178866075637", "units": "deg", "sigma": "2.8115E-5", "name": "om"}, {"name": "w", "sigma": "2.9511E-5", "units": "deg", "value": "219.1801225243531", "title": "argument of perihelion", "label": "peri"}, {"label": "M", "sigma": "3.0688E-5", "name": "ma", "value": "112.1562896530228", "title": "mean anomaly", "units": "deg"}, {"value": "2460988.579695218990", "title": "time of perihelion passage", "units": "TDB", "name": "tp", "sigma": "4.962E-5", "label": "tp"}, {"sigma": "2.7096E-5", "name": "per", "units": "d", "title": "sidereal orbital period", "value": "680.2231953034958", "label": "period"}, {"name": "n", "sigma": "2.1082E-8", "units": "deg/d", "title": "mean motion", "value": ".5292380537528987", "label": "n"}, {"label": "Q", "title": "aphelion distance", "value": "2.139998209661948", "units": "au", "sigma": "5.683E-8", "name": "ad"}], "epoch": "2461200.5"}