{"spkid": "50893660", "covariance": {"epoch": "2459065.5", "elements": [{"value": ".4391458830766068", "title": "eccentricity", "units": null, "sigma": 8.20862332123533e-08, "name": "e", "label": "e"}, {"title": "perihelion distance", "value": ".6898653795996259", "units": "au", "sigma": 9.12555688220448e-08, "name": "q", "label": "q"}, {"sigma": 1.39084365293381e-05, "name": "tp", "title": "time of perihelion passage", "value": "2458916.031812293701", "units": "TDB", "label": "tp"}, {"name": "om", "sigma": 1.26303992424305e-05, "units": "deg", "title": "longitude of the ascending node", "value": "102.236231230451", "label": "node"}, {"label": "peri", "name": "w", "sigma": 1.36025839129215e-05, "value": "89.11163408762154", "title": "argument of perihelion", "units": "deg"}, {"title": "inclination", "value": "14.90720013068785", "units": "deg", "sigma": 6.27804474436182e-06, "name": "i", "label": "i"}], "data": [["6.738149682992856E-15", "-7.465980264940539E-15", "-3.423564684620488E-13", "8.02157788869385E-15", "3.965134463400348E-13", "6.789457842840894E-14"], ["-7.465980264940539E-15", "8.327578841034952E-15", "3.957363696573058E-13", "5.469580876040511E-15", "-4.449237956002242E-13", "-7.912695538722752E-14"], ["-3.423564684620488E-13", "3.957363696573058E-13", "1.934446066906258E-10", "4.342862103641909E-11", "3.026085668416661E-11", "8.854137930935861E-12"], ["8.02157788869385E-15", "5.469580876040511E-15", "4.342862103641909E-11", "1.595269850231883E-10", "-1.308690674855324E-10", "-3.355807344474678E-11"], ["3.965134463400348E-13", "-4.449237956002242E-13", "3.026085668416661E-11", "-1.308690674855324E-10", "1.850302891080698E-10", "4.322236708190953E-11"], ["6.789457842840894E-14", "-7.912695538722752E-14", "8.854137930935861E-12", "-3.355807344474678E-11", "4.322236708190953E-11", "3.941384581220902E-11"]], "labels": ["e", "q", "tp", "node", "peri", "i"]}, "elements": [{"sigma": "8.2094E-8", "name": "e", "units": null, "value": ".4392187781891155", "title": "eccentricity", "label": "e"}, {"units": "au", "value": "1.22993295110468", "title": "semi-major axis", "sigma": "2.2399E-8", "name": "a", "label": "a"}, {"units": "au", "title": "perihelion distance", "value": ".6897233030659495", "name": "q", "sigma": "9.1204E-8", "label": "q"}, {"label": "i", "name": "i", "sigma": "6.2803E-6", "units": "deg", "title": "inclination; angle with respect to x-y ecliptic plane", "value": "14.90694250109208"}, {"units": "deg", "value": "102.1667349193831", "title": "longitude of the ascending node", "name": "om", "sigma": "1.2625E-5", "label": "node"}, {"label": "peri", "title": "argument of perihelion", "value": "89.17252585636557", "units": "deg", "name": "w", "sigma": "1.3585E-5"}, {"label": "M", "sigma": "4.4751E-5", "name": "ma", "units": "deg", "value": "210.5448932929152", "title": "mean anomaly"}, {"name": "tp", "sigma": "6.7454E-5", "value": "2461407.337290644847", "title": "time of perihelion passage", "units": "TDB", "label": "tp"}, {"label": "period", "name": "per", "sigma": "1.361E-5", "title": "sidereal orbital period", "value": "498.2193400596278", "units": "d"}, {"title": "mean motion", "value": ".7225733147109756", "units": "deg/d", "sigma": "1.9739E-8", "name": "n", "label": "n"}, {"value": "1.770142599143411", "title": "aphelion distance", "units": "au", "sigma": "3.2237E-8", "name": "ad", "label": "Q"}], "epoch": "2461200.5"}