{"spkid": "50933042", "covariance": {"epoch": "2460549.5", "labels": ["e", "q", "tp", "node", "peri", "i"], "elements": [{"label": "e", "sigma": 1.12890215622697e-07, "name": "e", "units": null, "value": ".1383278065604676", "title": "eccentricity"}, {"label": "q", "sigma": 1.27442158754312e-07, "name": "q", "units": "au", "value": ".9728318853241745", "title": "perihelion distance"}, {"sigma": 8.79908714139806e-05, "name": "tp", "units": "TDB", "title": "time of perihelion passage", "value": "2460555.188068490287", "label": "tp"}, {"label": "node", "name": "om", "sigma": 4.90423483606321e-06, "title": "longitude of the ascending node", "value": "264.9048608472013", "units": "deg"}, {"units": "deg", "title": "argument of perihelion", "value": "144.9539795574059", "name": "w", "sigma": 9.79581652323652e-05, "label": "peri"}, {"label": "i", "name": "i", "sigma": 1.24258420728977e-05, "value": "5.104240752976958", "title": "inclination", "units": "deg"}], "data": [["1.274420078333898E-14", "-1.438684578713207E-14", "-9.695638865192331E-12", "-2.656209820825761E-13", "-1.080789596416519E-11", "3.461095509726585E-13"], ["-1.438684578713207E-14", "1.624150382795938E-14", "1.095504985137258E-11", "2.988698683633845E-13", "1.221146526082207E-11", "-3.961233784735841E-13"], ["-9.695638865192331E-12", "1.095504985137258E-11", "7.742393452191666E-9", "1.725914506887095E-10", "8.612126658902188E-9", "-4.581455109618196E-10"], ["-2.656209820825761E-13", "2.988698683633845E-13", "1.725914506887095E-10", "2.40515193272559E-11", "1.781929453677753E-10", "3.217352739676882E-12"], ["-1.080789596416519E-11", "1.221146526082207E-11", "8.612126658902188E-9", "1.781929453677753E-10", "9.59580213569136E-9", "-4.950300863549941E-10"], ["3.461095509726585E-13", "-3.961233784735841E-13", "-4.581455109618196E-10", "3.217352739676882E-12", "-4.950300863549941E-10", "1.544015512205958E-10"]]}, "elements": [{"label": "e", "units": null, "title": "eccentricity", "value": ".1335486512227407", "sigma": "1.2265E-7", "name": "e"}, {"label": "a", "value": "1.123264187551604", "title": "semi-major axis", "units": "au", "name": "a", "sigma": "2.3647E-8"}, {"label": "q", "name": "q", "sigma": "1.3011E-7", "value": ".97325377033728", "title": "perihelion distance", "units": "au"}, {"label": "i", "title": "inclination; angle with respect to x-y ecliptic plane", "value": "5.231770667270441", "units": "deg", "sigma": "1.172E-5", "name": "i"}, {"label": "node", "name": "om", "sigma": "5.8615E-6", "value": "264.2976640377759", "title": "longitude of the ascending node", "units": "deg"}, {"label": "peri", "sigma": ".00010382", "name": "w", "units": "deg", "title": "argument of perihelion", "value": "144.8915918549927"}, {"units": "deg", "value": "172.1215140952891", "title": "mean anomaly", "name": "ma", "sigma": "7.2827E-5", "label": "M"}, {"label": "tp", "sigma": "9.0772E-5", "name": "tp", "title": "time of perihelion passage", "value": "2460992.600256768208", "units": "TDB"}, {"label": "period", "name": "per", "sigma": "1.3731E-5", "title": "sidereal orbital period", "value": "434.8317986675991", "units": "d"}, {"label": "n", "value": ".8279063332145974", "title": "mean motion", "units": "deg/d", "name": "n", "sigma": "2.6144E-8"}, {"label": "Q", "name": "ad", "sigma": "2.6805E-8", "units": "au", "title": "aphelion distance", "value": "1.273274604765929"}], "epoch": "2461200.5"}