{"spkid": "50943383", "covariance": {"elements": [{"label": "e", "value": ".1145338647379914", "title": "eccentricity", "units": null, "name": "e", "sigma": 3.53401414903181e-07}, {"units": "au", "value": ".9000471377722258", "title": "perihelion distance", "sigma": 3.31421369913402e-07, "name": "q", "label": "q"}, {"title": "time of perihelion passage", "value": "2458763.698362358833", "units": "TDB", "sigma": 1.23181190687811e-05, "name": "tp", "label": "tp"}, {"label": "node", "sigma": 4.68273207397374e-06, "name": "om", "units": "deg", "value": "88.21834070485883", "title": "longitude of the ascending node"}, {"label": "peri", "name": "w", "sigma": 4.61775979662538e-05, "title": "argument of perihelion", "value": "274.3073939891514", "units": "deg"}, {"name": "i", "sigma": 2.24780832403664e-05, "title": "inclination", "value": "8.658271916846518", "units": "deg", "label": "i"}], "data": [["1.248925600555706E-13", "-1.171063650123258E-13", "-2.275330351654615E-12", "-1.27345661044476E-13", "-1.589392667890279E-11", "7.772486676212743E-12"], ["-1.171063650123258E-13", "1.098401244352759E-13", "2.166584826396533E-12", "1.196477388563051E-13", "1.494351600677836E-11", "-7.299727442515375E-12"], ["-2.275330351654615E-12", "2.166584826396533E-12", "1.517360573926679E-10", "2.841171410608142E-11", "3.899910869265326E-10", "-1.696019186518059E-10"], ["-1.27345661044476E-13", "1.196477388563051E-13", "2.841171410608142E-11", "2.192797967662238E-11", "2.350166226742357E-11", "-9.337356965133842E-12"], ["-1.589392667890279E-11", "1.494351600677836E-11", "3.899910869265326E-10", "2.350166226742357E-11", "2.132370553932968E-9", "-1.020483217955361E-9"], ["7.772486676212743E-12", "-7.299727442515375E-12", "-1.696019186518059E-10", "-9.337356965133842E-12", "-1.020483217955361E-9", "5.052642261608392E-10"]], "labels": ["e", "q", "tp", "node", "peri", "i"], "epoch": "2458893.5"}, "elements": [{"label": "e", "value": ".114459034488535", "title": "eccentricity", "units": null, "sigma": "3.5333E-7", "name": "e"}, {"label": "a", "name": "a", "sigma": "2.8355E-8", "value": "1.016968889642378", "title": "semi-major axis", "units": "au"}, {"label": "q", "name": "q", "sigma": "3.349E-7", "title": "perihelion distance", "value": ".9005676124290339", "units": "au"}, {"title": "inclination; angle with respect to x-y ecliptic plane", "value": "8.657063195801438", "units": "deg", "name": "i", "sigma": "2.2485E-5", "label": "i"}, {"name": "om", "sigma": "4.6726E-6", "value": "88.17804135333583", "title": "longitude of the ascending node", "units": "deg", "label": "node"}, {"sigma": "4.6551E-5", "name": "w", "title": "argument of perihelion", "value": "274.4915540811297", "units": "deg", "label": "peri"}, {"units": "deg", "title": "mean anomaly", "value": "182.0981905260248", "sigma": "9.7615E-5", "name": "ma", "label": "M"}, {"title": "time of perihelion passage", "value": "2461385.613372356247", "units": "TDB", "sigma": ".00010927", "name": "tp", "label": "tp"}, {"label": "period", "name": "per", "sigma": "1.5666E-5", "units": "d", "title": "sidereal orbital period", "value": "374.5932334544231"}, {"name": "n", "sigma": "4.0193E-8", "units": "deg/d", "title": "mean motion", "value": ".961042453116819", "label": "n"}, {"units": "au", "value": "1.133370166855722", "title": "aphelion distance", "name": "ad", "sigma": "3.16E-8", "label": "Q"}], "epoch": "2461200.5"}