{"spkid": "50971162", "covariance": {"epoch": "2458873.5", "elements": [{"name": "e", "sigma": 8.16413736219223e-07, "units": null, "value": ".2347877952618008", "title": "eccentricity", "label": "e"}, {"units": "au", "value": ".8136326696528011", "title": "perihelion distance", "sigma": 6.84913989089469e-07, "name": "q", "label": "q"}, {"label": "tp", "value": "2458960.327031727699", "title": "time of perihelion passage", "units": "TDB", "name": "tp", "sigma": 7.5771422443698e-05}, {"label": "node", "sigma": 2.9376910468459e-05, "name": "om", "units": "deg", "value": "123.4983532979876", "title": "longitude of the ascending node"}, {"sigma": 5.35909695034213e-05, "name": "w", "title": "argument of perihelion", "value": "97.36183634107299", "units": "deg", "label": "peri"}, {"label": "i", "units": "deg", "value": "20.82412727095731", "title": "inclination", "name": "i", "sigma": 5.57900627336518e-05}], "data": [["6.665313886874318E-13", "-5.588234936537574E-13", "-4.252917878506115E-11", "-1.379179495826408E-11", "1.587185672981727E-11", "3.809072079286649E-11"], ["-5.588234936537574E-13", "4.691071724504492E-13", "3.475335783130469E-11", "1.167115859974696E-11", "-1.406337716963096E-11", "-3.222789657910373E-11"], ["-4.252917878506115E-11", "3.475335783130469E-11", "5.741308459141339E-9", "4.76438894740968E-10", "1.4720328366149E-9", "-1.389972207630915E-9"], ["-1.379179495826408E-11", "1.167115859974696E-11", "4.76438894740968E-10", "8.630028686718582E-10", "-1.132661185549601E-9", "-1.365037783142264E-9"], ["1.587185672981727E-11", "-1.406337716963096E-11", "1.4720328366149E-9", "-1.132661185549601E-9", "2.871992012316629E-9", "2.142488561584452E-9"], ["3.809072079286649E-11", "-3.222789657910373E-11", "-1.389972207630915E-9", "-1.365037783142264E-9", "2.142488561584452E-9", "3.112531099824805E-9"]], "labels": ["e", "q", "tp", "node", "peri", "i"]}, "elements": [{"sigma": "8.1601E-7", "name": "e", "value": ".2351126663638181", "title": "eccentricity", "units": null, "label": "e"}, {"units": "au", "title": "semi-major axis", "value": "1.063783373940487", "sigma": "2.3818E-7", "name": "a", "label": "a"}, {"label": "q", "units": "au", "value": ".8136744284598403", "title": "perihelion distance", "sigma": "6.8828E-7", "name": "q"}, {"label": "i", "units": "deg", "title": "inclination; angle with respect to x-y ecliptic plane", "value": "20.81211215402181", "sigma": "5.5885E-5", "name": "i"}, {"units": "deg", "value": "123.4562684979975", "title": "longitude of the ascending node", "sigma": "2.918E-5", "name": "om", "label": "node"}, {"units": "deg", "value": "97.44514653564495", "title": "argument of perihelion", "name": "w", "sigma": "5.2295E-5", "label": "peri"}, {"sigma": ".00062452", "name": "ma", "value": "212.5318090361795", "title": "mean anomaly", "units": "deg", "label": "M"}, {"label": "tp", "title": "time of perihelion passage", "value": "2461364.662545001511", "units": "TDB", "sigma": ".00075021", "name": "tp"}, {"sigma": ".00013459", "name": "per", "units": "d", "value": "400.7543309122383", "title": "sidereal orbital period", "label": "period"}, {"label": "n", "units": "deg/d", "value": ".8983059501329177", "title": "mean motion", "name": "n", "sigma": "3.017E-7"}, {"label": "Q", "name": "ad", "sigma": "2.9418E-7", "units": "au", "value": "1.313892319421133", "title": "aphelion distance"}], "epoch": "2461200.5"}