{"spkid": "50986766", "covariance": {"elements": [{"label": "e", "units": null, "value": ".5037067095267397", "title": "eccentricity", "sigma": 9.59983370533899e-08, "name": "e"}, {"units": "au", "title": "perihelion distance", "value": ".8513520418261949", "name": "q", "sigma": 1.64923519963936e-07, "label": "q"}, {"units": "TDB", "value": "2458132.758173160273", "title": "time of perihelion passage", "sigma": 4.07124098884841e-05, "name": "tp", "label": "tp"}, {"label": "node", "sigma": 2.30848750494851e-05, "name": "om", "value": "103.5468830996631", "title": "longitude of the ascending node", "units": "deg"}, {"label": "peri", "sigma": 4.06426682940613e-05, "name": "w", "title": "argument of perihelion", "value": "111.5978160902879", "units": "deg"}, {"label": "i", "sigma": 2.32596258421337e-05, "name": "i", "value": "30.09188623114994", "title": "inclination", "units": "deg"}], "data": [["9.21568071701626E-15", "-1.583001676621649E-14", "-1.259746029212785E-12", "9.805316131163031E-13", "-4.107543719500544E-13", "5.854464029152467E-13"], ["-1.583001676621649E-14", "2.719976743729469E-14", "2.128143701983317E-12", "-1.665824508549727E-12", "6.630456961938959E-13", "-1.002551449321759E-12"], ["-1.259746029212785E-12", "2.128143701983317E-12", "1.657500318927939E-9", "-5.894000279990407E-10", "1.496562042967219E-9", "1.907852297523954E-11"], ["9.805316131163031E-13", "-1.665824508549727E-12", "-5.894000279990407E-10", "5.3291145605034E-10", "-7.321222673014269E-10", "3.047500625935762E-10"], ["-4.107543719500544E-13", "6.630456961938959E-13", "1.496562042967219E-9", "-7.321222673014269E-10", "1.651826486061099E-9", "-1.585620727370348E-10"], ["5.854464029152467E-13", "-1.002551449321759E-12", "1.907852297523954E-11", "3.047500625935762E-10", "-1.585620727370348E-10", "5.41010194316053E-10"]], "labels": ["e", "q", "tp", "node", "peri", "i"], "epoch": "2458434.5"}, "elements": [{"name": "e", "sigma": "9.6089E-8", "units": null, "value": ".5034528294724447", "title": "eccentricity", "label": "e"}, {"sigma": "5.8212E-9", "name": "a", "units": "au", "value": "1.715223468389339", "title": "semi-major axis", "label": "a"}, {"units": "au", "value": ".851689360051186", "title": "perihelion distance", "name": "q", "sigma": "1.6499E-7", "label": "q"}, {"label": "i", "name": "i", "sigma": "2.3257E-5", "value": "30.10941828621947", "title": "inclination; angle with respect to x-y ecliptic plane", "units": "deg"}, {"title": "longitude of the ascending node", "value": "103.4382854107741", "units": "deg", "sigma": "2.3095E-5", "name": "om", "label": "node"}, {"label": "peri", "sigma": "4.0679E-5", "name": "w", "title": "argument of perihelion", "value": "111.6914541314191", "units": "deg"}, {"label": "M", "name": "ma", "sigma": "1.7013E-5", "value": "265.8288056238804", "title": "mean anomaly", "units": "deg"}, {"sigma": "3.8849E-5", "name": "tp", "units": "TDB", "title": "time of perihelion passage", "value": "2461415.132295357329", "label": "tp"}, {"name": "per", "sigma": "4.177E-6", "units": "d", "value": "820.5017132949546", "title": "sidereal orbital period", "label": "period"}, {"name": "n", "sigma": "2.2336E-9", "title": "mean motion", "value": ".4387559394048297", "units": "deg/d", "label": "n"}, {"sigma": "8.7518E-9", "name": "ad", "value": "2.578757576727492", "title": "aphelion distance", "units": "au", "label": "Q"}], "epoch": "2461200.5"}