{"spkid": "50989363", "covariance": {"elements": [{"label": "e", "sigma": 2.54549201844397e-08, "name": "e", "units": null, "value": ".520897642430207", "title": "eccentricity"}, {"value": "1.006587464164595", "title": "perihelion distance", "units": "au", "name": "q", "sigma": 5.30425234050499e-08, "label": "q"}, {"units": "TDB", "title": "time of perihelion passage", "value": "2460030.922102249135", "sigma": 1.3326241402475e-05, "name": "tp", "label": "tp"}, {"sigma": 2.0945208665562e-05, "name": "om", "title": "longitude of the ascending node", "value": "197.8690235704701", "units": "deg", "label": "node"}, {"sigma": 2.35211566493321e-05, "name": "w", "units": "deg", "title": "argument of perihelion", "value": "342.5832512567944", "label": "peri"}, {"title": "inclination", "value": "2.773167212113932", "units": "deg", "name": "i", "sigma": 2.93500967850481e-06, "label": "i"}], "data": [["6.47952961596198E-16", "-1.348487094965561E-15", "-2.770999244925911E-13", "-4.894319265868219E-14", "-3.047073592244666E-13", "-1.68001971135133E-14"], ["-1.348487094965561E-15", "2.813509289175267E-15", "5.831850906739948E-13", "1.089415109338754E-13", "6.34180072312253E-13", "3.580113214649796E-14"], ["-2.770999244925911E-13", "5.831850906739948E-13", "1.775887099170379E-10", "6.44158679920167E-11", "1.539628855766998E-10", "7.117881460682374E-12"], ["-4.894319265868219E-14", "1.089415109338754E-13", "6.44158679920167E-11", "4.387017660439342E-10", "-3.60840275848787E-10", "3.194749504212674E-11"], ["-3.047073592244666E-13", "6.34180072312253E-13", "1.539628855766998E-10", "-3.60840275848787E-10", "5.532448101224193E-10", "-2.278042171756229E-11"], ["-1.68001971135133E-14", "3.580113214649796E-14", "7.117881460682374E-12", "3.194749504212674E-11", "-2.278042171756229E-11", "8.614281812916919E-12"]], "labels": ["e", "q", "tp", "node", "peri", "i"], "epoch": "2459781.5"}, "elements": [{"label": "e", "units": null, "value": ".5217044849892539", "title": "eccentricity", "name": "e", "sigma": "2.6131E-8"}, {"label": "a", "name": "a", "sigma": "6.1216E-9", "title": "semi-major axis", "value": "2.105312925232291", "units": "au"}, {"sigma": "5.4213E-8", "name": "q", "value": "1.006961729832759", "title": "perihelion distance", "units": "au", "label": "q"}, {"value": "2.770206757331638", "title": "inclination; angle with respect to x-y ecliptic plane", "units": "deg", "name": "i", "sigma": "2.9358E-6", "label": "i"}, {"label": "node", "value": "197.817943718511", "title": "longitude of the ascending node", "units": "deg", "name": "om", "sigma": "2.0975E-5"}, {"sigma": "2.3532E-5", "name": "w", "title": "argument of perihelion", "value": "342.6399633755311", "units": "deg", "label": "peri"}, {"label": "M", "sigma": "4.6144E-6", "name": "ma", "value": "17.63743143406047", "title": "mean anomaly", "units": "deg"}, {"value": "2461145.835390547283", "title": "time of perihelion passage", "units": "TDB", "name": "tp", "sigma": "1.4206E-5", "label": "tp"}, {"label": "period", "sigma": "4.8664E-6", "name": "per", "units": "d", "title": "sidereal orbital period", "value": "1115.766741690894"}, {"sigma": "1.4072E-9", "name": "n", "units": "deg/d", "value": ".3226480827475072", "title": "mean motion", "label": "n"}, {"label": "Q", "units": "au", "value": "3.203664120631823", "title": "aphelion distance", "name": "ad", "sigma": "9.3152E-9"}], "epoch": "2461200.5"}