{"spkid": "50991621", "covariance": {"data": [["7.758806871019874E-17", "-1.212202057516E-16", "-2.311123193165775E-14", "1.312124354109672E-15", "-2.914442609996374E-14", "-6.799808512391765E-15"], ["-1.212202057516E-16", "1.897206229360009E-16", "3.742256388745027E-14", "-1.918509810797129E-15", "4.673318030235396E-14", "1.069344951790364E-14"], ["-2.311123193165775E-14", "3.742256388745027E-14", "8.374729795229002E-11", "-5.185799941157739E-11", "1.470128677639815E-10", "6.32713083745895E-12"], ["1.312124354109672E-15", "-1.918509810797129E-15", "-5.185799941157739E-11", "1.030880750497429E-9", "-1.090398766583018E-9", "-4.447304439495744E-11"], ["-2.914442609996374E-14", "4.673318030235396E-14", "1.470128677639815E-10", "-1.090398766583018E-9", "1.258273773708467E-9", "5.178421885336862E-11"], ["-6.799808512391765E-15", "1.069344951790364E-14", "6.32713083745895E-12", "-4.447304439495744E-11", "5.178421885336862E-11", "3.990739176427698E-12"]], "elements": [{"units": null, "title": "eccentricity", "value": ".3716679618274605", "sigma": 8.80840897723299e-09, "name": "e", "label": "e"}, {"sigma": 1.37739109528122e-08, "name": "q", "units": "au", "title": "perihelion distance", "value": ".9993994895023304", "label": "q"}, {"units": "TDB", "title": "time of perihelion passage", "value": "2459638.445818167293", "name": "tp", "sigma": 9.15135497903398e-06, "label": "tp"}, {"value": "173.8402542367534", "title": "longitude of the ascending node", "units": "deg", "name": "om", "sigma": 3.21073317249726e-05, "label": "node"}, {"sigma": 3.54721549064681e-05, "name": "w", "title": "argument of perihelion", "value": "343.8061248154445", "units": "deg", "label": "peri"}, {"label": "i", "name": "i", "sigma": 1.99768345250886e-06, "units": "deg", "title": "inclination", "value": ".9166384289848566"}], "labels": ["e", "q", "tp", "node", "peri", "i"], "epoch": "2459395.5"}, "elements": [{"label": "e", "units": null, "value": ".373687902437829", "title": "eccentricity", "name": "e", "sigma": "9.718E-9"}, {"label": "a", "name": "a", "sigma": "3.6903E-9", "value": "1.597857595613912", "title": "semi-major axis", "units": "au"}, {"label": "q", "name": "q", "sigma": "1.3387E-8", "units": "au", "title": "perihelion distance", "value": "1.000757542314596"}, {"title": "inclination; angle with respect to x-y ecliptic plane", "value": ".9443339071859428", "units": "deg", "sigma": "1.9499E-6", "name": "i", "label": "i"}, {"label": "node", "sigma": "3.0351E-5", "name": "om", "value": "173.370289651375", "title": "longitude of the ascending node", "units": "deg"}, {"name": "w", "sigma": "3.4083E-5", "units": "deg", "title": "argument of perihelion", "value": "344.9238679769411", "label": "peri"}, {"name": "ma", "sigma": "4.0454E-6", "units": "deg", "title": "mean anomaly", "value": "43.24372175768232", "label": "M"}, {"title": "time of perihelion passage", "value": "2461111.881152508964", "units": "TDB", "name": "tp", "sigma": "8.1511E-6", "label": "tp"}, {"label": "period", "units": "d", "title": "sidereal orbital period", "value": "737.7437417514878", "sigma": "2.5558E-6", "name": "per"}, {"value": ".4879743190302352", "title": "mean motion", "units": "deg/d", "name": "n", "sigma": "1.6905E-9", "label": "n"}, {"label": "Q", "title": "aphelion distance", "value": "2.194957648913228", "units": "au", "name": "ad", "sigma": "5.0693E-9"}], "epoch": "2461200.5"}