{"spkid": "54000956", "covariance": {"elements": [{"label": "e", "sigma": 4.57309350191355e-07, "name": "e", "units": null, "value": ".8353443631083921", "title": "eccentricity"}, {"label": "q", "title": "perihelion distance", "value": ".3309410553101842", "units": "au", "sigma": 9.72684594668569e-07, "name": "q"}, {"label": "tp", "sigma": 0.000241095030720125, "name": "tp", "units": "TDB", "value": "2459897.666645547564", "title": "time of perihelion passage"}, {"label": "node", "units": "deg", "value": "16.82969487893521", "title": "longitude of the ascending node", "sigma": 0.000151949431323135, "name": "om"}, {"name": "w", "sigma": 0.000157266542910021, "units": "deg", "title": "argument of perihelion", "value": "20.02605691240466", "label": "peri"}, {"label": "i", "name": "i", "sigma": 2.18336326294767e-05, "units": "deg", "title": "inclination", "value": "3.623833030235629"}], "data": [["2.091318417724396E-13", "-4.447962127326899E-13", "-1.07908511893399E-10", "-1.973740981223458E-11", "-2.844841279329507E-11", "5.981090258379912E-12"], ["-4.447962127326899E-13", "9.461153207055577E-13", "2.299604198210329E-10", "4.20072035342279E-11", "6.050617199454808E-11", "-1.273196967036873E-11"], ["-1.07908511893399E-10", "2.299604198210329E-10", "5.81268138379378E-8", "1.097974062310664E-8", "1.407606878855524E-8", "-3.315574840249914E-9"], ["-1.973740981223458E-11", "4.20072035342279E-11", "1.097974062310664E-8", "2.308862967942412E-8", "-1.834487577017152E-8", "-2.743084304991256E-9"], ["-2.844841279329507E-11", "6.050617199454808E-11", "1.407606878855524E-8", "-1.834487577017152E-8", "2.473276551886948E-8", "1.318249229337547E-9"], ["5.981090258379912E-12", "-1.273196967036873E-11", "-3.315574840249914E-9", "-2.743084304991256E-9", "1.318249229337547E-9", "4.767075137989496E-10"]], "labels": ["e", "q", "tp", "node", "peri", "i"], "epoch": "2459695.5"}, "elements": [{"label": "e", "value": ".8352330317275178", "title": "eccentricity", "units": null, "name": "e", "sigma": "4.5733E-7"}, {"name": "a", "sigma": "3.1872E-7", "title": "semi-major axis", "value": "2.010163835826417", "units": "au", "label": "a"}, {"label": "q", "value": ".3312086009601024", "title": "perihelion distance", "units": "au", "sigma": "9.7104E-7", "name": "q"}, {"sigma": "2.1804E-5", "name": "i", "units": "deg", "value": "3.619314643610262", "title": "inclination; angle with respect to x-y ecliptic plane", "label": "i"}, {"label": "node", "sigma": ".00015213", "name": "om", "value": "16.79706589427421", "title": "longitude of the ascending node", "units": "deg"}, {"title": "argument of perihelion", "value": "20.07367968126043", "units": "deg", "sigma": ".00015746", "name": "w", "label": "peri"}, {"sigma": ".0001938", "name": "ma", "units": "deg", "value": "90.42930580018756", "title": "mean anomaly", "label": "M"}, {"units": "TDB", "value": "2460939.011673145765", "title": "time of perihelion passage", "name": "tp", "sigma": ".00049824", "label": "tp"}, {"units": "d", "value": "1040.987728862222", "title": "sidereal orbital period", "name": "per", "sigma": ".00024758", "label": "period"}, {"units": "deg/d", "title": "mean motion", "value": ".3458254021817075", "sigma": "8.2247E-8", "name": "n", "label": "n"}, {"label": "Q", "value": "3.689119070692732", "title": "aphelion distance", "units": "au", "name": "ad", "sigma": "5.8492E-7"}], "epoch": "2461200.5"}