{"spkid": "54005703", "covariance": {"labels": ["e", "q", "tp", "node", "peri", "i"], "data": [["3.014081643788101E-16", "-4.265739077488773E-16", "4.194931485344665E-14", "1.778141599440957E-12", "-1.698756760744541E-12", "-6.150459505429091E-14"], ["-4.265739077488773E-16", "6.040859194472308E-16", "-5.867252605576284E-14", "-2.496814860904289E-12", "2.385345831343834E-12", "8.659084442246012E-14"], ["4.194931485344665E-14", "-5.867252605576284E-14", "2.256518580880872E-11", "5.137112352789321E-10", "-4.849374478141372E-10", "-1.425564311472322E-11"], ["1.778141599440957E-12", "-2.496814860904289E-12", "5.137112352789321E-10", "1.731873190171686E-8", "-1.656411377688928E-8", "-4.959601628559272E-10"], ["-1.698756760744541E-12", "2.385345831343834E-12", "-4.849374478141372E-10", "-1.656411377688928E-8", "1.584939380495131E-8", "4.736649628409821E-10"], ["-6.150459505429091E-14", "8.659084442246012E-14", "-1.425564311472322E-11", "-4.959601628559272E-10", "4.736649628409821E-10", "1.60641089311756E-11"]], "elements": [{"label": "e", "sigma": 1.73611106896653e-08, "name": "e", "units": null, "title": "eccentricity", "value": ".4311408086204653"}, {"name": "q", "sigma": 2.45781593990931e-08, "value": ".9196245986630227", "title": "perihelion distance", "units": "au", "label": "q"}, {"label": "tp", "name": "tp", "sigma": 4.75028270830366e-06, "units": "TDB", "value": "2458944.827710065480", "title": "time of perihelion passage"}, {"label": "node", "units": "deg", "title": "longitude of the ascending node", "value": "184.9052899376608", "sigma": 0.000131600653120404, "name": "om"}, {"label": "peri", "sigma": 0.000125894375589028, "name": "w", "units": "deg", "title": "argument of perihelion", "value": "19.85189559839074"}, {"label": "i", "title": "inclination", "value": ".8689403046793287", "units": "deg", "sigma": 4.00800560518266e-06, "name": "i"}], "epoch": "2459138.5"}, "elements": [{"units": null, "title": "eccentricity", "value": ".4315826649672594", "sigma": "1.8552E-8", "name": "e", "label": "e"}, {"value": "1.618470183782188", "title": "semi-major axis", "units": "au", "name": "a", "sigma": "1.2288E-8", "label": "a"}, {"label": "q", "name": "q", "sigma": "2.4127E-8", "value": ".9199665086954215", "title": "perihelion distance", "units": "au"}, {"name": "i", "sigma": "4.2538E-6", "units": "deg", "title": "inclination; angle with respect to x-y ecliptic plane", "value": ".8449408937748707", "label": "i"}, {"units": "deg", "title": "longitude of the ascending node", "value": "180.461612632513", "name": "om", "sigma": "9.2115E-5", "label": "node"}, {"units": "deg", "title": "argument of perihelion", "value": "24.37401954312657", "name": "w", "sigma": "8.6404E-5", "label": "peri"}, {"label": "M", "name": "ma", "sigma": "1.1782E-5", "units": "deg", "value": ".3474076189472839", "title": "mean anomaly"}, {"label": "tp", "name": "tp", "sigma": "2.4606E-5", "title": "time of perihelion passage", "value": "2461199.774241185190", "units": "TDB"}, {"value": "752.0651795816995", "title": "sidereal orbital period", "units": "d", "sigma": "8.5651E-6", "name": "per", "label": "period"}, {"label": "n", "title": "mean motion", "value": ".478681914512028", "units": "deg/d", "name": "n", "sigma": "5.4516E-9"}, {"name": "ad", "sigma": "1.7592E-8", "units": "au", "title": "aphelion distance", "value": "2.316973858868955", "label": "Q"}], "epoch": "2461200.5"}