{"spkid": "54017545", "covariance": {"epoch": "2460339.5", "labels": ["e", "q", "tp", "node", "peri", "i"], "data": [["6.323589537834234E-16", "-1.120611563748562E-15", "3.451731038298194E-13", "-6.248494189163325E-16", "2.074142345357611E-13", "-1.799432514218651E-15"], ["-1.120611563748562E-15", "4.076520772486474E-15", "4.149054076419586E-12", "2.600287609536094E-13", "1.755083874794303E-12", "4.973013955146614E-13"], ["3.451731038298194E-13", "4.149054076419586E-12", "1.111045389245477E-8", "5.948033976703328E-10", "5.011899797461192E-9", "1.120553553904796E-9"], ["-6.248494189163325E-16", "2.600287609536094E-13", "5.948033976703328E-10", "1.093402268690483E-10", "1.907547120037692E-10", "7.913421110665086E-11"], ["2.074142345357611E-13", "1.755083874794303E-12", "5.011899797461192E-9", "1.907547120037692E-10", "2.361688858929315E-9", "4.830374259895778E-10"], ["-1.799432514218651E-15", "4.973013955146614E-13", "1.120553553904796E-9", "7.913421110665086E-11", "4.830374259895778E-10", "1.49442076117641E-10"]], "elements": [{"sigma": 2.51467483739633e-08, "name": "e", "units": null, "title": "eccentricity", "value": ".4461126985994964", "label": "e"}, {"label": "q", "title": "perihelion distance", "value": "1.03962203679151", "units": "au", "name": "q", "sigma": 6.38476371723063e-08}, {"label": "tp", "name": "tp", "sigma": 0.000105406137831033, "title": "time of perihelion passage", "value": "2459967.794917515343", "units": "TDB"}, {"name": "om", "sigma": 1.04565877258811e-05, "title": "longitude of the ascending node", "value": "273.0287437513696", "units": "deg", "label": "node"}, {"label": "peri", "sigma": 4.85972104027517e-05, "name": "w", "units": "deg", "value": "7.792949452879363", "title": "argument of perihelion"}, {"label": "i", "units": "deg", "value": "14.16769162735161", "title": "inclination", "sigma": 1.22246503474595e-05, "name": "i"}]}, "elements": [{"label": "e", "sigma": "2.5034E-8", "name": "e", "title": "eccentricity", "value": ".4465444031646511", "units": null}, {"name": "a", "sigma": "8.3314E-8", "units": "au", "title": "semi-major axis", "value": "1.876504262494269", "label": "a"}, {"label": "q", "title": "perihelion distance", "value": "1.038561786562842", "units": "au", "sigma": "6.4638E-8", "name": "q"}, {"title": "inclination; angle with respect to x-y ecliptic plane", "value": "14.17231768688227", "units": "deg", "name": "i", "sigma": "1.2221E-5", "label": "i"}, {"label": "node", "units": "deg", "title": "longitude of the ascending node", "value": "273.0304360630271", "sigma": "1.0459E-5", "name": "om"}, {"label": "peri", "value": "7.780512465553489", "title": "argument of perihelion", "units": "deg", "name": "w", "sigma": "4.8521E-5"}, {"title": "mean anomaly", "value": "112.626640671688", "units": "deg", "sigma": "7.1566E-5", "name": "ma", "label": "M"}, {"label": "tp", "name": "tp", "sigma": ".00016713", "value": "2460906.761150487169", "title": "time of perihelion passage", "units": "TDB"}, {"value": "938.9073952127708", "title": "sidereal orbital period", "units": "d", "sigma": "6.2529E-5", "name": "per", "label": "period"}, {"units": "deg/d", "title": "mean motion", "value": ".3834243950314381", "sigma": "2.5535E-8", "name": "n", "label": "n"}, {"title": "aphelion distance", "value": "2.714446738425696", "units": "au", "name": "ad", "sigma": "1.2052E-7", "label": "Q"}], "epoch": "2461200.5"}