{"spkid": "54017474", "covariance": {"labels": ["e", "q", "tp", "node", "peri", "i"], "elements": [{"label": "e", "units": null, "value": ".610634526693557", "title": "eccentricity", "sigma": 6.58006493980088e-08, "name": "e"}, {"label": "q", "name": "q", "sigma": 9.12038249377889e-08, "units": "au", "title": "perihelion distance", "value": ".6536696097292657"}, {"label": "tp", "units": "TDB", "value": "2459078.386850002903", "title": "time of perihelion passage", "sigma": 1.57789984603256e-06, "name": "tp"}, {"value": "102.3775473893992", "title": "longitude of the ascending node", "units": "deg", "name": "om", "sigma": 1.66604570258365e-05, "label": "node"}, {"units": "deg", "value": "258.4900245551605", "title": "argument of perihelion", "sigma": 1.71901352867618e-05, "name": "w", "label": "peri"}, {"label": "i", "sigma": 1.23762635541017e-05, "name": "i", "units": "deg", "value": "9.180054425367475", "title": "inclination"}], "data": [["4.329725461199677E-15", "-5.987956038066164E-15", "8.209469702411639E-14", "2.293070893626119E-13", "4.731437322602219E-13", "-7.96690800564373E-14"], ["-5.987956038066164E-15", "8.318137683282839E-15", "-1.155229157790239E-13", "-3.129640618710035E-13", "-6.636334007815622E-13", "1.061091406204269E-13"], ["8.209469702411639E-14", "-1.155229157790239E-13", "2.489767924109585E-12", "9.312175574077155E-12", "4.417404277735972E-12", "-3.406386865102222E-12"], ["2.293070893626119E-13", "-3.129640618710035E-13", "9.312175574077155E-12", "2.775708283097449E-10", "-2.287530658402202E-10", "-1.831118054152501E-10"], ["4.731437322602219E-13", "-6.636334007815622E-13", "4.417404277735972E-12", "-2.287530658402202E-10", "2.955007511771728E-10", "1.623057928196817E-10"], ["-7.96690800564373E-14", "1.061091406204269E-13", "-3.406386865102222E-12", "-1.831118054152501E-10", "1.623057928196817E-10", "1.531718995605865E-10"]], "epoch": "2459283.5"}, "elements": [{"label": "e", "name": "e", "sigma": "6.5536E-8", "units": null, "title": "eccentricity", "value": ".6106784667400404"}, {"name": "a", "sigma": "5.0703E-8", "value": "1.678386673327849", "title": "semi-major axis", "units": "au", "label": "a"}, {"name": "q", "sigma": "9.1319E-8", "units": "au", "title": "perihelion distance", "value": ".653432073063081", "label": "q"}, {"name": "i", "sigma": "1.2376E-5", "title": "inclination; angle with respect to x-y ecliptic plane", "value": "9.18055471459458", "units": "deg", "label": "i"}, {"sigma": "1.6667E-5", "name": "om", "units": "deg", "value": "102.3322708172226", "title": "longitude of the ascending node", "label": "node"}, {"label": "peri", "name": "w", "sigma": "1.7193E-5", "units": "deg", "value": "258.5316369324934", "title": "argument of perihelion"}, {"label": "M", "name": "ma", "sigma": "4.5001E-5", "title": "mean anomaly", "value": "241.7409166687349", "units": "deg"}, {"label": "tp", "name": "tp", "sigma": ".0001111", "title": "time of perihelion passage", "value": "2461461.396629271542", "units": "TDB"}, {"sigma": "3.5989E-5", "name": "per", "title": "sidereal orbital period", "value": "794.2120291484121", "units": "d", "label": "period"}, {"label": "n", "name": "n", "sigma": "2.054E-8", "units": "deg/d", "title": "mean motion", "value": ".4532794603803814"}, {"value": "2.703341273592617", "title": "aphelion distance", "units": "au", "name": "ad", "sigma": "8.1666E-8", "label": "Q"}], "epoch": "2461200.5"}