{"spkid": "54017684", "covariance": {"data": [["2.665623152810838E-15", "-2.869522911532658E-15", "1.545797161852939E-13", "3.266073575001511E-14", "2.122377758417728E-13", "-9.256977545394748E-14"], ["-2.869522911532658E-15", "3.091148121793609E-15", "-1.62319565326869E-13", "-3.650723270911677E-14", "-2.246921811275798E-13", "9.880861987337217E-14"], ["1.545797161852939E-13", "-1.62319565326869E-13", "4.188548766460856E-11", "-4.144384189347925E-12", "4.867924229469055E-11", "2.783324031750576E-12"], ["3.266073575001511E-14", "-3.650723270911677E-14", "-4.144384189347925E-12", "2.351934619258594E-11", "-2.60018476519977E-11", "-4.638503964484077E-12"], ["2.122377758417728E-13", "-2.246921811275798E-13", "4.867924229469055E-11", "-2.60018476519977E-11", "8.051812139044386E-11", "5.882832930490934E-12"], ["-9.256977545394748E-14", "9.880861987337217E-14", "2.783324031750576E-12", "-4.638503964484077E-12", "5.882832930490934E-12", "3.220425719561766E-11"]], "elements": [{"label": "e", "name": "e", "sigma": 5.1629673181329e-08, "units": null, "title": "eccentricity", "value": ".2580156582076392"}, {"value": ".8675551870071073", "title": "perihelion distance", "units": "au", "sigma": 5.55980945877969e-08, "name": "q", "label": "q"}, {"label": "tp", "name": "tp", "sigma": 6.47189984970476e-06, "units": "TDB", "title": "time of perihelion passage", "value": "2459584.363325163581"}, {"label": "node", "title": "longitude of the ascending node", "value": "300.9855457740685", "units": "deg", "name": "om", "sigma": 4.84967485431611e-06}, {"label": "peri", "sigma": 8.97318903124435e-06, "name": "w", "title": "argument of perihelion", "value": "82.24574584605631", "units": "deg"}, {"name": "i", "sigma": 5.67487948732109e-06, "units": "deg", "title": "inclination", "value": "8.215953414730556", "label": "i"}], "labels": ["e", "q", "tp", "node", "peri", "i"], "epoch": "2459781.5"}, "elements": [{"units": null, "value": ".2579212487941415", "title": "eccentricity", "name": "e", "sigma": "5.1544E-8", "label": "e"}, {"label": "a", "name": "a", "sigma": "6.4743E-9", "units": "au", "title": "semi-major axis", "value": "1.169088781512739"}, {"units": "au", "title": "perihelion distance", "value": ".8675559430337523", "sigma": "5.5673E-8", "name": "q", "label": "q"}, {"label": "i", "sigma": "5.6738E-6", "name": "i", "units": "deg", "title": "inclination; angle with respect to x-y ecliptic plane", "value": "8.218332282770199"}, {"units": "deg", "value": "300.9350076060885", "title": "longitude of the ascending node", "sigma": "4.8464E-6", "name": "om", "label": "node"}, {"name": "w", "sigma": "8.9813E-6", "title": "argument of perihelion", "value": "82.22702582924933", "units": "deg", "label": "peri"}, {"label": "M", "value": "179.9804518798021", "title": "mean anomaly", "units": "deg", "name": "ma", "sigma": "1.434E-5"}, {"label": "tp", "title": "time of perihelion passage", "value": "2460969.669866051431", "units": "TDB", "name": "tp", "sigma": "1.6567E-5"}, {"sigma": "3.8354E-6", "name": "per", "units": "d", "value": "461.7104099559735", "title": "sidereal orbital period", "label": "period"}, {"label": "n", "units": "deg/d", "value": ".7797095153958686", "title": "mean motion", "name": "n", "sigma": "6.4769E-9"}, {"sigma": "8.1442E-9", "name": "ad", "units": "au", "value": "1.470621619991726", "title": "aphelion distance", "label": "Q"}], "epoch": "2461200.5"}