{"spkid": "54016204", "covariance": {"labels": ["e", "q", "tp", "node", "peri", "i"], "data": [["3.892045852554052E-11", "-3.901055734143852E-11", "2.971267890676816E-9", "5.083923855966292E-11", "-1.722111270919522E-9", "1.789300514015553E-9"], ["-3.901055734143852E-11", "3.910263614241584E-11", "-2.975407138088189E-9", "-4.997768497550632E-11", "1.728438631410846E-9", "-1.79556890076959E-9"], ["2.971267890676816E-9", "-2.975407138088189E-9", "2.313897423870644E-7", "5.522587848635163E-9", "-1.276322852516689E-7", "1.333094625678283E-7"], ["5.083923855966292E-11", "-4.997768497550632E-11", "5.522587848635163E-9", "7.453837234332053E-10", "-9.453743535154501E-10", "1.656572363772971E-9"], ["-1.722111270919522E-9", "1.728438631410846E-9", "-1.276322852516689E-7", "-9.453743535154501E-10", "7.951063638990327E-8", "-8.24275136862156E-8"], ["1.789300514015553E-9", "-1.79556890076959E-9", "1.333094625678283E-7", "1.656572363772971E-9", "-8.24275136862156E-8", "8.974774377668825E-8"]], "elements": [{"units": null, "value": ".3124738874885514", "title": "eccentricity", "sigma": 6.23862633321956e-06, "name": "e", "label": "e"}, {"name": "q", "sigma": 6.25321006703084e-06, "title": "perihelion distance", "value": ".682669333886086", "units": "au", "label": "q"}, {"sigma": 0.000481029876813348, "name": "tp", "units": "TDB", "title": "time of perihelion passage", "value": "2458845.633876354366", "label": "tp"}, {"sigma": 2.73017164924333e-05, "name": "om", "units": "deg", "value": "173.0836816646551", "title": "longitude of the ascending node", "label": "node"}, {"label": "peri", "units": "deg", "value": "246.4437770762102", "title": "argument of perihelion", "sigma": 0.000281976304660344, "name": "w"}, {"sigma": 0.000299579277949407, "name": "i", "units": "deg", "value": "21.60522958705248", "title": "inclination", "label": "i"}], "epoch": "2458987.5"}, "elements": [{"label": "e", "sigma": "6.2404E-6", "name": "e", "title": "eccentricity", "value": ".312470410463583", "units": null}, {"units": "au", "title": "semi-major axis", "value": ".9921667626229018", "name": "a", "sigma": "9.0242E-8", "label": "a"}, {"title": "perihelion distance", "value": ".6821440070577993", "units": "au", "sigma": "6.2428E-6", "name": "q", "label": "q"}, {"name": "i", "sigma": ".00029941", "value": "21.61259571456343", "title": "inclination; angle with respect to x-y ecliptic plane", "units": "deg", "label": "i"}, {"label": "node", "name": "om", "sigma": "2.7773E-5", "units": "deg", "value": "173.0346150073417", "title": "longitude of the ascending node"}, {"sigma": ".000273", "name": "w", "units": "deg", "title": "argument of perihelion", "value": "246.2856871987108", "label": "peri"}, {"units": "deg", "value": "187.6806662550382", "title": "mean anomaly", "sigma": ".00033275", "name": "ma", "label": "M"}, {"sigma": ".00033246", "name": "tp", "title": "time of perihelion passage", "value": "2461373.285360784092", "units": "TDB", "label": "tp"}, {"units": "d", "value": "360.9735978571927", "title": "sidereal orbital period", "name": "per", "sigma": "4.9248E-5", "label": "period"}, {"units": "deg/d", "title": "mean motion", "value": ".9973028557684768", "name": "n", "sigma": "1.3606E-7", "label": "n"}, {"label": "Q", "name": "ad", "sigma": "1.1844E-7", "units": "au", "value": "1.302189518188004", "title": "aphelion distance"}], "epoch": "2461200.5"}