{"spkid": "54016772", "covariance": {"elements": [{"label": "e", "sigma": 1.09347279076475e-07, "name": "e", "title": "eccentricity", "value": ".4629803867337636", "units": null}, {"units": "au", "title": "perihelion distance", "value": ".867964284647376", "name": "q", "sigma": 1.48340269983155e-07, "label": "q"}, {"label": "tp", "name": "tp", "sigma": 2.83740828394746e-05, "units": "TDB", "value": "2458149.120170308873", "title": "time of perihelion passage"}, {"label": "node", "units": "deg", "title": "longitude of the ascending node", "value": "191.9787851414999", "name": "om", "sigma": 7.79068136040012e-05}, {"label": "peri", "sigma": 6.48644231899355e-05, "name": "w", "units": "deg", "title": "argument of perihelion", "value": "308.1403132519324"}, {"label": "i", "units": "deg", "title": "inclination", "value": "11.6420381835966", "sigma": 2.7310240238016e-05, "name": "i"}], "data": [["1.195682744142861E-14", "-1.621405986149538E-14", "-2.024803001887225E-12", "-2.181426573916863E-12", "2.060256121456515E-12", "-1.401468466854505E-12"], ["-1.621405986149538E-14", "2.200483569867536E-14", "2.750275981002489E-12", "2.990174624295006E-12", "-2.814249624117449E-12", "1.905591906823791E-12"], ["-2.024803001887225E-12", "2.750275981002489E-12", "8.05088576981369E-10", "1.678514701071373E-9", "-1.295554787616345E-9", "6.547256803150513E-10"], ["-2.181426573916863E-12", "2.990174624295006E-12", "1.678514701071373E-9", "6.069471605928583E-9", "-4.990955955390145E-9", "2.031383369233532E-9"], ["2.060256121456515E-12", "-2.814249624117449E-12", "-1.295554787616345E-9", "-4.990955955390145E-9", "4.20739339576304E-9", "-1.682785666174742E-9"], ["-1.401468466854505E-12", "1.905591906823791E-12", "6.547256803150513E-10", "2.031383369233532E-9", "-1.682785666174742E-9", "7.458492218581494E-10"]], "labels": ["e", "q", "tp", "node", "peri", "i"], "epoch": "2458354.5"}, "elements": [{"label": "e", "sigma": "1.0899E-7", "name": "e", "value": ".462989114782911", "title": "eccentricity", "units": null}, {"units": "au", "value": "1.615287115899518", "title": "semi-major axis", "sigma": "4.9582E-8", "name": "a", "label": "a"}, {"name": "q", "sigma": "1.4968E-7", "value": ".8674267639889589", "title": "perihelion distance", "units": "au", "label": "q"}, {"sigma": "2.7358E-5", "name": "i", "units": "deg", "value": "11.65593324324776", "title": "inclination; angle with respect to x-y ecliptic plane", "label": "i"}, {"name": "om", "sigma": "7.7872E-5", "units": "deg", "title": "longitude of the ascending node", "value": "191.8605385972665", "label": "node"}, {"value": "308.2256291766487", "title": "argument of perihelion", "units": "deg", "name": "w", "sigma": "6.4772E-5", "label": "peri"}, {"label": "M", "units": "deg", "value": "24.63265984660584", "title": "mean anomaly", "name": "ma", "sigma": "6.1781E-5"}, {"label": "tp", "units": "TDB", "title": "time of perihelion passage", "value": "2461149.192384755739", "sigma": ".00012636", "name": "tp"}, {"label": "period", "units": "d", "value": "749.8476251836493", "title": "sidereal orbital period", "name": "per", "sigma": "3.4526E-5"}, {"units": "deg/d", "title": "mean motion", "value": ".4800975396992562", "name": "n", "sigma": "2.2105E-8", "label": "n"}, {"units": "au", "title": "aphelion distance", "value": "2.363147467810078", "sigma": "7.2539E-8", "name": "ad", "label": "Q"}], "epoch": "2461200.5"}