{"spkid": "54017783", "covariance": {"elements": [{"label": "e", "name": "e", "sigma": 4.28040489252909e-07, "title": "eccentricity", "value": ".2921838409672458", "units": null}, {"sigma": 3.53142410169666e-07, "name": "q", "units": "au", "title": "perihelion distance", "value": ".5841206261673683", "label": "q"}, {"name": "tp", "sigma": 0.000112973464510786, "title": "time of perihelion passage", "value": "2459485.254599614531", "units": "TDB", "label": "tp"}, {"name": "om", "sigma": 1.86373723432567e-05, "units": "deg", "title": "longitude of the ascending node", "value": "101.7124164980606", "label": "node"}, {"label": "peri", "title": "argument of perihelion", "value": "29.40445871437576", "units": "deg", "sigma": 7.25642391777325e-05, "name": "w"}, {"label": "i", "name": "i", "sigma": 3.00346918105829e-05, "title": "inclination", "value": "6.123326437188045", "units": "deg"}], "data": [["1.832186604398695E-13", "-1.511493869002427E-13", "4.815286248987363E-11", "-4.102693107257908E-12", "3.031079886655604E-11", "8.775419872613444E-12"], ["-1.511493869002427E-13", "1.247095618604403E-13", "-3.971074097108763E-11", "3.402026766417171E-12", "-2.499825469856081E-11", "-7.244053600877401E-12"], ["4.815286248987363E-11", "-3.971074097108763E-11", "1.276300368356974E-8", "-1.065113569518941E-9", "8.044852879424504E-9", "2.311406296724886E-9"], ["-4.102693107257908E-12", "3.402026766417171E-12", "-1.065113569518941E-9", "3.473516478611892E-10", "-8.677530031752445E-10", "-1.772608712091275E-10"], ["3.031079886655604E-11", "-2.499825469856081E-11", "8.044852879424504E-9", "-8.677530031752445E-10", "5.265568807443168E-9", "1.382860489617417E-9"], ["8.775419872613444E-12", "-7.244053600877401E-12", "2.311406296724886E-9", "-1.772608712091275E-10", "1.382860489617417E-9", "9.020827121566956E-10"]], "labels": ["e", "q", "tp", "node", "peri", "i"], "epoch": "2459526.5"}, "elements": [{"units": null, "value": ".2913428213070552", "title": "eccentricity", "sigma": "4.3416E-7", "name": "e", "label": "e"}, {"units": "au", "title": "semi-major axis", "value": ".8261514207590226", "name": "a", "sigma": "1.0789E-8", "label": "a"}, {"name": "q", "sigma": "3.6541E-7", "units": "au", "value": ".5854581350082568", "title": "perihelion distance", "label": "q"}, {"label": "i", "sigma": "3.0021E-5", "name": "i", "units": "deg", "title": "inclination; angle with respect to x-y ecliptic plane", "value": "6.125444401078916"}, {"label": "node", "title": "longitude of the ascending node", "value": "101.6542377471079", "units": "deg", "sigma": "1.8515E-5", "name": "om"}, {"sigma": "7.1462E-5", "name": "w", "title": "argument of perihelion", "value": "29.64034172671454", "units": "deg", "label": "peri"}, {"label": "M", "value": "92.68818966329761", "title": "mean anomaly", "units": "deg", "name": "ma", "sigma": ".00012566"}, {"label": "tp", "value": "2461129.882911639825", "title": "time of perihelion passage", "units": "TDB", "name": "tp", "sigma": "9.681E-5"}, {"label": "period", "sigma": "5.3728E-6", "name": "per", "units": "d", "value": "274.2760636712446", "title": "sidereal orbital period"}, {"sigma": "2.5712E-8", "name": "n", "title": "mean motion", "value": "1.312546181323014", "units": "deg/d", "label": "n"}, {"name": "ad", "sigma": "1.3932E-8", "value": "1.066844706509788", "title": "aphelion distance", "units": "au", "label": "Q"}], "epoch": "2461200.5"}