{"spkid": "54016203", "covariance": {"epoch": "2460150.5", "elements": [{"label": "e", "sigma": 1.72184519474219e-05, "name": "e", "units": null, "value": ".3967118975871043", "title": "eccentricity"}, {"label": "q", "units": "au", "value": ".5255313038168025", "title": "perihelion distance", "sigma": 1.45791638557634e-05, "name": "q"}, {"value": "2460188.146115749431", "title": "time of perihelion passage", "units": "TDB", "name": "tp", "sigma": 0.000283881678399494, "label": "tp"}, {"label": "node", "name": "om", "sigma": 4.89518918984329e-05, "units": "deg", "title": "longitude of the ascending node", "value": "358.0827600322721"}, {"title": "argument of perihelion", "value": "309.7843026390802", "units": "deg", "name": "w", "sigma": 1.1942876744628e-05, "label": "peri"}, {"title": "inclination", "value": "5.90044798805631", "units": "deg", "name": "i", "sigma": 0.000315636473240373, "label": "i"}], "data": [["2.964750874656772E-10", "-2.510306304579199E-10", "-4.887032245896441E-9", "-8.244627816173118E-10", "1.188475079448583E-10", "5.434198773764867E-9"], ["-2.510306304579199E-10", "2.125520187331987E-10", "4.137941673498078E-9", "6.980786524893915E-10", "-1.00622265313635E-10", "-4.601229825541485E-9"], ["-4.887032245896441E-9", "4.137941673498078E-9", "8.058880733091381E-8", "1.360333334430297E-8", "-1.967516363970079E-9", "-8.957667370593596E-8"], ["-8.244627816173118E-10", "6.980786524893915E-10", "1.360333334430297E-8", "2.396287720435864E-9", "-4.278815195831487E-10", "-1.513049675454278E-8"], ["1.188475079448583E-10", "-1.00622265313635E-10", "-1.967516363970079E-9", "-4.278815195831487E-10", "1.426323049373755E-10", "2.196409100146718E-9"], ["5.434198773764867E-9", "-4.601229825541485E-9", "-8.957667370593596E-8", "-1.513049675454278E-8", "2.196409100146718E-9", "9.962638323962051E-8"]], "labels": ["e", "q", "tp", "node", "peri", "i"]}, "elements": [{"label": "e", "name": "e", "sigma": "1.7216E-5", "units": null, "title": "eccentricity", "value": ".3968353261032452"}, {"label": "a", "title": "semi-major axis", "value": ".8712486379331086", "units": "au", "sigma": "6.7345E-7", "name": "a"}, {"title": "perihelion distance", "value": ".5255064005819152", "units": "au", "name": "q", "sigma": "1.4593E-5", "label": "q"}, {"label": "i", "units": "deg", "value": "5.895495205227418", "title": "inclination; angle with respect to x-y ecliptic plane", "sigma": ".00031613", "name": "i"}, {"label": "node", "value": "358.0164095279044", "title": "longitude of the ascending node", "units": "deg", "sigma": "4.52E-5", "name": "om"}, {"value": "309.8360862736417", "title": "argument of perihelion", "units": "deg", "sigma": "1.0506E-5", "name": "w", "label": "peri"}, {"units": "deg", "value": "147.0716202033026", "title": "mean anomaly", "name": "ma", "sigma": ".0011524", "label": "M"}, {"sigma": ".00081015", "name": "tp", "units": "TDB", "title": "time of perihelion passage", "value": "2461079.150505611944", "label": "tp"}, {"name": "per", "sigma": ".0003444", "units": "d", "title": "sidereal orbital period", "value": "297.0377148175264", "label": "period"}, {"label": "n", "units": "deg/d", "value": "1.211967309340338", "title": "mean motion", "sigma": "1.4052E-6", "name": "n"}, {"label": "Q", "sigma": "9.407E-7", "name": "ad", "title": "aphelion distance", "value": "1.216990875284302", "units": "au"}], "epoch": "2461200.5"}