{"spkid": "54016324", "covariance": {"labels": ["e", "q", "tp", "node", "peri", "i"], "elements": [{"label": "e", "name": "e", "sigma": 7.38408559355825e-07, "units": null, "value": ".2081162890108441", "title": "eccentricity"}, {"label": "q", "value": ".8021376454714987", "title": "perihelion distance", "units": "au", "name": "q", "sigma": 7.06396027744459e-07}, {"title": "time of perihelion passage", "value": "2459395.740047872771", "units": "TDB", "sigma": 8.78812765362188e-05, "name": "tp", "label": "tp"}, {"sigma": 0.000189591338479467, "name": "om", "units": "deg", "value": "20.77656165531243", "title": "longitude of the ascending node", "label": "node"}, {"name": "w", "sigma": 0.000175088639175426, "value": "270.0883184400235", "title": "argument of perihelion", "units": "deg", "label": "peri"}, {"label": "i", "name": "i", "sigma": 4.52625510066347e-06, "value": ".896481637914516", "title": "inclination", "units": "deg"}], "data": [["5.452472005299454E-13", "-5.216029264941463E-13", "-3.013994255258184E-11", "-1.682697443149144E-11", "2.056992103775803E-11", "1.44535573004573E-12"], ["-5.216029264941463E-13", "4.989953480131508E-13", "2.875464454638369E-11", "1.600056652604993E-11", "-1.963539011881219E-11", "-1.382816482421567E-12"], ["-3.013994255258184E-11", "2.875464454638369E-11", "7.723118765635366E-9", "7.145892390273816E-9", "-3.332029533564362E-9", "-6.770281350879135E-11"], ["-1.682697443149144E-11", "1.600056652604993E-11", "7.145892390273816E-9", "3.594487562643592E-8", "-3.19484485964312E-8", "-3.852515864745363E-10"], ["2.056992103775803E-11", "-1.963539011881219E-11", "-3.332029533564362E-9", "-3.19484485964312E-8", "3.065603156830257E-8", "4.03251964663561E-10"], ["1.44535573004573E-12", "-1.382816482421567E-12", "-6.770281350879135E-11", "-3.852515864745363E-10", "4.03251964663561E-10", "2.048698523628207E-11"]], "epoch": "2459244.5"}, "elements": [{"label": "e", "sigma": "7.3851E-7", "name": "e", "title": "eccentricity", "value": ".207994652565738", "units": null}, {"value": "1.012703426824834", "title": "semi-major axis", "units": "au", "name": "a", "sigma": "5.1631E-8", "label": "a"}, {"name": "q", "sigma": "7.0721E-7", "value": ".8020665294102702", "title": "perihelion distance", "units": "au", "label": "q"}, {"label": "i", "sigma": "4.5253E-6", "name": "i", "units": "deg", "value": ".895608368094069", "title": "inclination; angle with respect to x-y ecliptic plane"}, {"units": "deg", "title": "longitude of the ascending node", "value": "20.61809822827769", "sigma": ".00018972", "name": "om", "label": "node"}, {"sigma": ".0001759", "name": "w", "units": "deg", "value": "269.8056231699201", "title": "argument of perihelion", "label": "peri"}, {"sigma": ".00011883", "name": "ma", "value": "305.0690580170166", "title": "mean anomaly", "units": "deg", "label": "M"}, {"sigma": ".00012626", "name": "tp", "value": "2461257.298437945531", "title": "time of perihelion passage", "units": "TDB", "label": "tp"}, {"label": "period", "title": "sidereal orbital period", "value": "372.2389772002355", "units": "d", "name": "per", "sigma": "2.8467E-5"}, {"title": "mean motion", "value": ".9671206457413729", "units": "deg/d", "name": "n", "sigma": "7.396E-8", "label": "n"}, {"label": "Q", "title": "aphelion distance", "value": "1.223340324239398", "units": "au", "sigma": "6.237E-8", "name": "ad"}], "epoch": "2461200.5"}