{"spkid": "54016196", "covariance": {"labels": ["e", "q", "tp", "node", "peri", "i"], "elements": [{"value": ".7353501993879102", "title": "eccentricity", "units": null, "name": "e", "sigma": 7.65745623489781e-08, "label": "e"}, {"title": "perihelion distance", "value": ".5770899271489933", "units": "au", "sigma": 1.47707713346914e-07, "name": "q", "label": "q"}, {"label": "tp", "value": "2460166.459452699892", "title": "time of perihelion passage", "units": "TDB", "sigma": 5.1022495696725e-05, "name": "tp"}, {"label": "node", "sigma": 0.000914486694018895, "name": "om", "value": "145.8846208414918", "title": "longitude of the ascending node", "units": "deg"}, {"sigma": 0.000917023823214913, "name": "w", "units": "deg", "title": "argument of perihelion", "value": "133.1810136565936", "label": "peri"}, {"sigma": 5.91010404848885e-06, "name": "i", "value": ".4129377047430171", "title": "inclination", "units": "deg", "label": "i"}], "data": [["5.863663598937533E-15", "-1.13086486742237E-14", "3.15919277852986E-12", "-2.045944534818995E-12", "2.481734169100737E-12", "-5.555324301095241E-14"], ["-1.13086486742237E-14", "2.181756858217406E-14", "-6.08075991252392E-12", "3.97259330540768E-12", "-4.811041474496468E-12", "1.069901244027703E-13"], ["3.15919277852986E-12", "-6.08075991252392E-12", "2.603295067122316E-9", "-5.548319514166847E-9", "6.200149758868191E-9", "-6.396774487043176E-11"], ["-2.045944534818995E-12", "3.97259330540768E-12", "-5.548319514166847E-9", "8.362859135376078E-7", "-8.384933158419856E-7", "4.831602017846644E-9"], ["2.481734169100737E-12", "-4.811041474496468E-12", "6.200149758868191E-9", "-8.384933158419856E-7", "8.409326923436967E-7", "-4.851338434420357E-9"], ["-5.555324301095241E-14", "1.069901244027703E-13", "-6.396774487043176E-11", "4.831602017846644E-9", "-4.851338434420357E-9", "3.492932986396428E-11"]], "epoch": "2459853.5"}, "elements": [{"label": "e", "title": "eccentricity", "value": ".7389798753228403", "units": null, "name": "e", "sigma": "7.6959E-8"}, {"label": "a", "sigma": "6.87E-8", "name": "a", "units": "au", "title": "semi-major axis", "value": "2.175226833387572"}, {"label": "q", "title": "perihelion distance", "value": ".5677779792519274", "units": "au", "name": "q", "sigma": "1.4969E-7"}, {"sigma": "6.083E-6", "name": "i", "units": "deg", "title": "inclination; angle with respect to x-y ecliptic plane", "value": ".4152387325254373", "label": "i"}, {"label": "node", "units": "deg", "value": "146.0390851555686", "title": "longitude of the ascending node", "sigma": ".00088623", "name": "om"}, {"units": "deg", "value": "133.1506718819557", "title": "argument of perihelion", "name": "w", "sigma": ".00088872", "label": "peri"}, {"sigma": "2.9134E-5", "name": "ma", "title": "mean anomaly", "value": "316.1224388789927", "units": "deg", "label": "M"}, {"label": "tp", "name": "tp", "sigma": ".00010131", "units": "TDB", "value": "2461343.322040648992", "title": "time of perihelion passage"}, {"label": "period", "units": "d", "title": "sidereal orbital period", "value": "1171.804752133784", "name": "per", "sigma": "5.5513E-5"}, {"units": "deg/d", "title": "mean motion", "value": ".3072184161605951", "name": "n", "sigma": "1.4554E-8", "label": "n"}, {"label": "Q", "sigma": "1.1947E-7", "name": "ad", "units": "au", "title": "aphelion distance", "value": "3.782675687523217"}], "epoch": "2461200.5"}