{"spkid": "54017559", "covariance": {"epoch": "2459051.5", "labels": ["e", "q", "tp", "node", "peri", "i"], "data": [["2.164581157926056E-15", "-1.781824064128524E-15", "-5.809697550407749E-13", "3.016800228245719E-14", "-4.231050038496623E-13", "8.75102778160854E-14"], ["-1.781824064128524E-15", "1.554181701866935E-15", "4.16698383455636E-13", "-5.017156650756083E-15", "2.618158934679274E-13", "-6.271812736019328E-14"], ["-5.809697550407749E-13", "4.16698383455636E-13", "6.552597398045441E-10", "-7.473941436741812E-11", "5.742968345547795E-10", "3.645101023995758E-11"], ["3.016800228245719E-14", "-5.017156650756083E-15", "-7.473941436741812E-11", "1.388188174892746E-10", "-1.98227765472934E-10", "2.389204589994248E-11"], ["-4.231050038496623E-13", "2.618158934679274E-13", "5.742968345547795E-10", "-1.98227765472934E-10", "6.448194782360683E-10", "3.289846986199191E-12"], ["8.75102778160854E-14", "-6.271812736019328E-14", "3.645101023995758E-11", "2.389204589994248E-11", "3.289846986199191E-12", "3.6863343651649E-11"]], "elements": [{"label": "e", "sigma": 4.65250594618218e-08, "name": "e", "value": ".278543204845389", "title": "eccentricity", "units": null}, {"units": "au", "value": ".6001851066413572", "title": "perihelion distance", "sigma": 3.94231112656895e-08, "name": "q", "label": "q"}, {"units": "TDB", "value": "2459167.028858600168", "title": "time of perihelion passage", "sigma": 2.55980417181577e-05, "name": "tp", "label": "tp"}, {"label": "node", "sigma": 1.17821397670064e-05, "name": "om", "value": "282.7353918456321", "title": "longitude of the ascending node", "units": "deg"}, {"label": "peri", "name": "w", "sigma": 2.53932959309356e-05, "units": "deg", "value": "176.7939095491903", "title": "argument of perihelion"}, {"name": "i", "sigma": 6.07151905635229e-06, "units": "deg", "title": "inclination", "value": "4.45599934640234", "label": "i"}]}, "elements": [{"units": null, "value": ".2776044122092382", "title": "eccentricity", "name": "e", "sigma": "4.6811E-8", "label": "e"}, {"name": "a", "sigma": "1.0832E-8", "value": ".8328613028017187", "title": "semi-major axis", "units": "au", "label": "a"}, {"units": "au", "value": ".6016553303856271", "title": "perihelion distance", "name": "q", "sigma": "3.9046E-8", "label": "q"}, {"label": "i", "name": "i", "sigma": "6.0723E-6", "value": "4.44728203561542", "title": "inclination; angle with respect to x-y ecliptic plane", "units": "deg"}, {"sigma": "1.2003E-5", "name": "om", "units": "deg", "title": "longitude of the ascending node", "value": "282.4925294845663", "label": "node"}, {"sigma": "2.5545E-5", "name": "w", "units": "deg", "value": "177.0330119261198", "title": "argument of perihelion", "label": "peri"}, {"name": "ma", "sigma": "5.5238E-5", "units": "deg", "title": "mean anomaly", "value": "118.1367215317529", "label": "M"}, {"sigma": "4.1183E-5", "name": "tp", "units": "TDB", "value": "2461109.395492147525", "title": "time of perihelion passage", "label": "tp"}, {"label": "period", "units": "d", "value": "277.6242848255745", "title": "sidereal orbital period", "name": "per", "sigma": "5.4163E-6"}, {"name": "n", "sigma": "2.5298E-8", "title": "mean motion", "value": "1.296716532655565", "units": "deg/d", "label": "n"}, {"name": "ad", "sigma": "1.384E-8", "units": "au", "title": "aphelion distance", "value": "1.06406727521781", "label": "Q"}], "epoch": "2461200.5"}