{"spkid": "54050997", "covariance": {"epoch": "2459269.5", "elements": [{"label": "e", "name": "e", "sigma": 1.87061961944231e-07, "value": ".126009429309922", "title": "eccentricity", "units": null}, {"label": "q", "value": ".873469122789657", "title": "perihelion distance", "units": "au", "name": "q", "sigma": 1.87183385910727e-07}, {"value": "2459333.033433353180", "title": "time of perihelion passage", "units": "TDB", "name": "tp", "sigma": 2.54270552816926e-05, "label": "tp"}, {"title": "longitude of the ascending node", "value": "145.2916663608601", "units": "deg", "name": "om", "sigma": 8.86819770467524e-06, "label": "node"}, {"sigma": 1.26382052807838e-05, "name": "w", "value": "56.07722430280363", "title": "argument of perihelion", "units": "deg", "label": "peri"}, {"sigma": 9.18354531915874e-06, "name": "i", "title": "inclination", "value": "4.87587962083821", "units": "deg", "label": "i"}], "data": [["3.499217760642497E-14", "-3.501438275649232E-14", "4.483438629659814E-12", "-5.816010909987992E-13", "8.703617586673933E-13", "1.002800329945636E-12"], ["-3.501438275649232E-14", "3.503761996100401E-14", "-4.482843481420664E-12", "5.813333178842682E-13", "-8.669413950091519E-13", "-1.006555493847187E-12"], ["4.483438629659814E-12", "-4.482843481420664E-12", "6.465351402982535E-10", "-7.61213529936979E-11", "1.819218791334853E-10", "1.053394482698188E-10"], ["-5.816010909987992E-13", "5.813333178842682E-13", "-7.61213529936979E-11", "7.864493052920719E-11", "-8.504496491278089E-11", "-2.181338352385813E-11"], ["8.703617586673933E-13", "-8.669413950091519E-13", "1.819218791334853E-10", "-8.504496491278089E-11", "1.597242327192315E-10", "6.272054029210284E-12"], ["1.002800329945636E-12", "-1.006555493847187E-12", "1.053394482698188E-10", "-2.181338352385813E-11", "6.272054029210284E-12", "8.433750462904242E-11"]], "labels": ["e", "q", "tp", "node", "peri", "i"]}, "elements": [{"label": "e", "units": null, "value": ".1230086626187493", "title": "eccentricity", "name": "e", "sigma": "1.9059E-7"}, {"label": "a", "name": "a", "sigma": "1.0199E-8", "units": "au", "value": "1.005405007421194", "title": "semi-major axis"}, {"label": "q", "value": ".8817314820681191", "title": "perihelion distance", "units": "au", "sigma": "1.9932E-7", "name": "q"}, {"label": "i", "title": "inclination; angle with respect to x-y ecliptic plane", "value": "5.090059393448889", "units": "deg", "sigma": "8.875E-6", "name": "i"}, {"label": "node", "units": "deg", "value": "144.1256294105883", "title": "longitude of the ascending node", "name": "om", "sigma": "8.4128E-6"}, {"name": "w", "sigma": "1.3735E-5", "title": "argument of perihelion", "value": "58.78577005220333", "units": "deg", "label": "peri"}, {"name": "ma", "sigma": "2.2794E-5", "units": "deg", "value": "32.28468184407215", "title": "mean anomaly", "label": "M"}, {"label": "tp", "units": "TDB", "value": "2461167.477952111677", "title": "time of perihelion passage", "sigma": "2.3109E-5", "name": "tp"}, {"label": "period", "title": "sidereal orbital period", "value": "368.2222205940373", "units": "d", "sigma": "5.6029E-6", "name": "per"}, {"name": "n", "sigma": "1.4876E-8", "units": "deg/d", "value": ".9776704931582545", "title": "mean motion", "label": "n"}, {"sigma": "1.1453E-8", "name": "ad", "value": "1.129078532774269", "title": "aphelion distance", "units": "au", "label": "Q"}], "epoch": "2461200.5"}