{"spkid": "54051100", "covariance": {"epoch": "2459194.5", "elements": [{"name": "e", "sigma": 7.0274806311935e-06, "title": "eccentricity", "value": ".8040062460445886", "units": null, "label": "e"}, {"name": "q", "sigma": 1.75634664178345e-05, "units": "au", "value": ".49783977232497", "title": "perihelion distance", "label": "q"}, {"label": "tp", "name": "tp", "sigma": 0.000767221830333445, "value": "2458990.616305391657", "title": "time of perihelion passage", "units": "TDB"}, {"label": "node", "title": "longitude of the ascending node", "value": "142.8225514726876", "units": "deg", "sigma": 0.000147335067823988, "name": "om"}, {"label": "peri", "name": "w", "sigma": 0.00165870117648092, "title": "argument of perihelion", "value": "65.04068915088909", "units": "deg"}, {"sigma": 0.000173671017509202, "name": "i", "units": "deg", "value": "8.620097531844978", "title": "inclination", "label": "i"}], "data": [["4.938548402179982E-11", "-1.23426776676337E-10", "-4.047821676015581E-9", "4.565951785344061E-10", "-1.151326552817705E-8", "4.032825256186156E-10"], ["-1.23426776676337E-10", "3.084753526104017E-10", "1.010403434537001E-8", "-1.13845845886512E-9", "2.876858826038832E-8", "-1.004761898259242E-9"], ["-4.047821676015581E-9", "1.010403434537001E-8", "5.886293369402008E-7", "-9.682569658179312E-8", "1.071246796618837E-6", "-1.037258017443264E-7"], ["4.565951785344061E-10", "-1.13845845886512E-9", "-9.682569658179312E-8", "2.170762221069926E-8", "-1.397127281569343E-7", "2.410914897868622E-8"], ["-1.151326552817705E-8", "2.876858826038832E-8", "1.071246796618837E-6", "-1.397127281569343E-7", "2.751289592859192E-6", "-1.331897918149766E-7"], ["4.032825256186156E-10", "-1.004761898259242E-9", "-1.037258017443264E-7", "2.410914897868622E-8", "-1.331897918149766E-7", "3.016162232268142E-8"]], "labels": ["e", "q", "tp", "node", "peri", "i"]}, "elements": [{"label": "e", "sigma": "7.2814E-6", "name": "e", "units": null, "title": "eccentricity", "value": ".8069867303252936"}, {"units": "au", "value": "2.529958132261303", "title": "semi-major axis", "name": "a", "sigma": "5.3143E-7", "label": "a"}, {"label": "q", "name": "q", "sigma": "1.8322E-5", "value": ".4883154912478675", "title": "perihelion distance", "units": "au"}, {"value": "8.610346975433767", "title": "inclination; angle with respect to x-y ecliptic plane", "units": "deg", "sigma": ".00017123", "name": "i", "label": "i"}, {"name": "om", "sigma": ".00013923", "title": "longitude of the ascending node", "value": "142.2486164466966", "units": "deg", "label": "node"}, {"name": "w", "sigma": ".0015296", "units": "deg", "value": "65.66821804050238", "title": "argument of perihelion", "label": "peri"}, {"units": "deg", "title": "mean anomaly", "value": "179.7517351208375", "name": "ma", "sigma": ".00022358", "label": "M"}, {"label": "tp", "units": "TDB", "value": "2460466.596398965953", "title": "time of perihelion passage", "name": "tp", "sigma": ".00073466"}, {"label": "period", "name": "per", "sigma": ".00046312", "title": "sidereal orbital period", "value": "1469.834470274491", "units": "d"}, {"sigma": "7.7172E-8", "name": "n", "value": ".2449255390865681", "title": "mean motion", "units": "deg/d", "label": "n"}, {"label": "Q", "title": "aphelion distance", "value": "4.571600773274739", "units": "au", "sigma": "9.6029E-7", "name": "ad"}], "epoch": "2461200.5"}