{"spkid": "54051399", "covariance": {"epoch": "2459250.5", "labels": ["e", "q", "tp", "node", "peri", "i"], "elements": [{"sigma": 2.01038114246457e-06, "name": "e", "units": null, "value": ".5803299017835376", "title": "eccentricity", "label": "e"}, {"sigma": 1.48520829505698e-06, "name": "q", "title": "perihelion distance", "value": ".3032206287139995", "units": "au", "label": "q"}, {"sigma": 0.000185046793549026, "name": "tp", "value": "2459231.494014879073", "title": "time of perihelion passage", "units": "TDB", "label": "tp"}, {"label": "node", "value": "69.55180701701383", "title": "longitude of the ascending node", "units": "deg", "name": "om", "sigma": 0.0009781661415225}, {"label": "peri", "sigma": 0.000933384395212129, "name": "w", "units": "deg", "value": "100.2013458462149", "title": "argument of perihelion"}, {"title": "inclination", "value": ".7661281204604561", "units": "deg", "sigma": 6.14687512679199e-06, "name": "i", "label": "i"}], "data": [["4.041632337977149E-12", "-2.985834183816924E-12", "3.64853355933534E-10", "1.543358737947448E-9", "-1.453473147958765E-9", "1.173696288047697E-11"], ["-2.985834183816924E-12", "2.205843679706049E-12", "-2.695675630376559E-10", "-1.140506012181432E-9", "1.074087389033538E-9", "-8.669712571471915E-12"], ["3.64853355933534E-10", "-2.695675630376559E-10", "3.424231580277573E-8", "1.564375543639275E-7", "-1.475837443697643E-7", "1.003306682883181E-9"], ["1.543358737947448E-9", "-1.140506012181432E-9", "1.564375543639275E-7", "9.568090004210157E-7", "-9.127975039984427E-7", "3.939952046795556E-9"], ["-1.453473147958765E-9", "1.074087389033538E-9", "-1.475837443697643E-7", "-9.127975039984427E-7", "8.712064292255123E-7", "-3.710376394724703E-9"], ["1.173696288047697E-11", "-8.669712571471915E-12", "1.003306682883181E-9", "3.939952046795556E-9", "-3.710376394724703E-9", "3.778407382437402E-11"]]}, "elements": [{"label": "e", "name": "e", "sigma": "2.0147E-6", "value": ".5800910146602813", "title": "eccentricity", "units": null}, {"value": ".7229415457649048", "title": "semi-major axis", "units": "au", "name": "a", "sigma": "7.7094E-8", "label": "a"}, {"name": "q", "sigma": "1.4888E-6", "title": "perihelion distance", "value": ".3035696509420689", "units": "au", "label": "q"}, {"sigma": "5.9442E-6", "name": "i", "title": "inclination; angle with respect to x-y ecliptic plane", "value": ".7749397210433348", "units": "deg", "label": "i"}, {"label": "node", "sigma": ".00098777", "name": "om", "units": "deg", "title": "longitude of the ascending node", "value": "68.82273598565759"}, {"units": "deg", "value": "100.9263124841423", "title": "argument of perihelion", "sigma": ".00094121", "name": "w", "label": "peri"}, {"name": "ma", "sigma": ".00021295", "value": "279.2184813517989", "title": "mean anomaly", "units": "deg", "label": "M"}, {"name": "tp", "sigma": ".00014062", "units": "TDB", "value": "2461250.880527982496", "title": "time of perihelion passage", "label": "tp"}, {"label": "period", "units": "d", "title": "sidereal orbital period", "value": "224.5190530854465", "sigma": "3.5914E-5", "name": "per"}, {"sigma": "2.5648E-7", "name": "n", "units": "deg/d", "value": "1.603427393144192", "title": "mean motion", "label": "n"}, {"label": "Q", "units": "au", "title": "aphelion distance", "value": "1.142313440587741", "sigma": "1.2182E-7", "name": "ad"}], "epoch": "2461200.5"}