{"spkid": "54051260", "covariance": {"labels": ["e", "q", "tp", "node", "peri", "i"], "elements": [{"label": "e", "units": null, "value": ".3244512178623407", "title": "eccentricity", "sigma": 1.93811827569498e-07, "name": "e"}, {"value": ".7905672584977276", "title": "perihelion distance", "units": "au", "name": "q", "sigma": 2.34833586622442e-07, "label": "q"}, {"value": "2459168.586768273341", "title": "time of perihelion passage", "units": "TDB", "name": "tp", "sigma": 1.84941439187904e-05, "label": "tp"}, {"value": "173.4007302501093", "title": "longitude of the ascending node", "units": "deg", "name": "om", "sigma": 4.61135433278412e-05, "label": "node"}, {"title": "argument of perihelion", "value": "264.2662623738133", "units": "deg", "sigma": 5.19825692485189e-05, "name": "w", "label": "peri"}, {"label": "i", "units": "deg", "value": "4.743072299596172", "title": "inclination", "sigma": 1.47488273089593e-05, "name": "i"}], "data": [["3.756302450582875E-14", "-4.551036820487916E-14", "-2.975000106329227E-13", "-2.94089917944367E-13", "4.981504881472801E-12", "3.299681572972709E-13"], ["-4.551036820487916E-14", "5.514681340595988E-14", "3.619908897934689E-13", "3.529499436372243E-13", "-6.031895710670833E-12", "-3.980320414729544E-13"], ["-2.975000106329227E-13", "3.619908897934689E-13", "3.420333592889307E-10", "2.083688126165968E-10", "1.085790008945413E-10", "3.615479746020657E-11"], ["-2.94089917944367E-13", "3.529499436372243E-13", "2.083688126165968E-10", "2.126458878248689E-9", "-1.935079373561422E-9", "-5.596765334385464E-10"], ["4.981504881472801E-12", "-6.031895710670833E-12", "1.085790008945413E-10", "-1.935079373561422E-9", "2.702187505677066E-9", "6.393335143106774E-10"], ["3.299681572972709E-13", "-3.980320414729544E-13", "3.615479746020657E-11", "-5.596765334385464E-10", "6.393335143106774E-10", "2.175279069895025E-10"]], "epoch": "2458967.5"}, "elements": [{"label": "e", "units": null, "title": "eccentricity", "value": ".3241523381505098", "sigma": "1.9438E-7", "name": "e"}, {"sigma": "1.1596E-8", "name": "a", "title": "semi-major axis", "value": "1.169018099612397", "units": "au", "label": "a"}, {"sigma": "2.3459E-7", "name": "q", "units": "au", "value": ".7900781492827731", "title": "perihelion distance", "label": "q"}, {"sigma": "1.4731E-5", "name": "i", "units": "deg", "title": "inclination; angle with respect to x-y ecliptic plane", "value": "4.744441904676989", "label": "i"}, {"label": "node", "name": "om", "sigma": "4.6025E-5", "value": "173.3322953128696", "title": "longitude of the ascending node", "units": "deg"}, {"sigma": "5.1903E-5", "name": "w", "title": "argument of perihelion", "value": "264.4316808008716", "units": "deg", "label": "peri"}, {"sigma": "2.9977E-5", "name": "ma", "title": "mean anomaly", "value": "144.4841608197027", "units": "deg", "label": "M"}, {"label": "tp", "name": "tp", "sigma": "3.604E-5", "units": "TDB", "title": "time of perihelion passage", "value": "2461015.211690545824"}, {"value": "461.6685387870368", "title": "sidereal orbital period", "units": "d", "sigma": "6.8692E-6", "name": "per", "label": "period"}, {"label": "n", "value": ".7797802313881833", "title": "mean motion", "units": "deg/d", "name": "n", "sigma": "1.1602E-8"}, {"name": "ad", "sigma": "1.5355E-8", "units": "au", "value": "1.547958049942022", "title": "aphelion distance", "label": "Q"}], "epoch": "2461200.5"}