{"spkid": "54051038", "covariance": {"labels": ["e", "q", "tp", "node", "peri", "i"], "elements": [{"label": "e", "value": ".4376374472462761", "title": "eccentricity", "units": null, "sigma": 2.00098573665311e-06, "name": "e"}, {"label": "q", "sigma": 2.01629843841785e-06, "name": "q", "units": "au", "value": ".5588435902323355", "title": "perihelion distance"}, {"label": "tp", "title": "time of perihelion passage", "value": "2459003.360350165031", "units": "TDB", "sigma": 0.000143655235526312, "name": "tp"}, {"value": "320.4292239160471", "title": "longitude of the ascending node", "units": "deg", "sigma": 6.38217299473351e-06, "name": "om", "label": "node"}, {"label": "peri", "name": "w", "sigma": 0.000108305935163101, "value": "239.6725819365869", "title": "argument of perihelion", "units": "deg"}, {"label": "i", "title": "inclination", "value": "34.61280222125116", "units": "deg", "sigma": 0.000153969525798741, "name": "i"}], "data": [["4.003943918289207E-12", "-4.033801029963496E-12", "2.794615896415268E-10", "4.248902195371456E-12", "-2.102760515258013E-10", "1.440560633431569E-10"], ["-4.033801029963496E-12", "4.065459392766249E-12", "-2.805715550390191E-10", "-4.235269661020663E-12", "2.127172085567889E-10", "-1.479659464502085E-10"], ["2.794615896415268E-10", "-2.805715550390191E-10", "2.063682669412006E-8", "3.708400361976596E-10", "-1.382706981952605E-8", "6.957525463205088E-9"], ["4.248902195371456E-12", "-4.235269661020663E-12", "3.708400361976596E-10", "4.073213213470569E-11", "-1.962708245791007E-10", "4.67676837894718E-10"], ["-2.102760515258013E-10", "2.127172085567889E-10", "-1.382706981952605E-8", "-1.962708245791007E-10", "1.17301755915538E-8", "-1.034280137764078E-8"], ["1.440560633431569E-10", "-1.479659464502085E-10", "6.957525463205088E-9", "4.67676837894718E-10", "-1.034280137764078E-8", "2.370661487468904E-8"]], "epoch": "2459108.5"}, "elements": [{"label": "e", "units": null, "title": "eccentricity", "value": ".4378356981101522", "sigma": "2.0005E-6", "name": "e"}, {"label": "a", "sigma": "7.9786E-8", "name": "a", "title": "semi-major axis", "value": ".9933009740789389", "units": "au"}, {"name": "q", "sigma": "2.0145E-6", "units": "au", "title": "perihelion distance", "value": ".5583983486595925", "label": "q"}, {"label": "i", "units": "deg", "value": "34.61280965778064", "title": "inclination; angle with respect to x-y ecliptic plane", "sigma": ".00015392", "name": "i"}, {"units": "deg", "value": "320.3996964889606", "title": "longitude of the ascending node", "name": "om", "sigma": "6.4502E-6", "label": "node"}, {"name": "w", "sigma": ".00010697", "units": "deg", "title": "argument of perihelion", "value": "239.6144575849094", "label": "peri"}, {"label": "M", "title": "mean anomaly", "value": "27.00760173309571", "units": "deg", "name": "ma", "sigma": ".00024598"}, {"label": "tp", "sigma": ".00024434", "name": "tp", "value": "2461173.372908090543", "title": "time of perihelion passage", "units": "TDB"}, {"title": "sidereal orbital period", "value": "361.5927539185174", "units": "d", "sigma": "4.3567E-5", "name": "per", "label": "period"}, {"sigma": "1.1995E-7", "name": "n", "units": "deg/d", "title": "mean motion", "value": ".9955951719129962", "label": "n"}, {"name": "ad", "sigma": "1.1472E-7", "value": "1.428203599498285", "title": "aphelion distance", "units": "au", "label": "Q"}], "epoch": "2461200.5"}