{"spkid": "54051185", "covariance": {"labels": ["e", "q", "tp", "node", "peri", "i"], "elements": [{"label": "e", "value": ".2409244438355096", "title": "eccentricity", "units": null, "name": "e", "sigma": 3.16640415440373e-07}, {"label": "q", "name": "q", "sigma": 2.98327760370245e-07, "units": "au", "value": ".7061779198875724", "title": "perihelion distance"}, {"label": "tp", "name": "tp", "sigma": 2.51550792253961e-05, "title": "time of perihelion passage", "value": "2458602.921751978492", "units": "TDB"}, {"units": "deg", "value": "287.417117232331", "title": "longitude of the ascending node", "sigma": 2.38805664355487e-05, "name": "om", "label": "node"}, {"sigma": 2.0847146053553e-05, "name": "w", "value": "233.6620054582792", "title": "argument of perihelion", "units": "deg", "label": "peri"}, {"name": "i", "sigma": 1.2221589038679e-05, "units": "deg", "value": "7.197087799030398", "title": "inclination", "label": "i"}], "data": [["1.002611526902518E-13", "-9.446238600929646E-14", "2.898205846827237E-12", "2.690473664301945E-13", "1.603137385216887E-12", "3.732278214387893E-12"], ["-9.446238600929646E-14", "8.899945260752629E-14", "-2.72575494336415E-12", "-2.504939236609586E-13", "-1.510696696623914E-12", "-3.515912235594576E-12"], ["2.898205846827237E-12", "-2.72575494336415E-12", "6.327780108359522E-10", "3.161268816716278E-10", "1.119286767670187E-10", "1.43066052868836E-10"], ["2.690473664301945E-13", "-2.504939236609586E-13", "3.161268816716278E-10", "5.702814532826556E-10", "-3.560069118063298E-10", "6.536598826700802E-11"], ["1.603137385216887E-12", "-1.510696696623914E-12", "1.119286767670187E-10", "-3.560069118063298E-10", "4.346034985781721E-10", "2.761871743164621E-11"], ["3.732278214387893E-12", "-3.515912235594576E-12", "1.43066052868836E-10", "6.536598826700802E-11", "2.761871743164621E-11", "1.493672386303597E-10"]], "epoch": "2458541.5"}, "elements": [{"label": "e", "units": null, "title": "eccentricity", "value": ".2409463682557077", "sigma": "3.1657E-7", "name": "e"}, {"label": "a", "name": "a", "sigma": "4.9944E-9", "units": "au", "value": ".9302369512028713", "title": "semi-major axis"}, {"label": "q", "sigma": "2.9823E-7", "name": "q", "value": ".7060997361932775", "title": "perihelion distance", "units": "au"}, {"label": "i", "name": "i", "sigma": "1.2224E-5", "units": "deg", "title": "inclination; angle with respect to x-y ecliptic plane", "value": "7.195268667817579"}, {"units": "deg", "title": "longitude of the ascending node", "value": "287.3474138579713", "name": "om", "sigma": "2.3906E-5", "label": "node"}, {"label": "peri", "name": "w", "sigma": "2.092E-5", "title": "argument of perihelion", "value": "233.6713179545839", "units": "deg"}, {"label": "M", "name": "ma", "sigma": "2.8716E-5", "value": "333.5826123338471", "title": "mean anomaly", "units": "deg"}, {"name": "tp", "sigma": "2.6223E-5", "units": "TDB", "value": "2461224.547845638393", "title": "time of perihelion passage", "label": "tp"}, {"label": "period", "units": "d", "title": "sidereal orbital period", "value": "327.7093306585174", "sigma": "2.6392E-6", "name": "per"}, {"label": "n", "units": "deg/d", "title": "mean motion", "value": "1.098534482605655", "name": "n", "sigma": "8.847E-9"}, {"units": "au", "title": "aphelion distance", "value": "1.154374166212465", "sigma": "6.1978E-9", "name": "ad", "label": "Q"}], "epoch": "2461200.5"}