{"spkid": "54054359", "covariance": {"labels": ["e", "q", "tp", "node", "peri", "i"], "elements": [{"label": "e", "title": "eccentricity", "value": ".5937699681809282", "units": null, "name": "e", "sigma": 3.53598049266287e-07}, {"value": "1.013712358599026", "title": "perihelion distance", "units": "au", "name": "q", "sigma": 8.93280845796642e-07, "label": "q"}, {"sigma": 0.000214304173820164, "name": "tp", "units": "TDB", "value": "2459282.805366104948", "title": "time of perihelion passage", "label": "tp"}, {"sigma": 9.92836692479581e-05, "name": "om", "value": "114.9515903876136", "title": "longitude of the ascending node", "units": "deg", "label": "node"}, {"name": "w", "sigma": 0.000111461048145751, "units": "deg", "title": "argument of perihelion", "value": "339.9117010866964", "label": "peri"}, {"label": "i", "sigma": 2.4128698754607e-05, "name": "i", "value": "11.76712201281659", "title": "inclination", "units": "deg"}], "data": [["1.250315804449232E-13", "-3.15811526275089E-13", "2.86986721020258E-11", "3.323208675802872E-12", "2.144038322985319E-11", "2.183376265677947E-12"], ["-3.15811526275089E-13", "7.979506694671644E-13", "-7.489028928809002E-11", "-8.609293084107394E-12", "-5.454906378581607E-11", "-5.640740576497002E-12"], ["2.86986721020258E-11", "-7.489028928809002E-11", "4.592627891674298E-8", "7.062821365278564E-9", "8.749177263919654E-9", "3.203806453430178E-9"], ["3.323208675802872E-12", "-8.609293084107394E-12", "7.062821365278564E-9", "9.857246979337939E-9", "-7.370645360924277E-9", "2.157940514962572E-9"], ["2.144038322985319E-11", "-5.454906378581607E-11", "8.749177263919654E-9", "-7.370645360924277E-9", "1.242356525374936E-8", "-9.906815840628201E-10"], ["2.183376265677947E-12", "-5.640740576497002E-12", "3.203806453430178E-9", "2.157940514962572E-9", "-9.906815840628201E-10", "5.821941035905755E-10"]], "epoch": "2459110.5"}, "elements": [{"name": "e", "sigma": "3.531E-7", "units": null, "value": ".5944482953406058", "title": "eccentricity", "label": "e"}, {"name": "a", "sigma": "4.6729E-8", "title": "semi-major axis", "value": "2.49440588996911", "units": "au", "label": "a"}, {"units": "au", "title": "perihelion distance", "value": "1.011610560789405", "name": "q", "sigma": "8.9075E-7", "label": "q"}, {"label": "i", "units": "deg", "title": "inclination; angle with respect to x-y ecliptic plane", "value": "11.77566278464406", "sigma": "2.4145E-5", "name": "i"}, {"value": "114.9295071654572", "title": "longitude of the ascending node", "units": "deg", "name": "om", "sigma": "9.9234E-5", "label": "node"}, {"label": "peri", "sigma": ".00011136", "name": "w", "title": "argument of perihelion", "value": "339.9342136336325", "units": "deg"}, {"sigma": "4.3208E-5", "name": "ma", "units": "deg", "value": "119.8672974539122", "title": "mean anomaly", "label": "M"}, {"label": "tp", "value": "2460721.376662988012", "title": "time of perihelion passage", "units": "TDB", "name": "tp", "sigma": ".00018207"}, {"label": "period", "name": "per", "sigma": "4.0435E-5", "units": "d", "value": "1438.961292930078", "title": "sidereal orbital period"}, {"value": ".2501804612596297", "title": "mean motion", "units": "deg/d", "sigma": "7.0301E-9", "name": "n", "label": "n"}, {"label": "Q", "name": "ad", "sigma": "7.4507E-8", "units": "au", "title": "aphelion distance", "value": "3.977201219148813"}], "epoch": "2461200.5"}