{"spkid": "54054747", "covariance": {"elements": [{"sigma": 6.08975842521436e-08, "name": "e", "title": "eccentricity", "value": ".3026762053074247", "units": null, "label": "e"}, {"label": "q", "sigma": 6.78157148468871e-08, "name": "q", "value": ".7589515424329875", "title": "perihelion distance", "units": "au"}, {"label": "tp", "name": "tp", "sigma": 2.1670176988347e-05, "value": "2458402.754416354217", "title": "time of perihelion passage", "units": "TDB"}, {"value": "221.2652015099926", "title": "longitude of the ascending node", "units": "deg", "sigma": 1.30588956946703e-05, "name": "om", "label": "node"}, {"label": "peri", "units": "deg", "title": "argument of perihelion", "value": "271.3223205168169", "name": "w", "sigma": 1.67225561320905e-05}, {"label": "i", "units": "deg", "value": "19.21914383955839", "title": "inclination", "sigma": 1.11806817520573e-05, "name": "i"}], "data": [["3.708515767746933E-15", "-4.122077402856451E-15", "5.459693468917215E-13", "1.671097810781084E-13", "2.749596965154186E-13", "5.895757157103712E-14"], ["-4.122077402856451E-15", "4.598971180194309E-15", "-6.545451169528653E-13", "-1.941974370251977E-13", "-3.199368855851704E-13", "-5.856366192990957E-14"], ["5.459693468917215E-13", "-6.545451169528653E-13", "4.695965707062858E-10", "4.217506394834662E-11", "2.410925662088061E-10", "2.213340626813655E-11"], ["1.671097810781084E-13", "-1.941974370251977E-13", "4.217506394834662E-11", "1.705347567642772E-10", "-1.241770130140063E-10", "-5.53158376468707E-11"], ["2.749596965154186E-13", "-3.199368855851704E-13", "2.410925662088061E-10", "-1.241770130140063E-10", "2.796438835909173E-10", "5.620444010210981E-11"], ["5.895757157103712E-14", "-5.856366192990957E-14", "2.213340626813655E-11", "-5.53158376468707E-11", "5.620444010210981E-11", "1.250076444407864E-10"]], "labels": ["e", "q", "tp", "node", "peri", "i"], "epoch": "2458436.5"}, "elements": [{"name": "e", "sigma": "6.0944E-8", "units": null, "title": "eccentricity", "value": ".30284697174041", "label": "e"}, {"sigma": "6.1071E-9", "name": "a", "title": "semi-major axis", "value": "1.088739837165959", "units": "au", "label": "a"}, {"label": "q", "units": "au", "value": ".7590182744671016", "title": "perihelion distance", "name": "q", "sigma": "6.7811E-8"}, {"title": "inclination; angle with respect to x-y ecliptic plane", "value": "19.21664672629002", "units": "deg", "sigma": "1.1181E-5", "name": "i", "label": "i"}, {"value": "221.2144053893402", "title": "longitude of the ascending node", "units": "deg", "sigma": "1.3051E-5", "name": "om", "label": "node"}, {"label": "peri", "sigma": "1.672E-5", "name": "w", "units": "deg", "title": "argument of perihelion", "value": "271.3753969016296"}, {"label": "M", "sigma": "1.6314E-5", "name": "ma", "title": "mean anomaly", "value": "267.7152685237138", "units": "deg"}, {"name": "tp", "sigma": "1.9252E-5", "title": "time of perihelion passage", "value": "2461306.868234322158", "units": "TDB", "label": "tp"}, {"label": "period", "sigma": "3.4913E-6", "name": "per", "title": "sidereal orbital period", "value": "414.9393268356297", "units": "d"}, {"label": "n", "name": "n", "sigma": "7.3E-9", "units": "deg/d", "value": ".8675967225025338", "title": "mean motion"}, {"label": "Q", "units": "au", "value": "1.418461399864817", "title": "aphelion distance", "name": "ad", "sigma": "7.9566E-9"}], "epoch": "2461200.5"}