{"spkid": "54057199", "covariance": {"epoch": "2459798.5", "data": [["2.309108521712147E-13", "-4.79545581409796E-13", "8.95243318907067E-12", "-3.058757105579962E-13", "5.291832130425328E-11", "6.493903889588508E-12"], ["-4.79545581409796E-13", "9.959438995256415E-13", "-1.836351535385688E-11", "6.844998544395299E-13", "-1.098058459976614E-10", "-1.344172415061923E-11"], ["8.95243318907067E-12", "-1.836351535385688E-11", "1.568672016927282E-9", "2.588097873907662E-10", "2.554636987507931E-9", "4.872274590689968E-10"], ["-3.058757105579962E-13", "6.844998544395299E-13", "2.588097873907662E-10", "2.943588357721518E-10", "-1.84938394862377E-10", "-2.005765979614995E-10"], ["5.291832130425328E-11", "-1.098058459976614E-10", "2.554636987507931E-9", "-1.84938394862377E-10", "1.256197475893255E-8", "1.823200552001218E-9"], ["6.493903889588508E-12", "-1.344172415061923E-11", "4.872274590689968E-10", "-2.005765979614995E-10", "1.823200552001218E-9", "6.690123929350553E-10"]], "elements": [{"sigma": 4.80531843035625e-07, "name": "e", "units": null, "title": "eccentricity", "value": ".6857097884343055", "label": "e"}, {"units": "au", "title": "perihelion distance", "value": ".6565445005319498", "name": "q", "sigma": 9.97969889087663e-07, "label": "q"}, {"value": "2460295.877445770956", "title": "time of perihelion passage", "units": "TDB", "name": "tp", "sigma": 3.96064643325718e-05, "label": "tp"}, {"label": "node", "name": "om", "sigma": 1.71568888721747e-05, "units": "deg", "value": "28.73472964960873", "title": "longitude of the ascending node"}, {"label": "peri", "units": "deg", "title": "argument of perihelion", "value": "87.41193487452438", "name": "w", "sigma": 0.000112080215733788}, {"title": "inclination", "value": "10.82633671984238", "units": "deg", "sigma": 2.5865273880921e-05, "name": "i", "label": "i"}], "labels": ["e", "q", "tp", "node", "peri", "i"]}, "elements": [{"sigma": "4.7898E-7", "name": "e", "value": ".6858839412209632", "title": "eccentricity", "units": null, "label": "e"}, {"name": "a", "sigma": "2.2246E-8", "title": "semi-major axis", "value": "2.090702687780673", "units": "au", "label": "a"}, {"sigma": "9.9699E-7", "name": "q", "value": ".6567232883644041", "title": "perihelion distance", "units": "au", "label": "q"}, {"title": "inclination; angle with respect to x-y ecliptic plane", "value": "10.82165608557909", "units": "deg", "name": "i", "sigma": "2.5896E-5", "label": "i"}, {"title": "longitude of the ascending node", "value": "28.67268995546196", "units": "deg", "sigma": "1.7164E-5", "name": "om", "label": "node"}, {"label": "peri", "title": "argument of perihelion", "value": "87.43610054656192", "units": "deg", "sigma": ".00011214", "name": "w"}, {"label": "M", "name": "ma", "sigma": "1.76E-5", "value": "294.8151815198521", "title": "mean anomaly", "units": "deg"}, {"label": "tp", "value": "2461400.431306009078", "title": "time of perihelion passage", "units": "TDB", "sigma": "5.7111E-5", "name": "tp"}, {"value": "1104.172287987398", "title": "sidereal orbital period", "units": "d", "sigma": "1.7623E-5", "name": "per", "label": "period"}, {"title": "mean motion", "value": ".3260360759969632", "units": "deg/d", "sigma": "5.2037E-9", "name": "n", "label": "n"}, {"units": "au", "title": "aphelion distance", "value": "3.524682087196942", "sigma": "3.7504E-8", "name": "ad", "label": "Q"}], "epoch": "2461200.5"}