{"spkid": "54087659", "covariance": {"epoch": "2459938.5", "elements": [{"label": "e", "sigma": 8.36875019738466e-09, "name": "e", "value": ".5896056198615347", "title": "eccentricity", "units": null}, {"label": "q", "sigma": 2.11935929089087e-08, "name": "q", "title": "perihelion distance", "value": "1.03128378602318", "units": "au"}, {"label": "tp", "sigma": 1.01645162602951e-05, "name": "tp", "units": "TDB", "title": "time of perihelion passage", "value": "2460611.472826812500"}, {"label": "node", "units": "deg", "value": "211.7162918635213", "title": "longitude of the ascending node", "name": "om", "sigma": 1.13674859642184e-05}, {"units": "deg", "title": "argument of perihelion", "value": "180.4192301856756", "name": "w", "sigma": 1.59769356798286e-05, "label": "peri"}, {"units": "deg", "title": "inclination", "value": "4.052556954427255", "sigma": 3.01823332618326e-06, "name": "i", "label": "i"}], "data": [["7.003597986622584E-17", "-1.771242348555171E-16", "-2.111564369639068E-14", "1.767639326626561E-14", "-3.829377783491542E-14", "-1.89065824658094E-15"], ["-1.771242348555171E-16", "4.491683803885432E-16", "5.510866756507594E-14", "-4.423704288095156E-14", "9.788079375913602E-14", "4.549967487571549E-15"], ["-2.111564369639068E-14", "5.510866756507594E-14", "1.033173908058027E-10", "2.737319218137015E-12", "1.146119989541366E-10", "-8.183333622189443E-12"], ["1.767639326626561E-14", "-4.423704288095156E-14", "2.737319218137015E-12", "1.292197371467027E-10", "-1.249636874298245E-10", "1.156770851095377E-11"], ["-3.829377783491542E-14", "9.788079375913602E-14", "1.146119989541366E-10", "-1.249636874298245E-10", "2.552624737173817E-10", "-2.117337650693783E-11"], ["-1.89065824658094E-15", "4.549967487571549E-15", "-8.183333622189443E-12", "1.156770851095377E-11", "-2.117337650693783E-11", "9.109732411283292E-12"]], "labels": ["e", "q", "tp", "node", "peri", "i"]}, "elements": [{"label": "e", "value": ".5901283752937939", "title": "eccentricity", "units": null, "sigma": "8.5818E-9", "name": "e"}, {"label": "a", "title": "semi-major axis", "value": "2.514824265089375", "units": "au", "sigma": "2.8974E-9", "name": "a"}, {"label": "q", "units": "au", "value": "1.030755107382773", "title": "perihelion distance", "name": "q", "sigma": "2.1136E-8"}, {"units": "deg", "title": "inclination; angle with respect to x-y ecliptic plane", "value": "4.048943887289255", "name": "i", "sigma": "3.0189E-6", "label": "i"}, {"label": "node", "units": "deg", "title": "longitude of the ascending node", "value": "211.6758656785042", "sigma": "1.1386E-5", "name": "om"}, {"label": "peri", "units": "deg", "title": "argument of perihelion", "value": "180.527033115541", "name": "w", "sigma": "1.6014E-5"}, {"label": "M", "units": "deg", "value": "145.578879734648", "title": "mean anomaly", "name": "ma", "sigma": "2.5137E-6"}, {"label": "tp", "title": "time of perihelion passage", "value": "2460611.445114419225", "units": "TDB", "sigma": "1.0115E-5", "name": "tp"}, {"label": "period", "sigma": "2.5174E-6", "name": "per", "title": "sidereal orbital period", "value": "1456.665686640865", "units": "d"}, {"name": "n", "sigma": "4.271E-10", "title": "mean motion", "value": ".2471397543729995", "units": "deg/d", "label": "n"}, {"name": "ad", "sigma": "4.6072E-9", "units": "au", "title": "aphelion distance", "value": "3.998893422795977", "label": "Q"}], "epoch": "2461200.5"}