{"spkid": "54087767", "covariance": {"epoch": "2459454.5", "data": [["4.675342529212432E-12", "-5.037740095662348E-12", "3.618333516478519E-11", "-6.662458074043816E-12", "-2.549071430596623E-10", "9.185465203380426E-12"], ["-5.037740095662348E-12", "5.428261566224248E-12", "-3.875343835016452E-11", "7.615480824690108E-12", "2.744290696572008E-10", "-9.899227907695476E-12"], ["3.618333516478519E-11", "-3.875343835016452E-11", "2.132067105836169E-9", "3.46133124983823E-9", "-3.896444439328745E-9", "5.678866241476881E-11"], ["-6.662458074043816E-12", "7.615480824690108E-12", "3.46133124983823E-9", "9.473327443716328E-8", "-9.134193991402038E-8", "1.843735720310721E-10"], ["-2.549071430596623E-10", "2.744290696572008E-10", "-3.896444439328745E-9", "-9.134193991402038E-8", "1.039490080341496E-7", "-7.10545627279108E-10"], ["9.185465203380426E-12", "-9.899227907695476E-12", "5.678866241476881E-11", "1.843735720310721E-10", "-7.10545627279108E-10", "1.913984733460747E-11"]], "elements": [{"label": "e", "units": null, "value": ".1430071985234186", "title": "eccentricity", "name": "e", "sigma": 2.16225403900939e-06}, {"units": "au", "value": ".844124126201935", "title": "perihelion distance", "sigma": 2.32986299301574e-06, "name": "q", "label": "q"}, {"label": "tp", "sigma": 4.61743121858482e-05, "name": "tp", "value": "2459424.038459351657", "title": "time of perihelion passage", "units": "TDB"}, {"title": "longitude of the ascending node", "value": "351.1359784841646", "units": "deg", "name": "om", "sigma": 0.000307787710016439, "label": "node"}, {"label": "peri", "name": "w", "sigma": 0.000322411240551798, "title": "argument of perihelion", "value": "304.0240414364656", "units": "deg"}, {"sigma": 4.37491112305238e-06, "name": "i", "units": "deg", "title": "inclination", "value": ".374382215765459", "label": "i"}], "labels": ["e", "q", "tp", "node", "peri", "i"]}, "elements": [{"label": "e", "units": null, "title": "eccentricity", "value": ".1431904645598458", "name": "e", "sigma": "2.1488E-6"}, {"label": "a", "units": "au", "value": ".9822729861769038", "title": "semi-major axis", "name": "a", "sigma": "7.5088E-8"}, {"value": ".841620860961646", "title": "perihelion distance", "units": "au", "sigma": "2.1721E-6", "name": "q", "label": "q"}, {"sigma": "4.7982E-6", "name": "i", "units": "deg", "title": "inclination; angle with respect to x-y ecliptic plane", "value": ".3698423353409739", "label": "i"}, {"label": "node", "name": "om", "sigma": ".00031658", "title": "longitude of the ascending node", "value": "350.4836480349296", "units": "deg"}, {"sigma": ".00036414", "name": "w", "units": "deg", "value": "304.7153219964736", "title": "argument of perihelion", "label": "peri"}, {"name": "ma", "sigma": ".00053869", "value": "353.2605552633158", "title": "mean anomaly", "units": "deg", "label": "M"}, {"name": "tp", "sigma": ".00053279", "value": "2461207.156843444707", "title": "time of perihelion passage", "units": "TDB", "label": "tp"}, {"units": "d", "value": "355.5876980562111", "title": "sidereal orbital period", "sigma": "4.0773E-5", "name": "per", "label": "period"}, {"title": "mean motion", "value": "1.012408477480825", "units": "deg/d", "sigma": "1.1609E-7", "name": "n", "label": "n"}, {"name": "ad", "sigma": "8.584E-8", "title": "aphelion distance", "value": "1.122925111392162", "units": "au", "label": "Q"}], "epoch": "2461200.5"}