{"spkid": "54087574", "covariance": {"labels": ["e", "q", "tp", "node", "peri", "i"], "elements": [{"label": "e", "sigma": 3.74815179166259e-07, "name": "e", "units": null, "value": ".6115156822963966", "title": "eccentricity"}, {"label": "q", "sigma": 9.37956131960132e-07, "name": "q", "title": "perihelion distance", "value": ".9680514845985163", "units": "au"}, {"units": "TDB", "title": "time of perihelion passage", "value": "2460571.640805734266", "sigma": 0.000160874991376067, "name": "tp", "label": "tp"}, {"label": "node", "units": "deg", "value": "31.33915082551351", "title": "longitude of the ascending node", "sigma": 3.38611568468651e-05, "name": "om"}, {"label": "peri", "sigma": 0.00023174138205137, "name": "w", "units": "deg", "title": "argument of perihelion", "value": "330.2653293970725"}, {"label": "i", "units": "deg", "value": "45.45549607422792", "title": "inclination", "name": "i", "sigma": 0.000131026334712321}], "data": [["1.404864185334347E-13", "-3.515467548503824E-13", "-5.955195882768682E-11", "9.170932228407344E-12", "-8.648195910167095E-11", "3.276552328136342E-11"], ["-3.515467548503824E-13", "8.797617054816128E-13", "1.491965807289329E-10", "-2.302237521964314E-11", "2.164937768881821E-10", "-8.2104580099759E-11"], ["-5.955195882768682E-11", "1.491965807289329E-10", "2.588076285024979E-8", "-4.088235833535134E-9", "3.706815032693412E-8", "-1.424229837721947E-8"], ["9.170932228407344E-12", "-2.302237521964314E-11", "-4.088235833535134E-9", "1.146577943008E-9", "-5.995421118704528E-9", "4.195414477702533E-9"], ["-8.648195910167095E-11", "2.164937768881821E-10", "3.706815032693412E-8", "-5.995421118704528E-9", "5.370406815507889E-8", "-2.147049050705343E-8"], ["3.276552328136342E-11", "-8.2104580099759E-11", "-1.424229837721947E-8", "4.195414477702533E-9", "-2.147049050705343E-8", "1.716790038814524E-8"]], "epoch": "2460060.5"}, "elements": [{"name": "e", "sigma": "3.7464E-7", "title": "eccentricity", "value": ".6113117106888624", "units": null, "label": "e"}, {"name": "a", "sigma": "2.1615E-8", "units": "au", "title": "semi-major axis", "value": "2.490028003142268", "label": "a"}, {"label": "q", "sigma": "9.358E-7", "name": "q", "value": ".9678447248781962", "title": "perihelion distance", "units": "au"}, {"name": "i", "sigma": ".00013101", "units": "deg", "value": "45.45525429931657", "title": "inclination; angle with respect to x-y ecliptic plane", "label": "i"}, {"name": "om", "sigma": "3.3879E-5", "units": "deg", "title": "longitude of the ascending node", "value": "31.32527827217525", "label": "node"}, {"units": "deg", "title": "argument of perihelion", "value": "330.2618726211472", "name": "w", "sigma": ".0002319", "label": "peri"}, {"name": "ma", "sigma": "4.1293E-5", "units": "deg", "title": "mean anomaly", "value": "157.7577009406441", "label": "M"}, {"label": "tp", "value": "2460571.583713398818", "title": "time of perihelion passage", "units": "TDB", "sigma": ".00016065", "name": "tp"}, {"label": "period", "title": "sidereal orbital period", "value": "1435.17471303421", "units": "d", "sigma": "1.8687E-5", "name": "per"}, {"label": "n", "units": "deg/d", "title": "mean motion", "value": ".2508405399917458", "sigma": "3.2662E-9", "name": "n"}, {"label": "Q", "value": "4.01221128140634", "title": "aphelion distance", "units": "au", "name": "ad", "sigma": "3.4828E-8"}], "epoch": "2461200.5"}