{"spkid": "54092911", "covariance": {"elements": [{"label": "e", "sigma": 4.15383666626027e-08, "name": "e", "units": null, "title": "eccentricity", "value": ".6145494300101976"}, {"label": "q", "name": "q", "sigma": 1.1242050179645e-07, "title": "perihelion distance", "value": ".9534120696784609", "units": "au"}, {"name": "tp", "sigma": 5.04818200947136e-05, "units": "TDB", "title": "time of perihelion passage", "value": "2460580.658121266724", "label": "tp"}, {"label": "node", "title": "longitude of the ascending node", "value": "5.899795095705757", "units": "deg", "sigma": 6.18759783180192e-05, "name": "om"}, {"sigma": 6.76603327742652e-05, "name": "w", "units": "deg", "title": "argument of perihelion", "value": "29.1024024589203", "label": "peri"}, {"label": "i", "sigma": 1.27674851728156e-05, "name": "i", "units": "deg", "value": "20.50634567900403", "title": "inclination"}], "data": [["1.725435904996827E-15", "-4.644158077114166E-15", "-1.274913743866373E-12", "9.620321433408912E-13", "-1.583734616809955E-12", "-2.094618719229049E-13"], ["-4.644158077114166E-15", "1.263836922416572E-14", "3.879208351487279E-12", "-2.589101802989651E-12", "4.458478979238403E-12", "5.550436946187633E-13"], ["-1.274913743866373E-12", "3.879208351487279E-12", "2.548414160075035E-9", "-6.42139239055813E-10", "1.899787470722155E-9", "1.299154317257018E-10"], ["9.620321433408912E-13", "-2.589101802989651E-12", "-6.42139239055813E-10", "3.828636692811982E-9", "-3.844433145815648E-9", "-5.689879862490853E-10"], ["-1.583734616809955E-12", "4.458478979238403E-12", "1.899787470722155E-9", "-3.844433145815648E-9", "4.577920631124309E-9", "6.024066459783388E-10"], ["-2.094618719229049E-13", "5.550436946187633E-13", "1.299154317257018E-10", "-5.689879862490853E-10", "6.024066459783388E-10", "1.630086776380673E-10"]], "labels": ["e", "q", "tp", "node", "peri", "i"], "epoch": "2460208.5"}, "elements": [{"label": "e", "units": null, "value": ".6142977046085464", "title": "eccentricity", "sigma": "4.1555E-8", "name": "e"}, {"title": "semi-major axis", "value": "2.472368137955787", "units": "au", "name": "a", "sigma": "3.8488E-8", "label": "a"}, {"units": "au", "value": ".9535980658622411", "title": "perihelion distance", "sigma": "1.1246E-7", "name": "q", "label": "q"}, {"units": "deg", "title": "inclination; angle with respect to x-y ecliptic plane", "value": "20.50205017251601", "sigma": "1.277E-5", "name": "i", "label": "i"}, {"units": "deg", "value": "5.882817027596135", "title": "longitude of the ascending node", "name": "om", "sigma": "6.19E-5", "label": "node"}, {"label": "peri", "units": "deg", "title": "argument of perihelion", "value": "29.12798360559809", "name": "w", "sigma": "6.7691E-5"}, {"sigma": "1.6392E-5", "name": "ma", "units": "deg", "value": "157.1833824390361", "title": "mean anomaly", "label": "M"}, {"name": "tp", "sigma": "5.0504E-5", "units": "TDB", "title": "time of perihelion passage", "value": "2460580.527732147734", "label": "tp"}, {"name": "per", "sigma": "3.3157E-5", "units": "d", "title": "sidereal orbital period", "value": "1419.933920262725", "label": "period"}, {"label": "n", "sigma": "5.9202E-9", "name": "n", "value": ".2535329249218798", "title": "mean motion", "units": "deg/d"}, {"units": "au", "value": "3.991138210049332", "title": "aphelion distance", "name": "ad", "sigma": "6.2131E-8", "label": "Q"}], "epoch": "2461200.5"}