{"spkid": "54102019", "covariance": {"elements": [{"value": ".3175171224048293", "title": "eccentricity", "units": null, "sigma": 4.48669008894498e-07, "name": "e", "label": "e"}, {"label": "q", "title": "perihelion distance", "value": ".6682918137718643", "units": "au", "name": "q", "sigma": 4.61865315123835e-07}, {"label": "tp", "sigma": 2.64523156871135e-05, "name": "tp", "title": "time of perihelion passage", "value": "2459123.679039934353", "units": "TDB"}, {"name": "om", "sigma": 2.7654472891228e-05, "value": "287.6023552084731", "title": "longitude of the ascending node", "units": "deg", "label": "node"}, {"name": "w", "sigma": 5.12725416522617e-05, "value": "47.57748001375704", "title": "argument of perihelion", "units": "deg", "label": "peri"}, {"value": "3.694675078767857", "title": "inclination", "units": "deg", "sigma": 1.0045748524323e-05, "name": "i", "label": "i"}], "data": [["2.01303879542371E-13", "-2.072055731584528E-13", "6.652472078566417E-12", "3.36271187057754E-12", "-1.688442337056796E-11", "2.656811649444545E-12"], ["-2.072055731584528E-13", "2.133195693144393E-13", "-6.783429177156348E-12", "-3.49192563334038E-12", "1.746062035909306E-11", "-2.738048198411119E-12"], ["6.652472078566417E-12", "-6.783429177156348E-12", "6.997250052107115E-10", "-9.550814835792456E-11", "-2.273890155116042E-11", "3.159775527220044E-11"], ["3.36271187057754E-12", "-3.49192563334038E-12", "-9.550814835792456E-11", "7.647698708916617E-10", "-1.128282757670763E-9", "-5.512589848533273E-11"], ["-1.688442337056796E-11", "1.746062035909306E-11", "-2.273890155116042E-11", "-1.128282757670763E-9", "2.628873527482909E-9", "-1.603858838406903E-10"], ["2.656811649444545E-12", "-2.738048198411119E-12", "3.159775527220044E-11", "-5.512589848533273E-11", "-1.603858838406903E-10", "1.009170634139372E-10"]], "labels": ["e", "q", "tp", "node", "peri", "i"], "epoch": "2459233.5"}, "elements": [{"label": "e", "name": "e", "sigma": "4.4606E-7", "value": ".317580534133496", "title": "eccentricity", "units": null}, {"label": "a", "sigma": "3.9365E-8", "name": "a", "title": "semi-major axis", "value": ".9795159425359262", "units": "au"}, {"label": "q", "name": "q", "sigma": "4.6296E-7", "value": ".6684407463130919", "title": "perihelion distance", "units": "au"}, {"label": "i", "value": "3.694870189175007", "title": "inclination; angle with respect to x-y ecliptic plane", "units": "deg", "sigma": "1.005E-5", "name": "i"}, {"name": "om", "sigma": "2.7304E-5", "units": "deg", "value": "287.3748907166213", "title": "longitude of the ascending node", "label": "node"}, {"label": "peri", "sigma": "5.1228E-5", "name": "w", "units": "deg", "value": "47.66054397948724", "title": "argument of perihelion"}, {"label": "M", "value": "312.5720211559656", "title": "mean anomaly", "units": "deg", "name": "ma", "sigma": ".00010988"}, {"name": "tp", "sigma": ".00011081", "units": "TDB", "title": "time of perihelion passage", "value": "2461247.149587407412", "label": "tp"}, {"name": "per", "sigma": "2.1345E-5", "units": "d", "value": "354.091653829366", "title": "sidereal orbital period", "label": "period"}, {"label": "n", "name": "n", "sigma": "6.1288E-8", "title": "mean motion", "value": "1.016685923282115", "units": "deg/d"}, {"value": "1.290591138758761", "title": "aphelion distance", "units": "au", "sigma": "5.1866E-8", "name": "ad", "label": "Q"}], "epoch": "2461200.5"}