{"spkid": "54106083", "covariance": {"epoch": "2459280.5", "elements": [{"label": "e", "sigma": 1.43219177042585e-06, "name": "e", "units": null, "value": ".2305418982158177", "title": "eccentricity"}, {"sigma": 1.41074793044097e-06, "name": "q", "title": "perihelion distance", "value": ".7709849337774063", "units": "au", "label": "q"}, {"label": "tp", "sigma": 6.02676891453876e-05, "name": "tp", "title": "time of perihelion passage", "value": "2459306.001225440241", "units": "TDB"}, {"units": "deg", "title": "longitude of the ascending node", "value": "117.0583931968481", "sigma": 3.86364505786707e-06, "name": "om", "label": "node"}, {"label": "peri", "name": "w", "sigma": 0.000105041163410326, "value": "99.17850695387143", "title": "argument of perihelion", "units": "deg"}, {"label": "i", "value": "12.45974972202633", "title": "inclination", "units": "deg", "name": "i", "sigma": 8.06706746798196e-05}], "data": [["2.051173267275522E-12", "-2.020404304284883E-12", "-8.601855527956583E-11", "-3.13131827457145E-12", "1.503307475815594E-10", "1.08431572261487E-10"], ["-2.020404304284883E-12", "1.990209723243483E-12", "8.471313528104232E-11", "3.080201999097069E-12", "-1.481030788818608E-10", "-1.067174740031748E-10"], ["-8.601855527956583E-11", "8.471313528104232E-11", "3.632194354925073E-9", "1.402596548338111E-10", "-6.292127816189056E-9", "-4.525778300018535E-9"], ["-3.13131827457145E-12", "3.080201999097069E-12", "1.402596548338111E-10", "1.492775313318064E-11", "-2.316314535865819E-10", "-2.125309967684826E-10"], ["1.503307475815594E-10", "-1.481030788818608E-10", "-6.292127816189056E-9", "-2.316314535865819E-10", "1.103364601059486E-8", "7.992527266392121E-9"], ["1.08431572261487E-10", "-1.067174740031748E-10", "-4.525778300018535E-9", "-2.125309967684826E-10", "7.992527266392121E-9", "6.507757753297291E-9"]], "labels": ["e", "q", "tp", "node", "peri", "i"]}, "elements": [{"title": "eccentricity", "value": ".2305073724148447", "units": null, "name": "e", "sigma": "1.4276E-6", "label": "e"}, {"label": "a", "units": "au", "title": "semi-major axis", "value": "1.004398834620712", "sigma": "9.828E-9", "name": "a"}, {"value": ".7728774983957595", "title": "perihelion distance", "units": "au", "sigma": "1.4411E-6", "name": "q", "label": "q"}, {"label": "i", "value": "12.4556082826396", "title": "inclination; angle with respect to x-y ecliptic plane", "units": "deg", "name": "i", "sigma": "8.073E-5"}, {"label": "node", "title": "longitude of the ascending node", "value": "116.9271224904094", "units": "deg", "sigma": "3.0462E-6", "name": "om"}, {"sigma": ".00011849", "name": "w", "units": "deg", "value": "98.57954581467176", "title": "argument of perihelion", "label": "peri"}, {"sigma": "3.8616E-5", "name": "ma", "units": "deg", "title": "mean anomaly", "value": "57.74231045270294", "label": "M"}, {"name": "tp", "sigma": "3.8607E-5", "units": "TDB", "title": "time of perihelion passage", "value": "2461141.527521095443", "label": "tp"}, {"value": "367.6696037826558", "title": "sidereal orbital period", "units": "d", "name": "per", "sigma": "5.3964E-6", "label": "period"}, {"value": ".9791399568967644", "title": "mean motion", "units": "deg/d", "name": "n", "sigma": "1.4371E-8", "label": "n"}, {"label": "Q", "sigma": "1.2093E-8", "name": "ad", "units": "au", "value": "1.235920170845665", "title": "aphelion distance"}], "epoch": "2461200.5"}