{"spkid": "54102020", "covariance": {"elements": [{"label": "e", "units": null, "title": "eccentricity", "value": ".6275197906251585", "sigma": 1.58110310930129e-07, "name": "e"}, {"label": "q", "name": "q", "sigma": 3.28362021599791e-07, "units": "au", "value": ".7744937555742807", "title": "perihelion distance"}, {"name": "tp", "sigma": 1.45480200846128e-05, "units": "TDB", "value": "2460260.895547966109", "title": "time of perihelion passage", "label": "tp"}, {"name": "om", "sigma": 7.3113985252357e-06, "value": "91.17740633455411", "title": "longitude of the ascending node", "units": "deg", "label": "node"}, {"sigma": 4.76119229970334e-05, "name": "w", "value": "296.0314649369143", "title": "argument of perihelion", "units": "deg", "label": "peri"}, {"units": "deg", "title": "inclination", "value": "9.481487716238171", "sigma": 1.74143708814304e-05, "name": "i", "label": "i"}], "data": [["2.499887042242207E-14", "-5.19171675921235E-14", "-1.853740812057601E-12", "5.346102021706073E-13", "-7.488264604852681E-12", "7.04581444880115E-13"], ["-5.19171675921235E-14", "1.078216172291017E-13", "3.85799765038632E-12", "-1.105227111307251E-12", "1.555441101511087E-11", "-1.467322637416282E-12"], ["-1.853740812057601E-12", "3.85799765038632E-12", "2.116448883822964E-10", "6.499859388805557E-12", "5.830916507969857E-10", "-8.894221741673485E-11"], ["5.346102021706073E-13", "-1.105227111307251E-12", "6.499859388805557E-12", "5.345654839481881E-11", "-1.559353144333322E-10", "3.578000112913903E-11"], ["-7.488264604852681E-12", "1.555441101511087E-11", "5.830916507969857E-10", "-1.559353144333322E-10", "2.26689521147544E-9", "-2.675042287472966E-10"], ["7.04581444880115E-13", "-1.467322637416282E-12", "-8.894221741673485E-11", "3.578000112913903E-11", "-2.675042287472966E-10", "3.032603131960115E-10"]], "labels": ["e", "q", "tp", "node", "peri", "i"], "epoch": "2459883.5"}, "elements": [{"sigma": "1.2816E-7", "name": "e", "units": null, "title": "eccentricity", "value": ".6236546734816141", "label": "e"}, {"sigma": "6.568E-7", "name": "a", "title": "semi-major axis", "value": "2.061600538459844", "units": "au", "label": "a"}, {"label": "q", "value": ".7758737277971502", "title": "perihelion distance", "units": "au", "sigma": "3.6618E-7", "name": "q"}, {"label": "i", "units": "deg", "title": "inclination; angle with respect to x-y ecliptic plane", "value": "9.843874428953031", "sigma": "1.4955E-5", "name": "i"}, {"name": "om", "sigma": "7.3343E-6", "units": "deg", "title": "longitude of the ascending node", "value": "91.13654345133304", "label": "node"}, {"label": "peri", "value": "296.0352773402262", "title": "argument of perihelion", "units": "deg", "name": "w", "sigma": "5.6342E-5"}, {"label": "M", "sigma": ".00015442", "name": "ma", "units": "deg", "title": "mean anomaly", "value": "312.9712926908895"}, {"sigma": ".00053124", "name": "tp", "value": "2461341.742613798514", "title": "time of perihelion passage", "units": "TDB", "label": "tp"}, {"value": "1081.197929453073", "title": "sidereal orbital period", "units": "d", "sigma": ".00051668", "name": "per", "label": "period"}, {"label": "n", "units": "deg/d", "title": "mean motion", "value": ".3329640116700065", "name": "n", "sigma": "1.5912E-7"}, {"units": "au", "value": "3.347327349122538", "title": "aphelion distance", "name": "ad", "sigma": "1.0664E-6", "label": "Q"}], "epoch": "2461200.5"}