{"spkid": "54110087", "covariance": {"data": [["6.318020307959666E-15", "-6.105252163783744E-15", "-1.892752993691773E-12", "2.48072941700203E-13", "-1.824116407813257E-12", "1.475532686570549E-12"], ["-6.105252163783744E-15", "5.900732668418751E-15", "1.840902080771186E-12", "-2.400920087703186E-13", "1.774884845745293E-12", "-1.425293469797529E-12"], ["-1.892752993691773E-12", "1.840902080771186E-12", "3.455831568923921E-9", "-4.753469582478791E-11", "3.208588963553072E-9", "-2.377051075112967E-10"], ["2.48072941700203E-13", "-2.400920087703186E-13", "-4.753469582478791E-11", "6.767407512973763E-11", "-1.044247406116653E-10", "8.989035295802013E-11"], ["-1.824116407813257E-12", "1.774884845745293E-12", "3.208588963553072E-9", "-1.044247406116653E-10", "3.03852610332801E-9", "-2.660372091367996E-10"], ["1.475532686570549E-12", "-1.425293469797529E-12", "-2.377051075112967E-10", "8.989035295802013E-11", "-2.660372091367996E-10", "4.038626503285201E-10"]], "elements": [{"label": "e", "units": null, "title": "eccentricity", "value": ".09052939827180351", "name": "e", "sigma": 7.94859755426054e-08}, {"value": ".8466394612732349", "title": "perihelion distance", "units": "au", "sigma": 7.68162265958095e-08, "name": "q", "label": "q"}, {"label": "tp", "name": "tp", "sigma": 5.87863212739488e-05, "units": "TDB", "value": "2458768.069864730625", "title": "time of perihelion passage"}, {"label": "node", "name": "om", "sigma": 8.2264254162873e-06, "value": "142.6486550771902", "title": "longitude of the ascending node", "units": "deg"}, {"title": "argument of perihelion", "value": "185.2715491151827", "units": "deg", "name": "w", "sigma": 5.51228274250152e-05, "label": "peri"}, {"label": "i", "name": "i", "sigma": 2.0096334251015e-05, "value": "7.316954292537113", "title": "inclination", "units": "deg"}], "labels": ["e", "q", "tp", "node", "peri", "i"], "epoch": "2458890.5"}, "elements": [{"name": "e", "sigma": "7.4581E-8", "units": null, "value": ".09180348988478672", "title": "eccentricity", "label": "e"}, {"units": "au", "title": "semi-major axis", "value": ".9298478133712489", "name": "a", "sigma": "2.5517E-9", "label": "a"}, {"label": "q", "name": "q", "sigma": "6.7528E-8", "value": ".8444845390420304", "title": "perihelion distance", "units": "au"}, {"units": "deg", "value": "7.293799172313977", "title": "inclination; angle with respect to x-y ecliptic plane", "sigma": "2.0242E-5", "name": "i", "label": "i"}, {"label": "node", "sigma": "9.2649E-6", "name": "om", "value": "142.3627709315619", "title": "longitude of the ascending node", "units": "deg"}, {"label": "peri", "value": "185.1016717075767", "title": "argument of perihelion", "units": "deg", "name": "w", "sigma": "5.3963E-5"}, {"label": "M", "title": "mean anomaly", "value": "153.3914590943604", "units": "deg", "sigma": "6.4782E-5", "name": "ma"}, {"label": "tp", "name": "tp", "sigma": "5.8872E-5", "units": "TDB", "value": "2461060.954795692899", "title": "time of perihelion passage"}, {"label": "period", "sigma": "1.3481E-6", "name": "per", "title": "sidereal orbital period", "value": "327.5037205275742", "units": "d"}, {"sigma": "4.5248E-9", "name": "n", "units": "deg/d", "value": "1.099224153606798", "title": "mean motion", "label": "n"}, {"label": "Q", "units": "au", "title": "aphelion distance", "value": "1.015211087700467", "sigma": "2.786E-9", "name": "ad"}], "epoch": "2461200.5"}