{"spkid": "54110699", "covariance": {"data": [["3.100165400493141E-11", "-2.56139198137819E-11", "3.275795331758747E-9", "1.334145084833246E-10", "3.078221332438308E-10", "2.361453883877462E-9"], ["-2.56139198137819E-11", "2.116253065900999E-11", "-2.706494690384298E-9", "-1.102288292749486E-10", "-2.54320138970154E-10", "-1.951073311946913E-9"], ["3.275795331758747E-9", "-2.706494690384298E-9", "3.461519229496747E-7", "1.410288045779542E-8", "3.252909884078516E-8", "2.49514940707725E-7"], ["1.334145084833246E-10", "-1.102288292749486E-10", "1.410288045779542E-8", "5.843800131792134E-10", "1.319275720012895E-9", "1.019206931840669E-8"], ["3.078221332438308E-10", "-2.54320138970154E-10", "3.252909884078516E-8", "1.319275720012895E-9", "3.065704974111734E-9", "2.341331704264474E-8"], ["2.361453883877462E-9", "-1.951073311946913E-9", "2.49514940707725E-7", "1.019206931840669E-8", "2.341331704264474E-8", "1.802573430546553E-7"]], "elements": [{"label": "e", "value": ".4126773080071703", "title": "eccentricity", "units": null, "sigma": 5.56791289487645e-06, "name": "e"}, {"label": "q", "sigma": 4.60027506340762e-06, "name": "q", "value": ".4823982765542394", "title": "perihelion distance", "units": "au"}, {"name": "tp", "sigma": 0.000588346771003015, "units": "TDB", "value": "2460251.475715070392", "title": "time of perihelion passage", "label": "tp"}, {"units": "deg", "value": "295.8385762683694", "title": "longitude of the ascending node", "sigma": 2.41739531971751e-05, "name": "om", "label": "node"}, {"units": "deg", "value": "42.22117173656262", "title": "argument of perihelion", "sigma": 5.53688086752075e-05, "name": "w", "label": "peri"}, {"sigma": 0.000424567242088524, "name": "i", "units": "deg", "value": "20.26307369649746", "title": "inclination", "label": "i"}], "labels": ["e", "q", "tp", "node", "peri", "i"], "epoch": "2460128.5"}, "elements": [{"units": null, "title": "eccentricity", "value": ".4131748391372166", "sigma": "5.5476E-6", "name": "e", "label": "e"}, {"label": "a", "units": "au", "title": "semi-major axis", "value": ".8206838762050269", "sigma": "2.2566E-8", "name": "a"}, {"label": "q", "title": "perihelion distance", "value": ".4815979476715075", "units": "au", "name": "q", "sigma": "4.5654E-6"}, {"label": "i", "sigma": ".00042486", "name": "i", "units": "deg", "value": "20.26044508092653", "title": "inclination; angle with respect to x-y ecliptic plane"}, {"value": "295.8207318723367", "title": "longitude of the ascending node", "units": "deg", "sigma": "2.4986E-5", "name": "om", "label": "node"}, {"sigma": "6.1061E-5", "name": "w", "units": "deg", "title": "argument of perihelion", "value": "42.09754597853114", "label": "peri"}, {"units": "deg", "value": "178.1884477567491", "title": "mean anomaly", "sigma": ".00073233", "name": "ma", "label": "M"}, {"units": "TDB", "title": "time of perihelion passage", "value": "2461066.087604168397", "sigma": ".00055764", "name": "tp", "label": "tp"}, {"units": "d", "title": "sidereal orbital period", "value": "271.5577979860611", "sigma": "1.12E-5", "name": "per", "label": "period"}, {"label": "n", "units": "deg/d", "title": "mean motion", "value": "1.325684633878489", "sigma": "5.4677E-8", "name": "n"}, {"units": "au", "value": "1.159769804738547", "title": "aphelion distance", "sigma": "3.1889E-8", "name": "ad", "label": "Q"}], "epoch": "2461200.5"}