{"spkid": "54125898", "covariance": {"epoch": "2459316.5", "data": [["3.663335083714205E-14", "-4.804287732569261E-14", "-1.030855722450852E-11", "-1.149497970987624E-12", "-3.776033201167701E-12", "-4.01540174584648E-13"], ["-4.804287732569261E-14", "6.302009772212265E-14", "1.355776570092102E-11", "1.49951080306078E-12", "4.97551968971864E-12", "5.205799076531572E-13"], ["-1.030855722450852E-11", "1.355776570092102E-11", "5.143476460461451E-9", "3.646492811204354E-10", "1.98241455245767E-9", "1.633062589815349E-10"], ["-1.149497970987624E-12", "1.49951080306078E-12", "3.646492811204354E-10", "4.234787688978084E-10", "-2.173762413389286E-10", "1.319425107055623E-10"], ["-3.776033201167701E-12", "4.97551968971864E-12", "1.98241455245767E-9", "-2.173762413389286E-10", "1.118221030159657E-9", "-4.578273214171253E-11"], ["-4.01540174584648E-13", "5.205799076531572E-13", "1.633062589815349E-10", "1.319425107055623E-10", "-4.578273214171253E-11", "1.652943321897144E-10"]], "elements": [{"units": null, "title": "eccentricity", "value": ".2869362334511637", "sigma": 1.91398408658855e-07, "name": "e", "label": "e"}, {"label": "q", "units": "au", "value": ".9501340918049604", "title": "perihelion distance", "sigma": 2.51038040388549e-07, "name": "q"}, {"label": "tp", "sigma": 7.17180344157692e-05, "name": "tp", "units": "TDB", "title": "time of perihelion passage", "value": "2459046.411374456662"}, {"label": "node", "name": "om", "sigma": 2.05785997798152e-05, "units": "deg", "title": "longitude of the ascending node", "value": "149.3137725270568"}, {"units": "deg", "value": "221.5002413017286", "title": "argument of perihelion", "name": "w", "sigma": 3.34398120532944e-05, "label": "peri"}, {"units": "deg", "value": "21.64522048214777", "title": "inclination", "name": "i", "sigma": 1.28566843388844e-05, "label": "i"}], "labels": ["e", "q", "tp", "node", "peri", "i"]}, "elements": [{"sigma": "1.9145E-7", "name": "e", "units": null, "value": ".2868904210326052", "title": "eccentricity", "label": "e"}, {"label": "a", "sigma": "7.6826E-9", "name": "a", "units": "au", "title": "semi-major axis", "value": "1.332382549694201"}, {"sigma": "2.5111E-7", "name": "q", "value": ".950134759035936", "title": "perihelion distance", "units": "au", "label": "q"}, {"label": "i", "value": "21.64482813319318", "title": "inclination; angle with respect to x-y ecliptic plane", "units": "deg", "sigma": "1.2856E-5", "name": "i"}, {"units": "deg", "value": "149.2966937642176", "title": "longitude of the ascending node", "name": "om", "sigma": "2.058E-5", "label": "node"}, {"label": "peri", "units": "deg", "value": "221.5111792382244", "title": "argument of perihelion", "sigma": "3.344E-5", "name": "w"}, {"label": "M", "sigma": "4.1897E-5", "name": "ma", "units": "deg", "title": "mean anomaly", "value": "300.4170379234195"}, {"label": "tp", "name": "tp", "sigma": "6.5208E-5", "value": "2461293.473979448548", "title": "time of perihelion passage", "units": "TDB"}, {"label": "period", "units": "d", "value": "561.7483830102008", "title": "sidereal orbital period", "sigma": "4.8586E-6", "name": "per"}, {"value": ".6408563173264403", "title": "mean motion", "units": "deg/d", "name": "n", "sigma": "5.5428E-9", "label": "n"}, {"name": "ad", "sigma": "9.8866E-9", "units": "au", "value": "1.714630340352467", "title": "aphelion distance", "label": "Q"}], "epoch": "2461200.5"}