{"spkid": "54136195", "covariance": {"elements": [{"label": "e", "sigma": 8.09925618061716e-08, "name": "e", "value": ".7438003099117371", "title": "eccentricity", "units": null}, {"sigma": 1.61612132243602e-07, "name": "q", "units": "au", "title": "perihelion distance", "value": ".493129527278737", "label": "q"}, {"name": "tp", "sigma": 0.000272662851648206, "value": "2459236.452757710848", "title": "time of perihelion passage", "units": "TDB", "label": "tp"}, {"units": "deg", "value": "336.1863903416863", "title": "longitude of the ascending node", "sigma": 0.000194722527094698, "name": "om", "label": "node"}, {"sigma": 0.000116079490042484, "name": "w", "value": "103.9547637230583", "title": "argument of perihelion", "units": "deg", "label": "peri"}, {"units": "deg", "value": "6.205552450231872", "title": "inclination", "sigma": 1.63752488595564e-05, "name": "i", "label": "i"}], "data": [["6.559795067926529E-15", "-1.307990332805693E-14", "1.541523732311152E-11", "9.027714457758427E-12", "-3.250032039255266E-12", "-7.111709338735656E-13"], ["-1.307990332805693E-14", "2.611848128832352E-14", "-3.16136334514478E-11", "-1.854762096462501E-11", "6.640752096377008E-12", "1.459505429246411E-12"], ["1.541523732311152E-11", "-3.16136334514478E-11", "7.434503066893177E-8", "4.499347659952229E-8", "-1.471673869359378E-8", "-3.427503542767181E-9"], ["9.027714457758427E-12", "-1.854762096462501E-11", "4.499347659952229E-8", "3.791686255814546E-8", "-1.948401405908403E-8", "-1.170491993488757E-9"], ["-3.250032039255266E-12", "6.640752096377008E-12", "-1.471673869359378E-8", "-1.948401405908403E-8", "1.347444800852318E-8", "-2.199459842479897E-10"], ["-7.111709338735656E-13", "1.459505429246411E-12", "-3.427503542767181E-9", "-1.170491993488757E-9", "-2.199459842479897E-10", "2.681487752124028E-10"]], "labels": ["e", "q", "tp", "node", "peri", "i"], "epoch": "2459429.5"}, "elements": [{"units": null, "value": ".7440776772632669", "title": "eccentricity", "sigma": "8.0643E-8", "name": "e", "label": "e"}, {"units": "au", "value": "1.92454531782579", "title": "semi-major axis", "name": "a", "sigma": "3.6319E-8", "label": "a"}, {"label": "q", "sigma": "1.6181E-7", "name": "q", "value": ".4925341079500805", "title": "perihelion distance", "units": "au"}, {"sigma": "1.6382E-5", "name": "i", "title": "inclination; angle with respect to x-y ecliptic plane", "value": "6.207145257824537", "units": "deg", "label": "i"}, {"label": "node", "name": "om", "sigma": ".00019474", "value": "336.1108857840889", "title": "longitude of the ascending node", "units": "deg"}, {"label": "peri", "name": "w", "sigma": ".00011611", "value": "104.0408513406626", "title": "argument of perihelion", "units": "deg"}, {"label": "M", "value": "4.956907775762796", "title": "mean anomaly", "units": "deg", "name": "ma", "sigma": "8.4464E-5"}, {"value": "2461187.072381988214", "title": "time of perihelion passage", "units": "TDB", "sigma": ".00022912", "name": "tp", "label": "tp"}, {"label": "period", "units": "d", "title": "sidereal orbital period", "value": "975.1931451859801", "name": "per", "sigma": "2.7605E-5"}, {"units": "deg/d", "value": ".3691576399784312", "title": "mean motion", "name": "n", "sigma": "1.045E-8", "label": "n"}, {"label": "Q", "name": "ad", "sigma": "6.3343E-8", "title": "aphelion distance", "value": "3.3565565277015", "units": "au"}], "epoch": "2461200.5"}