{"spkid": "54131528", "covariance": {"data": [["1.473112684229797E-12", "-1.604136168976499E-12", "-5.034116647125267E-11", "3.709788540390139E-11", "-9.571185416429134E-11", "-1.549848794176248E-11"], ["-1.604136168976499E-12", "1.746827570124777E-12", "5.48211178833149E-11", "-4.035306964119225E-11", "1.041742299713518E-10", "1.68687441301838E-11"], ["-5.034116647125267E-11", "5.48211178833149E-11", "1.809867082177552E-9", "-1.436704437379662E-9", "3.529771170856002E-9", "5.348820692908274E-10"], ["3.709788540390139E-11", "-4.035306964119225E-11", "-1.436704437379662E-9", "1.635797050998806E-9", "-3.312145026239763E-9", "-4.451624314837591E-10"], ["-9.571185416429134E-11", "1.041742299713518E-10", "3.529771170856002E-9", "-3.312145026239763E-9", "7.416562397995469E-9", "1.072246973693082E-9"], ["-1.549848794176248E-11", "1.68687441301838E-11", "5.348820692908274E-10", "-4.451624314837591E-10", "1.072246973693082E-9", "1.729413886387481E-10"]], "elements": [{"value": ".298383125175503", "title": "eccentricity", "units": null, "name": "e", "sigma": 1.21371853583514e-06, "label": "e"}, {"value": ".6439255993805084", "title": "perihelion distance", "units": "au", "name": "q", "sigma": 1.3216760458315e-06, "label": "q"}, {"label": "tp", "name": "tp", "sigma": 4.25425326253333e-05, "units": "TDB", "title": "time of perihelion passage", "value": "2459527.832121704977"}, {"label": "node", "value": "181.1743152170656", "title": "longitude of the ascending node", "units": "deg", "sigma": 4.04449879589401e-05, "name": "om"}, {"label": "peri", "title": "argument of perihelion", "value": "229.1177847883715", "units": "deg", "sigma": 8.6119465848294e-05, "name": "w"}, {"label": "i", "sigma": 1.31507181795805e-05, "name": "i", "title": "inclination", "value": "1.649240540865931", "units": "deg"}], "labels": ["e", "q", "tp", "node", "peri", "i"], "epoch": "2459422.5"}, "elements": [{"label": "e", "sigma": "1.0866E-6", "name": "e", "units": null, "value": ".2987349231766833", "title": "eccentricity"}, {"sigma": "5.7887E-7", "name": "a", "value": ".9173735182334714", "title": "semi-major axis", "units": "au", "label": "a"}, {"sigma": "1.4027E-6", "name": "q", "units": "au", "title": "perihelion distance", "value": ".6433220107396715", "label": "q"}, {"label": "i", "units": "deg", "value": "1.657643345645937", "title": "inclination; angle with respect to x-y ecliptic plane", "sigma": "1.3521E-5", "name": "i"}, {"value": "180.1715078042953", "title": "longitude of the ascending node", "units": "deg", "name": "om", "sigma": "3.4325E-5", "label": "node"}, {"value": "230.2056986737645", "title": "argument of perihelion", "units": "deg", "sigma": ".0001241", "name": "w", "label": "peri"}, {"name": "ma", "sigma": ".0010193", "title": "mean anomaly", "value": "76.63177548005648", "units": "deg", "label": "M"}, {"label": "tp", "units": "TDB", "title": "time of perihelion passage", "value": "2461132.183735271400", "sigma": ".00084405", "name": "tp"}, {"title": "sidereal orbital period", "value": "320.9354755025446", "units": "d", "sigma": ".00030377", "name": "per", "label": "period"}, {"name": "n", "sigma": "1.0617E-6", "units": "deg/d", "value": "1.121720805206359", "title": "mean motion", "label": "n"}, {"units": "au", "title": "aphelion distance", "value": "1.191425025727271", "name": "ad", "sigma": "7.518E-7", "label": "Q"}], "epoch": "2461200.5"}