{"spkid": "54130036", "covariance": {"epoch": "2459413.5", "elements": [{"label": "e", "value": ".1544858806303164", "title": "eccentricity", "units": null, "name": "e", "sigma": 9.15025048331933e-08}, {"label": "q", "name": "q", "sigma": 8.09690421910142e-08, "units": "au", "value": ".7484776415268234", "title": "perihelion distance"}, {"label": "tp", "units": "TDB", "title": "time of perihelion passage", "value": "2459466.096860303338", "name": "tp", "sigma": 4.9833530437338e-05}, {"label": "node", "title": "longitude of the ascending node", "value": "162.0379409636737", "units": "deg", "name": "om", "sigma": 1.75625452318725e-05}, {"label": "peri", "units": "deg", "value": "214.1421300707603", "title": "argument of perihelion", "sigma": 3.37896913248015e-05, "name": "w"}, {"label": "i", "units": "deg", "value": "5.519563190351747", "title": "inclination", "name": "i", "sigma": 1.19024046818951e-05}], "data": [["8.372708390748556E-15", "-7.407615969648072E-15", "4.384736067713414E-12", "5.618637711702067E-13", "3.020357491447037E-12", "8.024490097545147E-13"], ["-7.407615969648072E-15", "6.555985793330239E-15", "-3.869100195239034E-12", "-4.881716349087737E-13", "-2.672601780887799E-12", "-7.088672424777172E-13"], ["4.384736067713414E-12", "-3.869100195239034E-12", "2.48338075584909E-9", "5.000023600686043E-10", "1.541508365760903E-9", "4.511546124293843E-10"], ["5.618637711702067E-13", "-4.881716349087737E-13", "5.000023600686043E-10", "3.084429950215681E-10", "1.145555463759727E-10", "1.282750466131902E-10"], ["3.020357491447037E-12", "-2.672601780887799E-12", "1.541508365760903E-9", "1.145555463759727E-10", "1.141743239825366E-9", "2.426581506455156E-10"], ["8.024490097545147E-13", "-7.088672424777172E-13", "4.511546124293843E-10", "1.282750466131902E-10", "2.426581506455156E-10", "1.416672372115979E-10"]], "labels": ["e", "q", "tp", "node", "peri", "i"]}, "elements": [{"label": "e", "units": null, "title": "eccentricity", "value": ".157220187159142", "sigma": "8.7611E-8", "name": "e"}, {"label": "a", "title": "semi-major axis", "value": ".8825118701786405", "units": "au", "sigma": "1.4742E-8", "name": "a"}, {"name": "q", "sigma": "7.7824E-8", "units": "au", "title": "perihelion distance", "value": ".7437631887789902", "label": "q"}, {"label": "i", "units": "deg", "title": "inclination; angle with respect to x-y ecliptic plane", "value": "5.452348367942633", "sigma": "1.2115E-5", "name": "i"}, {"label": "node", "value": "161.6431180697118", "title": "longitude of the ascending node", "units": "deg", "sigma": "1.8453E-5", "name": "om"}, {"value": "213.3078084016749", "title": "argument of perihelion", "units": "deg", "name": "w", "sigma": "3.4844E-5", "label": "peri"}, {"label": "M", "value": "254.1319359680741", "title": "mean anomaly", "units": "deg", "name": "ma", "sigma": "6.0583E-5"}, {"title": "time of perihelion passage", "value": "2461289.551600805005", "units": "TDB", "sigma": "5.1175E-5", "name": "tp", "label": "tp"}, {"sigma": "7.5878E-6", "name": "per", "value": "302.8163080429447", "title": "sidereal orbital period", "units": "d", "label": "period"}, {"label": "n", "title": "mean motion", "value": "1.188839538816865", "units": "deg/d", "name": "n", "sigma": "2.9789E-8"}, {"value": "1.021260551578291", "title": "aphelion distance", "units": "au", "name": "ad", "sigma": "1.706E-8", "label": "Q"}], "epoch": "2461200.5"}