{"spkid": "54137450", "covariance": {"data": [["3.93686943028344E-16", "-5.478882406856278E-16", "2.780157224437835E-13", "-1.095540154609243E-13", "2.732848925940481E-13", "-7.049295243754151E-14"], ["-5.478882406856278E-16", "7.834326095889386E-16", "-3.844070467937666E-13", "1.540275466704086E-13", "-3.760283360921011E-13", "1.006181025994238E-13"], ["2.780157224437835E-13", "-3.844070467937666E-13", "5.211726498081668E-10", "-2.022323816844515E-10", "5.584994642323628E-10", "-1.29672952621566E-10"], ["-1.095540154609243E-13", "1.540275466704086E-13", "-2.022323816844515E-10", "1.840966140568191E-10", "-3.176384395750725E-10", "6.383774209774447E-11"], ["2.732848925940481E-13", "-3.760283360921011E-13", "5.584994642323628E-10", "-3.176384395750725E-10", "7.005995234117515E-10", "-1.504144858330665E-10"], ["-7.049295243754151E-14", "1.006181025994238E-13", "-1.29672952621566E-10", "6.383774209774447E-11", "-1.504144858330665E-10", "7.097685227776825E-11"]], "elements": [{"units": null, "value": ".2821968626591734", "title": "eccentricity", "name": "e", "sigma": 1.9841545883029e-08, "label": "e"}, {"label": "q", "name": "q", "sigma": 2.79898661945522e-08, "title": "perihelion distance", "value": ".935162296492913", "units": "au"}, {"units": "TDB", "value": "2459439.897685038637", "title": "time of perihelion passage", "name": "tp", "sigma": 2.2829206070474e-05, "label": "tp"}, {"units": "deg", "value": "23.05028847067669", "title": "longitude of the ascending node", "name": "om", "sigma": 1.35682207402746e-05, "label": "node"}, {"name": "w", "sigma": 2.646884061329e-05, "value": "292.1947770359679", "title": "argument of perihelion", "units": "deg", "label": "peri"}, {"units": "deg", "value": "7.910987821744391", "title": "inclination", "name": "i", "sigma": 8.42477609659558e-06, "label": "i"}], "labels": ["e", "q", "tp", "node", "peri", "i"], "epoch": "2459628.5"}, "elements": [{"name": "e", "sigma": "1.9848E-8", "units": null, "value": ".2822558163784182", "title": "eccentricity", "label": "e"}, {"label": "a", "units": "au", "title": "semi-major axis", "value": "1.302754659397165", "sigma": "6.8106E-9", "name": "a"}, {"label": "q", "name": "q", "sigma": "2.7891E-8", "title": "perihelion distance", "value": ".9350445794682302", "units": "au"}, {"label": "i", "name": "i", "sigma": "8.4213E-6", "units": "deg", "title": "inclination; angle with respect to x-y ecliptic plane", "value": "7.908995575837474"}, {"name": "om", "sigma": "1.3614E-5", "units": "deg", "value": "22.97351302427815", "title": "longitude of the ascending node", "label": "node"}, {"label": "peri", "units": "deg", "value": "292.2236966472225", "title": "argument of perihelion", "name": "w", "sigma": "2.6456E-5"}, {"label": "M", "sigma": "1.6015E-5", "name": "ma", "title": "mean anomaly", "value": "86.96992403072967", "units": "deg"}, {"units": "TDB", "title": "time of perihelion passage", "value": "2461069.292406678286", "sigma": "2.3768E-5", "name": "tp", "label": "tp"}, {"label": "period", "value": "543.1157279052836", "title": "sidereal orbital period", "units": "d", "sigma": "4.259E-6", "name": "per"}, {"sigma": "5.1978E-9", "name": "n", "value": ".6628421559222126", "title": "mean motion", "units": "deg/d", "label": "n"}, {"name": "ad", "sigma": "8.7329E-9", "units": "au", "title": "aphelion distance", "value": "1.6704647393261", "label": "Q"}], "epoch": "2461200.5"}