{"spkid": "54131211", "covariance": {"epoch": "2459399.5", "data": [["3.218779211544744E-15", "-5.588191672984807E-15", "6.517581760191394E-13", "-4.200670358234392E-13", "2.30602564518086E-13", "-2.694526937372731E-13"], ["-5.588191672984807E-15", "9.778437712929647E-15", "-1.288486963713317E-12", "6.893747014943349E-13", "-4.172477339643449E-13", "4.605859913222835E-13"], ["6.517581760191394E-13", "-1.288486963713317E-12", "5.283154138100818E-10", "3.647676362650678E-11", "8.989706744061704E-11", "-2.707604948912612E-11"], ["-4.200670358234392E-13", "6.893747014943349E-13", "3.647676362650678E-11", "3.743113586440283E-10", "-2.841051686496654E-10", "6.206050372782154E-11"], ["2.30602564518086E-13", "-4.172477339643449E-13", "8.989706744061704E-11", "-2.841051686496654E-10", "2.856939111184605E-10", "-3.015119898538877E-11"], ["-2.694526937372731E-13", "4.605859913222835E-13", "-2.707604948912612E-11", "6.206050372782154E-11", "-3.015119898538877E-11", "7.239392924733501E-11"]], "elements": [{"label": "e", "value": ".5984494320871118", "title": "eccentricity", "units": null, "name": "e", "sigma": 5.67342860318586e-08}, {"label": "q", "name": "q", "sigma": 9.88859833997197e-08, "title": "perihelion distance", "value": ".5897866470868449", "units": "au"}, {"units": "TDB", "value": "2459208.846697692677", "title": "time of perihelion passage", "name": "tp", "sigma": 2.29851128735554e-05, "label": "tp"}, {"sigma": 1.93471279171878e-05, "name": "om", "value": "162.9586267799846", "title": "longitude of the ascending node", "units": "deg", "label": "node"}, {"value": "257.3560649243269", "title": "argument of perihelion", "units": "deg", "name": "w", "sigma": 1.69024823951531e-05, "label": "peri"}, {"units": "deg", "value": "9.332709383765376", "title": "inclination", "name": "i", "sigma": 8.50846221401582e-06, "label": "i"}], "labels": ["e", "q", "tp", "node", "peri", "i"]}, "elements": [{"label": "e", "value": ".598502798850294", "title": "eccentricity", "units": null, "name": "e", "sigma": "5.6907E-8"}, {"name": "a", "sigma": "4.3002E-8", "units": "au", "value": "1.468413969032468", "title": "semi-major axis", "label": "a"}, {"name": "q", "sigma": "9.8899E-8", "value": ".5895640986956672", "title": "perihelion distance", "units": "au", "label": "q"}, {"sigma": "8.5032E-6", "name": "i", "value": "9.338245864012446", "title": "inclination; angle with respect to x-y ecliptic plane", "units": "deg", "label": "i"}, {"label": "node", "name": "om", "sigma": "1.9361E-5", "units": "deg", "value": "162.9113761004325", "title": "longitude of the ascending node"}, {"label": "peri", "title": "argument of perihelion", "value": "257.4312333559565", "units": "deg", "name": "w", "sigma": "1.6928E-5"}, {"units": "deg", "title": "mean anomaly", "value": "23.08130409750045", "sigma": "3.9292E-5", "name": "ma", "label": "M"}, {"label": "tp", "sigma": "6.9139E-5", "name": "tp", "units": "TDB", "value": "2461158.829469450039", "title": "time of perihelion passage"}, {"units": "d", "value": "649.9368898142333", "title": "sidereal orbital period", "sigma": "2.855E-5", "name": "per", "label": "period"}, {"units": "deg/d", "title": "mean motion", "value": ".5538999334272228", "name": "n", "sigma": "2.4331E-8", "label": "n"}, {"value": "2.34726383936927", "title": "aphelion distance", "units": "au", "sigma": "6.874E-8", "name": "ad", "label": "Q"}], "epoch": "2461200.5"}