{"spkid": "54135136", "covariance": {"labels": ["e", "q", "tp", "node", "peri", "i"], "elements": [{"label": "e", "title": "eccentricity", "value": ".2322685542276947", "units": null, "name": "e", "sigma": 2.41526756639935e-06}, {"name": "q", "sigma": 2.72856288533309e-06, "units": "au", "value": ".73443792165452", "title": "perihelion distance", "label": "q"}, {"label": "tp", "value": "2459482.388819871542", "title": "time of perihelion passage", "units": "TDB", "name": "tp", "sigma": 8.11038296518554e-05}, {"label": "node", "name": "om", "sigma": 1.83310147299985e-05, "units": "deg", "title": "longitude of the ascending node", "value": "239.9800862697175"}, {"label": "peri", "name": "w", "sigma": 0.000123717054072636, "title": "argument of perihelion", "value": "133.8648054271848", "units": "deg"}, {"label": "i", "title": "inclination", "value": "3.101496364655276", "units": "deg", "name": "i", "sigma": 2.1755528678924e-05}], "data": [["5.833517417300662E-12", "-6.590179415223538E-12", "1.936673314155212E-10", "1.258671394414143E-11", "2.94204510992594E-10", "5.171435392171743E-11"], ["-6.590179415223538E-12", "7.445055419217218E-12", "-2.188772989164426E-10", "-1.419329033192838E-11", "-3.324462445858354E-10", "-5.842594515177887E-11"], ["1.936673314155212E-10", "-2.188772989164426E-10", "6.577831184197174E-9", "3.6749915048965E-10", "9.919930791759079E-9", "1.723002758570027E-9"], ["1.258671394414143E-11", "-1.419329033192838E-11", "3.6749915048965E-10", "3.360261010314223E-10", "2.839061425486804E-10", "1.438002074327231E-10"], ["2.94204510992594E-10", "-3.324462445858354E-10", "9.919930791759079E-9", "2.839061425486804E-10", "1.530590946841154E-8", "2.580749794883359E-9"], ["5.171435392171743E-11", "-5.842594515177887E-11", "1.723002758570027E-9", "1.438002074327231E-10", "2.580749794883359E-9", "4.733030280994843E-10"]], "epoch": "2459575.5"}, "elements": [{"value": ".2328008422347465", "title": "eccentricity", "units": null, "name": "e", "sigma": "2.4067E-6", "label": "e"}, {"label": "a", "sigma": "5.0875E-7", "name": "a", "title": "semi-major axis", "value": ".9548768909289383", "units": "au"}, {"label": "q", "sigma": "2.6884E-6", "name": "q", "units": "au", "title": "perihelion distance", "value": ".7325807464901853"}, {"sigma": "2.2212E-5", "name": "i", "title": "inclination; angle with respect to x-y ecliptic plane", "value": "3.06970101111472", "units": "deg", "label": "i"}, {"name": "om", "sigma": "2.0622E-5", "value": "239.7472423137037", "title": "longitude of the ascending node", "units": "deg", "label": "node"}, {"value": "134.4700079159437", "title": "argument of perihelion", "units": "deg", "sigma": ".00010879", "name": "w", "label": "peri"}, {"label": "M", "sigma": ".0013961", "name": "ma", "units": "deg", "value": "13.68734597349486", "title": "mean anomaly"}, {"name": "tp", "sigma": ".0013113", "units": "TDB", "value": "2461187.542051614838", "title": "time of perihelion passage", "label": "tp"}, {"name": "per", "sigma": ".00027238", "title": "sidereal orbital period", "value": "340.815628368839", "units": "d", "label": "period"}, {"units": "deg/d", "value": "1.056289588957462", "title": "mean motion", "name": "n", "sigma": "8.4417E-7", "label": "n"}, {"sigma": "6.2719E-7", "name": "ad", "title": "aphelion distance", "value": "1.177173035367691", "units": "au", "label": "Q"}], "epoch": "2461200.5"}