{"spkid": "54137790", "covariance": {"epoch": "2459828.5", "labels": ["e", "q", "tp", "node", "peri", "i"], "data": [["4.186756516182921E-14", "-6.528415523452542E-14", "1.264139777564181E-12", "6.310667024806664E-14", "-1.92569345632768E-12", "4.126881461771241E-13"], ["-6.528415523452542E-14", "1.071176679713624E-13", "1.708209967452308E-11", "-4.873315449360859E-13", "9.156250371309036E-12", "-1.235880935315479E-12"], ["1.264139777564181E-12", "1.708209967452308E-11", "7.10218194624203E-8", "-1.442813724435943E-9", "2.292120157500747E-8", "-2.185149468115922E-9"], ["6.310667024806664E-14", "-4.873315449360859E-13", "-1.442813724435943E-9", "3.245765222840608E-10", "-7.468437891687698E-10", "2.136187610345054E-10"], ["-1.92569345632768E-12", "9.156250371309036E-12", "2.292120157500747E-8", "-7.468437891687698E-10", "7.807968419048164E-9", "-8.885663089746581E-10"], ["4.126881461771241E-13", "-1.235880935315479E-12", "-2.185149468115922E-9", "2.136187610345054E-10", "-8.885663089746581E-10", "3.285252484143635E-10"]], "elements": [{"units": null, "title": "eccentricity", "value": ".3760505729968973", "sigma": 2.04615652289431e-07, "name": "e", "label": "e"}, {"label": "q", "sigma": 3.27288355997219e-07, "name": "q", "units": "au", "value": ".9396831613787763", "title": "perihelion distance"}, {"label": "tp", "units": "TDB", "value": "2459829.707389358246", "title": "time of perihelion passage", "sigma": 0.000266499192235962, "name": "tp"}, {"title": "longitude of the ascending node", "value": "33.7701217715984", "units": "deg", "name": "om", "sigma": 1.80160073902089e-05, "label": "node"}, {"label": "peri", "name": "w", "sigma": 8.83627094370027e-05, "title": "argument of perihelion", "value": "49.69625844441728", "units": "deg"}, {"name": "i", "sigma": 1.81252654715555e-05, "title": "inclination", "value": "20.66423309539594", "units": "deg", "label": "i"}]}, "elements": [{"label": "e", "title": "eccentricity", "value": ".376275845633", "units": null, "sigma": "2.046E-7", "name": "e"}, {"name": "a", "sigma": "1.1677E-7", "units": "au", "value": "1.506079469288058", "title": "semi-major axis", "label": "a"}, {"label": "q", "name": "q", "sigma": "3.2718E-7", "value": ".9393781433911942", "title": "perihelion distance", "units": "au"}, {"name": "i", "sigma": "1.8123E-5", "units": "deg", "value": "20.66203655948039", "title": "inclination; angle with respect to x-y ecliptic plane", "label": "i"}, {"name": "om", "sigma": "1.8021E-5", "value": "33.75837277016517", "title": "longitude of the ascending node", "units": "deg", "label": "node"}, {"sigma": "8.8307E-5", "name": "w", "value": "49.73679122775999", "title": "argument of perihelion", "units": "deg", "label": "peri"}, {"units": "deg", "value": "10.95484966175456", "title": "mean anomaly", "name": "ma", "sigma": ".00022597", "label": "M"}, {"label": "tp", "value": "2461179.956512105400", "title": "time of perihelion passage", "units": "TDB", "name": "tp", "sigma": ".0004214"}, {"label": "period", "title": "sidereal orbital period", "value": "675.103344217993", "units": "d", "name": "per", "sigma": "7.8513E-5"}, {"label": "n", "sigma": "6.2016E-8", "name": "n", "units": "deg/d", "title": "mean motion", "value": ".5332516911422007"}, {"label": "Q", "units": "au", "value": "2.072780795184922", "title": "aphelion distance", "name": "ad", "sigma": "1.6071E-7"}], "epoch": "2461200.5"}