{"spkid": "54145460", "covariance": {"epoch": "2459444.5", "data": [["2.303778828957313E-12", "-1.84246584351422E-12", "-3.552401162489522E-10", "-3.530157563350977E-11", "-2.253941422681505E-10", "2.348633595952962E-11"], ["-1.84246584351422E-12", "1.473698997993442E-12", "2.838586219179986E-10", "2.810906943143309E-11", "1.801931054581775E-10", "-1.877503100160894E-11"], ["-3.552401162489522E-10", "2.838586219179986E-10", "5.580991599477861E-8", "5.425547439204913E-9", "3.553569192719027E-8", "-3.627386833229044E-9"], ["-3.530157563350977E-11", "2.810906943143309E-11", "5.425547439204913E-9", "9.281546534200763E-9", "-5.278119877958055E-9", "-4.556282442532392E-10"], ["-2.253941422681505E-10", "1.801931054581775E-10", "3.553569192719027E-8", "-5.278119877958055E-9", "3.134401903548823E-8", "-2.207171153863857E-9"], ["2.348633595952962E-11", "-1.877503100160894E-11", "-3.627386833229044E-9", "-4.556282442532392E-10", "-2.207171153863857E-9", "2.516520837759178E-10"]], "elements": [{"label": "e", "units": null, "title": "eccentricity", "value": ".1525979915548473", "name": "e", "sigma": 1.51782042052323e-06}, {"label": "q", "units": "au", "title": "perihelion distance", "value": ".8772173782065339", "name": "q", "sigma": 1.21396004793957e-06}, {"label": "tp", "units": "TDB", "value": "2459504.091790515946", "title": "time of perihelion passage", "sigma": 0.000236241224164578, "name": "tp"}, {"label": "node", "name": "om", "sigma": 9.63407833381106e-05, "title": "longitude of the ascending node", "value": "65.1815210418706", "units": "deg"}, {"units": "deg", "value": "321.1292472212824", "title": "argument of perihelion", "name": "w", "sigma": 0.000177042421570335, "label": "peri"}, {"sigma": 1.58635457504279e-05, "name": "i", "units": "deg", "value": "1.573398856265798", "title": "inclination", "label": "i"}], "labels": ["e", "q", "tp", "node", "peri", "i"]}, "elements": [{"label": "e", "sigma": "1.5236E-6", "name": "e", "value": ".1526056773251468", "title": "eccentricity", "units": null}, {"value": "1.035995728147569", "title": "semi-major axis", "units": "au", "name": "a", "sigma": "4.0892E-7", "label": "a"}, {"sigma": "1.2322E-6", "name": "q", "units": "au", "value": ".8778968983476504", "title": "perihelion distance", "label": "q"}, {"sigma": "1.5873E-5", "name": "i", "title": "inclination; angle with respect to x-y ecliptic plane", "value": "1.571154999179548", "units": "deg", "label": "i"}, {"label": "node", "sigma": "9.5137E-5", "name": "om", "title": "longitude of the ascending node", "value": "64.99407237295429", "units": "deg"}, {"label": "peri", "sigma": ".00018082", "name": "w", "title": "argument of perihelion", "value": "321.3981951556802", "units": "deg"}, {"label": "M", "value": "146.1094637219365", "title": "mean anomaly", "units": "deg", "sigma": ".00072848", "name": "ma"}, {"label": "tp", "sigma": ".00068689", "name": "tp", "units": "TDB", "title": "time of perihelion passage", "value": "2461044.181197370296"}, {"label": "period", "value": "385.1548524864268", "title": "sidereal orbital period", "units": "d", "sigma": ".00022804", "name": "per"}, {"value": ".9346889898334767", "title": "mean motion", "units": "deg/d", "name": "n", "sigma": "5.534E-7", "label": "n"}, {"value": "1.194094557947487", "title": "aphelion distance", "units": "au", "name": "ad", "sigma": "4.7132E-7", "label": "Q"}], "epoch": "2461200.5"}