{"spkid": "54144923", "covariance": {"labels": ["e", "q", "tp", "node", "peri", "i"], "elements": [{"title": "eccentricity", "value": ".3615025394518057", "units": null, "sigma": 3.4993208352468e-07, "name": "e", "label": "e"}, {"label": "q", "name": "q", "sigma": 3.08759252579653e-07, "title": "perihelion distance", "value": ".7041973170907486", "units": "au"}, {"units": "TDB", "title": "time of perihelion passage", "value": "2459429.385834034762", "sigma": 4.35026191025173e-05, "name": "tp", "label": "tp"}, {"label": "node", "title": "longitude of the ascending node", "value": "234.042130239149", "units": "deg", "sigma": 3.85052981474936e-05, "name": "om"}, {"sigma": 4.2279839181554e-05, "name": "w", "units": "deg", "title": "argument of perihelion", "value": "105.2617506713113", "label": "peri"}, {"label": "i", "name": "i", "sigma": 2.05261987177494e-05, "units": "deg", "value": "4.693730643050436", "title": "inclination"}], "data": [["1.224524630799233E-13", "-1.07748013383551E-13", "-1.234391168893295E-11", "-1.391294458805633E-13", "7.896776368110119E-13", "3.98952623059268E-14"], ["-1.07748013383551E-13", "9.533227605354598E-14", "1.060585132304935E-11", "4.021577234599303E-13", "-1.189435348981699E-12", "-2.346398872591422E-13"], ["-1.234391168893295E-11", "1.060585132304935E-11", "1.892477868778699E-9", "4.812316820314259E-11", "2.890960577739972E-10", "2.524195856324443E-11"], ["-1.391294458805633E-13", "4.021577234599303E-13", "4.812316820314259E-11", "1.482657985427375E-9", "-1.499613269061334E-9", "-5.111909035682846E-10"], ["7.896776368110119E-13", "-1.189435348981699E-12", "2.890960577739972E-10", "-1.499613269061334E-9", "1.787584801218067E-9", "5.558015913589362E-10"], ["3.98952623059268E-14", "-2.346398872591422E-13", "2.524195856324443E-11", "-5.111909035682846E-10", "5.558015913589362E-10", "4.213248338005386E-10"]], "epoch": "2459367.5"}, "elements": [{"name": "e", "sigma": "3.4994E-7", "units": null, "value": ".3613828689581071", "title": "eccentricity", "label": "e"}, {"value": "1.102556220849514", "title": "semi-major axis", "units": "au", "sigma": "1.266E-7", "name": "a", "label": "a"}, {"label": "q", "sigma": "3.0872E-7", "name": "q", "units": "au", "value": ".7041112905713085", "title": "perihelion distance"}, {"value": "4.69037856832469", "title": "inclination; angle with respect to x-y ecliptic plane", "units": "deg", "name": "i", "sigma": "2.0524E-5", "label": "i"}, {"sigma": "3.8474E-5", "name": "om", "units": "deg", "value": "233.9912588084858", "title": "longitude of the ascending node", "label": "node"}, {"label": "peri", "name": "w", "sigma": "4.241E-5", "title": "argument of perihelion", "value": "105.2351617581979", "units": "deg"}, {"label": "M", "units": "deg", "value": "67.61928998637585", "title": "mean anomaly", "name": "ma", "sigma": ".00023001"}, {"label": "tp", "units": "TDB", "value": "2461121.073093450030", "title": "time of perihelion passage", "name": "tp", "sigma": ".00025655"}, {"label": "period", "name": "per", "sigma": "7.283E-5", "title": "sidereal orbital period", "value": "422.8628600470403", "units": "d"}, {"label": "n", "sigma": "1.4663E-7", "name": "n", "units": "deg/d", "value": ".851339840911904", "title": "mean motion"}, {"label": "Q", "units": "au", "value": "1.50100115112772", "title": "aphelion distance", "name": "ad", "sigma": "1.7235E-7"}], "epoch": "2461200.5"}