{"spkid": "54165397", "covariance": {"epoch": "2459726.5", "labels": ["e", "q", "tp", "node", "peri", "i"], "elements": [{"label": "e", "sigma": 5.07268209219834e-07, "name": "e", "title": "eccentricity", "value": ".1775282313691106", "units": null}, {"sigma": 4.04711343738942e-07, "name": "q", "value": ".8689060902386234", "title": "perihelion distance", "units": "au", "label": "q"}, {"value": "2459879.540332065742", "title": "time of perihelion passage", "units": "TDB", "name": "tp", "sigma": 4.45974078337314e-05, "label": "tp"}, {"label": "node", "name": "om", "sigma": 4.17529022493523e-06, "title": "longitude of the ascending node", "value": "282.4769102289204", "units": "deg"}, {"name": "w", "sigma": 1.08816402112133e-05, "units": "deg", "value": "95.73215472804844", "title": "argument of perihelion", "label": "peri"}, {"units": "deg", "value": "17.69121897406962", "title": "inclination", "sigma": 2.65332807483534e-05, "name": "i", "label": "i"}], "data": [["2.573210360850976E-13", "-2.052889637920992E-13", "2.210992700061288E-11", "6.006330690921655E-13", "-8.697301099640702E-13", "-2.856301186547937E-12"], ["-2.052889637920992E-13", "1.637912717509802E-13", "-1.764500029806035E-11", "-4.790714888820862E-13", "6.790903697744472E-13", "2.304453385954121E-12"], ["2.210992700061288E-11", "-1.764500029806035E-11", "1.988928785488168E-9", "4.852496502670646E-11", "1.683233848584788E-11", "-2.436019836483826E-10"], ["6.006330690921655E-13", "-4.790714888820862E-13", "4.852496502670646E-11", "1.743304846243972E-11", "-2.042983436938516E-11", "4.20326917790645E-11"], ["-8.697301099640702E-13", "6.790903697744472E-13", "1.683233848584788E-11", "-2.042983436938516E-11", "1.184100936862946E-10", "-5.385250381717503E-11"], ["-2.856301186547937E-12", "2.304453385954121E-12", "-2.436019836483826E-10", "4.20326917790645E-11", "-5.385250381717503E-11", "7.040149872709392E-10"]]}, "elements": [{"label": "e", "name": "e", "sigma": "5.0722E-7", "value": ".1776031309496652", "title": "eccentricity", "units": null}, {"sigma": "1.5982E-7", "name": "a", "units": "au", "title": "semi-major axis", "value": "1.057330683331023", "label": "a"}, {"label": "q", "title": "perihelion distance", "value": ".8695454435222845", "units": "au", "name": "q", "sigma": "4.049E-7"}, {"value": "17.69208288322178", "title": "inclination; angle with respect to x-y ecliptic plane", "units": "deg", "name": "i", "sigma": "2.653E-5", "label": "i"}, {"label": "node", "title": "longitude of the ascending node", "value": "282.4498746154765", "units": "deg", "name": "om", "sigma": "4.2083E-6"}, {"label": "peri", "units": "deg", "value": "95.97534061437536", "title": "argument of perihelion", "name": "w", "sigma": "1.1184E-5"}, {"label": "M", "name": "ma", "sigma": ".00031117", "value": "117.3505029166258", "title": "mean anomaly", "units": "deg"}, {"label": "tp", "title": "time of perihelion passage", "value": "2461071.051466597183", "units": "TDB", "sigma": ".00031392", "name": "tp"}, {"sigma": "9.0038E-5", "name": "per", "units": "d", "title": "sidereal orbital period", "value": "397.1135262890453", "label": "period"}, {"label": "n", "value": ".9065417724854036", "title": "mean motion", "units": "deg/d", "sigma": "2.0554E-7", "name": "n"}, {"units": "au", "value": "1.245115923139762", "title": "aphelion distance", "name": "ad", "sigma": "1.8821E-7", "label": "Q"}], "epoch": "2461200.5"}