{"spkid": "54166590", "covariance": {"epoch": "2459077.5", "elements": [{"label": "e", "name": "e", "sigma": 6.04101461496154e-06, "value": ".621329289407602", "title": "eccentricity", "units": null}, {"sigma": 3.81858829240831e-06, "name": "q", "units": "au", "title": "perihelion distance", "value": ".238915245595207", "label": "q"}, {"units": "TDB", "title": "time of perihelion passage", "value": "2459153.261612199079", "name": "tp", "sigma": 0.000496715726524394, "label": "tp"}, {"label": "node", "name": "om", "sigma": 0.00047665398225577, "units": "deg", "title": "longitude of the ascending node", "value": "80.70011633234081"}, {"units": "deg", "title": "argument of perihelion", "value": "358.0264760532053", "name": "w", "sigma": 0.000330494764037798, "label": "peri"}, {"label": "i", "title": "inclination", "value": "8.564692972897653", "units": "deg", "sigma": 0.000143132806760767, "name": "i"}], "data": [["3.649385757817897E-11", "-2.306814145111246E-11", "2.993243184279566E-9", "-2.834171162140508E-9", "1.929766746272858E-9", "8.233979999970791E-10"], ["-2.306814145111246E-11", "1.458161654691784E-11", "-1.892075335343296E-9", "1.791491849838895E-9", "-1.21983838417893E-9", "-5.204742672495461E-10"], ["2.993243184279566E-9", "-1.892075335343296E-9", "2.46726512976657E-7", "-2.320105903400862E-7", "1.592073621734259E-7", "6.751084356689863E-8"], ["-2.834171162140508E-9", "1.791491849838895E-9", "-2.320105903400862E-7", "2.271990188002839E-7", "-1.560054499660617E-7", "-6.697211123008941E-8"], ["1.929766746272858E-9", "-1.21983838417893E-9", "1.592073621734259E-7", "-1.560054499660617E-7", "1.092267890564001E-7", "4.644111781847869E-8"], ["8.233979999970791E-10", "-5.204742672495461E-10", "6.751084356689863E-8", "-6.697211123008941E-8", "4.644111781847869E-8", "2.04870003712152E-8"]], "labels": ["e", "q", "tp", "node", "peri", "i"]}, "elements": [{"name": "e", "sigma": "6.0148E-6", "title": "eccentricity", "value": ".6212890489796935", "units": null, "label": "e"}, {"label": "a", "value": ".6310016475924886", "title": "semi-major axis", "units": "au", "name": "a", "sigma": "2.0898E-8"}, {"label": "q", "units": "au", "value": ".2389672340551316", "title": "perihelion distance", "sigma": "3.7881E-6", "name": "q"}, {"label": "i", "sigma": ".0001456", "name": "i", "value": "8.561974218540936", "title": "inclination; angle with respect to x-y ecliptic plane", "units": "deg"}, {"label": "node", "name": "om", "sigma": ".00045909", "units": "deg", "value": "80.60846156336473", "title": "longitude of the ascending node"}, {"value": "358.1039058393325", "title": "argument of perihelion", "units": "deg", "sigma": ".00030952", "name": "w", "label": "peri"}, {"label": "M", "name": "ma", "sigma": ".001089", "value": "65.75374614394602", "title": "mean anomaly", "units": "deg"}, {"name": "tp", "sigma": ".00055228", "units": "TDB", "title": "time of perihelion passage", "value": "2461167.060315861362", "label": "tp"}, {"label": "period", "units": "d", "value": "183.0813755243078", "title": "sidereal orbital period", "name": "per", "sigma": "9.0951E-6"}, {"units": "deg/d", "value": "1.966338733085401", "title": "mean motion", "sigma": "9.7684E-8", "name": "n", "label": "n"}, {"name": "ad", "sigma": "3.3882E-8", "title": "aphelion distance", "value": "1.023036061129845", "units": "au", "label": "Q"}], "epoch": "2461200.5"}