{"spkid": "54161704", "covariance": {"epoch": "2458547.5", "data": [["2.827978922146314E-15", "-4.038881800700168E-15", "-8.644250794154272E-14", "-6.571595976338312E-14", "-2.182785147936838E-14", "-3.18602714315297E-14"], ["-4.038881800700168E-15", "5.863610480918534E-15", "-2.860170429563925E-14", "9.65671351433784E-14", "-3.22120512529241E-14", "4.590378509200917E-14"], ["-8.644250794154272E-14", "-2.860170429563925E-14", "7.49078305443696E-10", "-1.174623351512856E-11", "3.306151195547129E-10", "-3.635642787562813E-11"], ["-6.571595976338312E-14", "9.65671351433784E-14", "-1.174623351512856E-11", "2.97882463874882E-10", "-2.922755472388309E-10", "3.65772414769522E-11"], ["-2.182785147936838E-14", "-3.22120512529241E-14", "3.306151195547129E-10", "-2.922755472388309E-10", "4.517759033312005E-10", "-4.900414083911712E-11"], ["-3.18602714315297E-14", "4.590378509200917E-14", "-3.635642787562813E-11", "3.65772414769522E-11", "-4.900414083911712E-11", "5.708557999568234E-11"]], "elements": [{"value": ".3550311045561843", "title": "eccentricity", "units": null, "name": "e", "sigma": 5.31787450222955e-08, "label": "e"}, {"label": "q", "title": "perihelion distance", "value": ".9799675223687103", "units": "au", "name": "q", "sigma": 7.65742155096514e-08}, {"label": "tp", "sigma": 2.73692949387392e-05, "name": "tp", "units": "TDB", "value": "2458711.748816434265", "title": "time of perihelion passage"}, {"label": "node", "units": "deg", "value": "271.3072504030514", "title": "longitude of the ascending node", "sigma": 1.72592718234253e-05, "name": "om"}, {"label": "peri", "units": "deg", "title": "argument of perihelion", "value": "20.59566941426954", "sigma": 2.12550206617448e-05, "name": "w"}, {"label": "i", "name": "i", "sigma": 7.55549998317003e-06, "units": "deg", "title": "inclination", "value": "15.79585775313059"}], "labels": ["e", "q", "tp", "node", "peri", "i"]}, "elements": [{"sigma": "5.3002E-8", "name": "e", "units": null, "title": "eccentricity", "value": ".3548934175961676", "label": "e"}, {"name": "a", "sigma": "1.6854E-8", "value": "1.519273521554672", "title": "semi-major axis", "units": "au", "label": "a"}, {"sigma": "7.6549E-8", "name": "q", "title": "perihelion distance", "value": ".9800933492267696", "units": "au", "label": "q"}, {"name": "i", "sigma": "7.5535E-6", "title": "inclination; angle with respect to x-y ecliptic plane", "value": "15.79510037202712", "units": "deg", "label": "i"}, {"label": "node", "sigma": "1.7266E-5", "name": "om", "units": "deg", "title": "longitude of the ascending node", "value": "271.2694486239745"}, {"units": "deg", "title": "argument of perihelion", "value": "20.68620914476609", "name": "w", "sigma": "2.1278E-5", "label": "peri"}, {"value": "229.8303231109969", "title": "mean anomaly", "units": "deg", "sigma": "1.7981E-5", "name": "ma", "label": "M"}, {"label": "tp", "name": "tp", "sigma": "3.732E-5", "value": "2461447.820266745739", "title": "time of perihelion passage", "units": "TDB"}, {"label": "period", "name": "per", "sigma": "1.1382E-5", "units": "d", "title": "sidereal orbital period", "value": "683.9941386993474"}, {"sigma": "8.7579E-9", "name": "n", "title": "mean motion", "value": ".5263202995928589", "units": "deg/d", "label": "n"}, {"value": "2.058453693882574", "title": "aphelion distance", "units": "au", "name": "ad", "sigma": "2.2835E-8", "label": "Q"}], "epoch": "2461200.5"}