{"spkid": "54166597", "covariance": {"elements": [{"label": "e", "sigma": 8.38230073307283e-08, "name": "e", "units": null, "title": "eccentricity", "value": ".25481856243604"}, {"label": "q", "units": "au", "title": "perihelion distance", "value": ".9506054764739343", "sigma": 1.06539065779428e-07, "name": "q"}, {"label": "tp", "sigma": 3.15261893976441e-05, "name": "tp", "value": "2457992.299158900562", "title": "time of perihelion passage", "units": "TDB"}, {"label": "node", "units": "deg", "title": "longitude of the ascending node", "value": "298.1762929277526", "name": "om", "sigma": 1.17452138538442e-05}, {"label": "peri", "sigma": 2.4140723062106e-05, "name": "w", "title": "argument of perihelion", "value": "132.7517874095434", "units": "deg"}, {"label": "i", "title": "inclination", "value": "24.52179865812732", "units": "deg", "name": "i", "sigma": 1.49225508909691e-05}], "data": [["7.026296557967328E-15", "-8.925960340380677E-15", "-4.066671280871174E-14", "2.843407887675086E-13", "2.943925055168003E-13", "-1.051959887391478E-13"], ["-8.925960340380677E-15", "1.135057253715336E-14", "1.291979217809802E-13", "-3.636238497533054E-13", "-3.209301504358829E-13", "1.570129453278312E-13"], ["-4.066671280871174E-14", "1.291979217809802E-13", "9.939006179361258E-10", "-2.445508604600205E-11", "6.690734365824297E-10", "1.933611030086193E-10"], ["2.843407887675086E-13", "-3.636238497533054E-13", "-2.445508604600205E-11", "1.379500484725329E-10", "-1.140667638559815E-10", "2.673877049622955E-11"], ["2.943925055168003E-13", "-3.209301504358829E-13", "6.690734365824297E-10", "-1.140667638559815E-10", "5.82774509961295E-10", "1.087150670899303E-10"], ["-1.051959887391478E-13", "1.570129453278312E-13", "1.933611030086193E-10", "2.673877049622955E-11", "1.087150670899303E-10", "2.226825250935614E-10"]], "labels": ["e", "q", "tp", "node", "peri", "i"], "epoch": "2457919.5"}, "elements": [{"units": null, "title": "eccentricity", "value": ".2548237144789032", "name": "e", "sigma": "8.3942E-8", "label": "e"}, {"value": "1.275848818827749", "title": "semi-major axis", "units": "au", "name": "a", "sigma": "4.2998E-9", "label": "a"}, {"label": "q", "units": "au", "title": "perihelion distance", "value": ".950732283700541", "sigma": "1.065E-7", "name": "q"}, {"sigma": "1.4925E-5", "name": "i", "units": "deg", "title": "inclination; angle with respect to x-y ecliptic plane", "value": "24.52530936114178", "label": "i"}, {"units": "deg", "value": "298.1357310520047", "title": "longitude of the ascending node", "name": "om", "sigma": "1.1742E-5", "label": "node"}, {"name": "w", "sigma": "2.4104E-5", "value": "132.8526959079296", "title": "argument of perihelion", "units": "deg", "label": "peri"}, {"label": "M", "units": "deg", "value": "34.22641618188444", "title": "mean anomaly", "name": "ma", "sigma": "3.0825E-5"}, {"sigma": "4.4854E-5", "name": "tp", "units": "TDB", "value": "2461150.455520472249", "title": "time of perihelion passage", "label": "tp"}, {"name": "per", "sigma": "2.661E-6", "title": "sidereal orbital period", "value": "526.3774195419826", "units": "d", "label": "period"}, {"label": "n", "name": "n", "sigma": "3.4574E-9", "units": "deg/d", "title": "mean motion", "value": ".6839199149409699"}, {"sigma": "5.3955E-9", "name": "ad", "title": "aphelion distance", "value": "1.600965353954958", "units": "au", "label": "Q"}], "epoch": "2461200.5"}