{"spkid": "54178640", "covariance": {"labels": ["e", "q", "tp", "node", "peri", "i"], "data": [["4.770055951491629E-14", "-4.299247820676955E-14", "8.375580471848216E-12", "-9.078441991880012E-13", "5.052225344919201E-12", "1.05198540108249E-12"], ["-4.299247820676955E-14", "3.881494023788332E-14", "-7.400248597360793E-12", "8.080796817055123E-13", "-4.473760702283374E-12", "-9.311104861221483E-13"], ["8.375580471848216E-12", "-7.400248597360793E-12", "1.930114022146354E-9", "-1.951363955723857E-10", "1.184414183846054E-9", "2.275640098669913E-10"], ["-9.078441991880012E-13", "8.080796817055123E-13", "-1.951363955723857E-10", "1.446691332597188E-10", "-2.436870473358745E-10", "-1.732871259491396E-11"], ["5.052225344919201E-12", "-4.473760702283374E-12", "1.184414183846054E-9", "-2.436870473358745E-10", "8.690285995366629E-10", "1.302816372648573E-10"], ["1.05198540108249E-12", "-9.311104861221483E-13", "2.275640098669913E-10", "-1.732871259491396E-11", "1.302816372648573E-10", "8.85322888670116E-11"]], "elements": [{"label": "e", "sigma": 2.18404577596067e-07, "name": "e", "units": null, "value": ".6007387446928869", "title": "eccentricity"}, {"label": "q", "title": "perihelion distance", "value": ".3484131454572834", "units": "au", "name": "q", "sigma": 1.97015076169016e-07}, {"label": "tp", "units": "TDB", "title": "time of perihelion passage", "value": "2459665.305098251399", "sigma": 4.3933062972508e-05, "name": "tp"}, {"label": "node", "name": "om", "sigma": 1.2027848238971e-05, "units": "deg", "value": "315.3433367602416", "title": "longitude of the ascending node"}, {"units": "deg", "value": "214.6204702371928", "title": "argument of perihelion", "sigma": 2.94792910283925e-05, "name": "w", "label": "peri"}, {"name": "i", "sigma": 9.4091598385303e-06, "value": "10.06992703482664", "title": "inclination", "units": "deg", "label": "i"}], "epoch": "2459543.5"}, "elements": [{"name": "e", "sigma": "2.1866E-7", "units": null, "title": "eccentricity", "value": ".6006396215452123", "label": "e"}, {"label": "a", "name": "a", "sigma": "2.5093E-8", "units": "au", "value": ".8726294898530809", "title": "semi-major axis"}, {"sigma": "1.9698E-7", "name": "q", "value": ".3484936433185347", "title": "perihelion distance", "units": "au", "label": "q"}, {"label": "i", "name": "i", "sigma": "9.3983E-6", "units": "deg", "title": "inclination; angle with respect to x-y ecliptic plane", "value": "10.0713162640725"}, {"units": "deg", "title": "longitude of the ascending node", "value": "315.2807431824182", "name": "om", "sigma": "1.2024E-5", "label": "node"}, {"label": "peri", "name": "w", "sigma": "2.9477E-5", "units": "deg", "value": "214.6934215748454", "title": "argument of perihelion"}, {"label": "M", "title": "mean anomaly", "value": "55.94532134970199", "units": "deg", "name": "ma", "sigma": "8.8501E-5"}, {"label": "tp", "title": "time of perihelion passage", "value": "2461154.229464341675", "units": "TDB", "sigma": "7.16E-5", "name": "tp"}, {"label": "period", "title": "sidereal orbital period", "value": "297.7441622486242", "units": "d", "name": "per", "sigma": "1.2843E-5"}, {"label": "n", "name": "n", "sigma": "5.2152E-8", "title": "mean motion", "value": "1.209091715791192", "units": "deg/d"}, {"label": "Q", "title": "aphelion distance", "value": "1.396765336387627", "units": "au", "sigma": "4.0165E-8", "name": "ad"}], "epoch": "2461200.5"}