{"spkid": "54184708", "covariance": {"epoch": "2459105.5", "elements": [{"name": "e", "sigma": 3.32566827284416e-06, "units": null, "title": "eccentricity", "value": ".6672319738020343", "label": "e"}, {"label": "q", "value": ".6147002100396655", "title": "perihelion distance", "units": "au", "name": "q", "sigma": 6.10756379227993e-06}, {"label": "tp", "units": "TDB", "title": "time of perihelion passage", "value": "2459359.842547479642", "sigma": 0.000259326366927737, "name": "tp"}, {"label": "node", "sigma": 0.000157631431975637, "name": "om", "units": "deg", "value": "315.5457035348931", "title": "longitude of the ascending node"}, {"label": "peri", "sigma": 0.00068979076504998, "name": "w", "units": "deg", "value": "267.7459714502455", "title": "argument of perihelion"}, {"title": "inclination", "value": "11.30383576287336", "units": "deg", "name": "i", "sigma": 0.000112406096155291, "label": "i"}], "data": [["1.106006946100224E-11", "-2.031171237385204E-11", "-8.105734955103255E-10", "4.404254280968508E-10", "-2.27429827366202E-9", "3.46415955415666E-10"], ["-2.031171237385204E-11", "3.730233547676886E-11", "1.488602815295564E-9", "-8.08780102432878E-10", "4.176662528355685E-9", "-6.361566972702927E-10"], ["-8.105734955103255E-10", "1.488602815295564E-9", "6.725016458393934E-8", "-3.322416898919427E-8", "1.697496431667046E-7", "-2.6429643658704E-8"], ["4.404254280968508E-10", "-8.08780102432878E-10", "-3.322416898919427E-8", "2.484766834668992E-8", "-9.799561202372217E-8", "1.728375529620814E-8"], ["-2.27429827366202E-9", "4.176662528355685E-9", "1.697496431667046E-7", "-9.799561202372217E-8", "4.758112995482366E-7", "-7.494225557746483E-8"], ["3.46415955415666E-10", "-6.361566972702927E-10", "-2.6429643658704E-8", "1.728375529620814E-8", "-7.494225557746483E-8", "1.263513045287257E-8"]], "labels": ["e", "q", "tp", "node", "peri", "i"]}, "elements": [{"name": "e", "sigma": "3.3639E-6", "units": null, "value": ".6671763553009357", "title": "eccentricity", "label": "e"}, {"label": "a", "value": "1.847255056028442", "title": "semi-major axis", "units": "au", "sigma": "8.0008E-8", "name": "a"}, {"label": "q", "name": "q", "sigma": "6.1887E-6", "units": "au", "title": "perihelion distance", "value": ".6148101604361604"}, {"label": "i", "units": "deg", "title": "inclination; angle with respect to x-y ecliptic plane", "value": "11.30271344538853", "name": "i", "sigma": ".00011205"}, {"value": "315.3649870319334", "title": "longitude of the ascending node", "units": "deg", "name": "om", "sigma": ".00015674", "label": "node"}, {"label": "peri", "name": "w", "sigma": ".00068866", "value": "267.8810113897739", "title": "argument of perihelion", "units": "deg"}, {"units": "deg", "value": "2.931771052225436", "title": "mean anomaly", "sigma": "5.6601E-5", "name": "ma", "label": "M"}, {"label": "tp", "sigma": ".00014449", "name": "tp", "units": "TDB", "value": "2461193.031794249080", "title": "time of perihelion passage"}, {"label": "period", "value": "917.0409361571749", "title": "sidereal orbital period", "units": "d", "name": "per", "sigma": "5.9578E-5"}, {"label": "n", "sigma": "2.5504E-8", "name": "n", "title": "mean motion", "value": ".3925669899847288", "units": "deg/d"}, {"label": "Q", "units": "au", "title": "aphelion distance", "value": "3.079699951620724", "sigma": "1.3339E-7", "name": "ad"}], "epoch": "2461200.5"}