{"spkid": "54184277", "covariance": {"labels": ["e", "q", "tp", "node", "peri", "i"], "elements": [{"label": "e", "name": "e", "sigma": 3.19806182871375e-07, "units": null, "value": ".3669618428664328", "title": "eccentricity"}, {"sigma": 3.0887349792035e-07, "name": "q", "value": ".656319267795171", "title": "perihelion distance", "units": "au", "label": "q"}, {"value": "2459558.092961696190", "title": "time of perihelion passage", "units": "TDB", "name": "tp", "sigma": 1.91311461448973e-05, "label": "tp"}, {"label": "node", "sigma": 3.83551807329033e-05, "name": "om", "title": "longitude of the ascending node", "value": "305.7960095602601", "units": "deg"}, {"label": "peri", "name": "w", "sigma": 3.99522483954028e-05, "units": "deg", "value": "155.4562924663569", "title": "argument of perihelion"}, {"label": "i", "sigma": 5.83903334655837e-06, "name": "i", "title": "inclination", "value": "3.29285331501062", "units": "deg"}], "data": [["1.022759946027594E-13", "-9.877249587590847E-14", "-3.743801632791665E-12", "5.603284596603189E-13", "2.282092296005457E-12", "2.268591659616856E-13"], ["-9.877249587590847E-14", "9.54028377175524E-14", "3.606190743866438E-12", "-5.430947507367798E-13", "-2.205789118731153E-12", "-2.183431131839894E-13"], ["-3.743801632791665E-12", "3.606190743866438E-12", "3.660007528174181E-10", "-2.863598672186617E-11", "5.034116756625243E-11", "-1.895586709207282E-11"], ["5.603284596603189E-13", "-5.430947507367798E-13", "-2.863598672186617E-11", "1.47111988905368E-9", "-1.457161515422261E-9", "5.621742284928669E-12"], ["2.282092296005457E-12", "-2.205789118731153E-12", "5.034116756625243E-11", "-1.457161515422261E-9", "1.596182151847965E-9", "-4.851207286916107E-12"], ["2.268591659616856E-13", "-2.183431131839894E-13", "-1.895586709207282E-11", "5.621742284928669E-12", "-4.851207286916107E-12", "3.409431042222066E-11"]], "epoch": "2459636.5"}, "elements": [{"value": ".3672229134238862", "title": "eccentricity", "units": null, "sigma": "3.1867E-7", "name": "e", "label": "e"}, {"sigma": "3.5377E-8", "name": "a", "units": "au", "title": "semi-major axis", "value": "1.037287082083115", "label": "a"}, {"label": "q", "units": "au", "title": "perihelion distance", "value": ".6563714977435915", "sigma": "3.0872E-7", "name": "q"}, {"label": "i", "units": "deg", "title": "inclination; angle with respect to x-y ecliptic plane", "value": "3.283782056757413", "name": "i", "sigma": "5.8543E-6"}, {"label": "node", "value": "305.4032260297441", "title": "longitude of the ascending node", "units": "deg", "sigma": "3.848E-5", "name": "om"}, {"name": "w", "sigma": "4.0003E-5", "units": "deg", "value": "155.8202737892562", "title": "argument of perihelion", "label": "peri"}, {"label": "M", "name": "ma", "sigma": "7.0705E-5", "units": "deg", "title": "mean anomaly", "value": "93.18099778868383"}, {"title": "time of perihelion passage", "value": "2461100.621563143968", "units": "TDB", "sigma": "7.0768E-5", "name": "tp", "label": "tp"}, {"name": "per", "sigma": "1.9741E-5", "units": "d", "title": "sidereal orbital period", "value": "385.8752119151286", "label": "period"}, {"units": "deg/d", "value": ".9329440940590407", "title": "mean motion", "name": "n", "sigma": "4.7728E-8", "label": "n"}, {"label": "Q", "name": "ad", "sigma": "4.8368E-8", "units": "au", "title": "aphelion distance", "value": "1.418202666422638"}], "epoch": "2461200.5"}