{"spkid": "54192207", "covariance": {"labels": ["e", "q", "tp", "node", "peri", "i"], "data": [["3.952229045071168E-15", "-5.36936808396997E-15", "3.059185136973113E-13", "-8.984702601720853E-15", "7.914310093178209E-13", "6.092488987508669E-14"], ["-5.36936808396997E-15", "7.374733437364794E-15", "-4.191982417526873E-13", "1.459543714984787E-14", "-1.08746624985422E-12", "-8.695888614558813E-14"], ["3.059185136973113E-13", "-4.191982417526873E-13", "8.218963292771858E-11", "-6.362974118206704E-12", "1.155479995549991E-10", "5.856569456098636E-11"], ["-8.984702601720853E-15", "1.459543714984787E-14", "-6.362974118206704E-12", "4.923548924467759E-11", "-5.311117412778728E-11", "-7.087963630339612E-11"], ["7.914310093178209E-13", "-1.08746624985422E-12", "1.155479995549991E-10", "-5.311117412778728E-11", "2.544415086323243E-10", "1.230778477373112E-10"], ["6.092488987508669E-14", "-8.695888614558813E-14", "5.856569456098636E-11", "-7.087963630339612E-11", "1.230778477373112E-10", "2.033426670386583E-10"]], "elements": [{"label": "e", "sigma": 6.28667562792225e-08, "name": "e", "value": ".4629867687993657", "title": "eccentricity", "units": null}, {"sigma": 8.58762681848996e-08, "name": "q", "value": ".8632588103044299", "title": "perihelion distance", "units": "au", "label": "q"}, {"label": "tp", "sigma": 9.06584981828613e-06, "name": "tp", "units": "TDB", "value": "2459524.846392235632", "title": "time of perihelion passage"}, {"sigma": 7.01680049913617e-06, "name": "om", "title": "longitude of the ascending node", "value": "177.3426670348877", "units": "deg", "label": "node"}, {"label": "peri", "sigma": 1.59512227942664e-05, "name": "w", "units": "deg", "title": "argument of perihelion", "value": "240.2417162763953"}, {"units": "deg", "title": "inclination", "value": "15.78637269231829", "sigma": 1.42598270339671e-05, "name": "i", "label": "i"}], "epoch": "2459586.5"}, "elements": [{"label": "e", "name": "e", "sigma": "6.2862E-8", "units": null, "value": ".4632117374607312", "title": "eccentricity"}, {"label": "a", "name": "a", "sigma": "3.349E-8", "value": "1.607596976039084", "title": "semi-major axis", "units": "au"}, {"name": "q", "sigma": "8.599E-8", "units": "au", "value": ".8629391876314025", "title": "perihelion distance", "label": "q"}, {"label": "i", "value": "15.78609876466111", "title": "inclination; angle with respect to x-y ecliptic plane", "units": "deg", "name": "i", "sigma": "1.4259E-5"}, {"units": "deg", "title": "longitude of the ascending node", "value": "177.3046001798496", "sigma": "6.998E-6", "name": "om", "label": "node"}, {"sigma": "1.5959E-5", "name": "w", "units": "deg", "value": "240.2808871269137", "title": "argument of perihelion", "label": "peri"}, {"sigma": "2.7452E-5", "name": "ma", "units": "deg", "value": "90.32040258760804", "title": "mean anomaly", "label": "M"}, {"label": "tp", "value": "2461013.712606556638", "title": "time of perihelion passage", "units": "TDB", "sigma": "5.1006E-5", "name": "tp"}, {"label": "period", "sigma": "2.3264E-5", "name": "per", "units": "d", "title": "sidereal orbital period", "value": "744.4991354460171"}, {"units": "deg/d", "title": "mean motion", "value": ".4835465655501802", "sigma": "1.511E-8", "name": "n", "label": "n"}, {"title": "aphelion distance", "value": "2.352254764446766", "units": "au", "name": "ad", "sigma": "4.9002E-8", "label": "Q"}], "epoch": "2461200.5"}