{"spkid": "54190785", "covariance": {"labels": ["e", "q", "tp", "node", "peri", "i"], "data": [["8.422391269037907E-13", "-6.461028000636881E-13", "1.143835757103031E-10", "8.702335392890923E-11", "-2.80926054951557E-11", "2.502010600912324E-11"], ["-6.461028000636881E-13", "4.958469854631436E-13", "-8.597458181887717E-11", "-6.430498738334887E-11", "2.018779257041491E-11", "-1.892423985536028E-11"], ["1.143835757103031E-10", "-8.597458181887717E-11", "3.092256913703051E-8", "3.311374143880835E-8", "-1.563573752703138E-8", "5.735642984091835E-9"], ["8.702335392890923E-11", "-6.430498738334887E-11", "3.311374143880835E-8", "4.105339073240019E-8", "-2.183716903139488E-8", "6.244458627294694E-9"], ["-2.80926054951557E-11", "2.018779257041491E-11", "-1.563573752703138E-8", "-2.183716903139488E-8", "1.258064691079131E-8", "-3.052146344324984E-9"], ["2.502010600912324E-11", "-1.892423985536028E-11", "5.735642984091835E-9", "6.244458627294694E-9", "-3.052146344324984E-9", "1.179197681389599E-9"]], "elements": [{"value": ".4878747671022694", "title": "eccentricity", "units": null, "sigma": 9.17735869901461e-07, "name": "e", "label": "e"}, {"label": "q", "name": "q", "sigma": 7.04164033065552e-07, "value": ".3867362942648312", "title": "perihelion distance", "units": "au"}, {"value": "2460093.678352962175", "title": "time of perihelion passage", "units": "TDB", "name": "tp", "sigma": 0.000175848142262096, "label": "tp"}, {"label": "node", "units": "deg", "title": "longitude of the ascending node", "value": "324.8343130362746", "sigma": 0.000202616363436915, "name": "om"}, {"title": "argument of perihelion", "value": "213.972038586841", "units": "deg", "name": "w", "sigma": 0.000112163482964784, "label": "peri"}, {"label": "i", "units": "deg", "value": "3.831515033054889", "title": "inclination", "name": "i", "sigma": 3.43394478899938e-05}], "epoch": "2460058.5"}, "elements": [{"label": "e", "sigma": "9.1783E-7", "name": "e", "title": "eccentricity", "value": ".4878632977312067", "units": null}, {"label": "a", "sigma": "3.3135E-8", "name": "a", "units": "au", "title": "semi-major axis", "value": ".7550860775634513"}, {"label": "q", "title": "perihelion distance", "value": ".3867072936924242", "units": "au", "name": "q", "sigma": "7.0446E-7"}, {"label": "i", "sigma": "3.4404E-5", "name": "i", "value": "3.82515223424025", "title": "inclination; angle with respect to x-y ecliptic plane", "units": "deg"}, {"label": "node", "sigma": ".00020497", "name": "om", "title": "longitude of the ascending node", "value": "324.7200247356195", "units": "deg"}, {"sigma": ".00011418", "name": "w", "title": "argument of perihelion", "value": "214.027788845582", "units": "deg", "label": "peri"}, {"sigma": ".00029587", "name": "ma", "units": "deg", "value": "222.712120544173", "title": "mean anomaly", "label": "M"}, {"value": "2461291.895079967408", "title": "time of perihelion passage", "units": "TDB", "name": "tp", "sigma": ".00019957", "label": "tp"}, {"label": "period", "units": "d", "value": "239.6586568215832", "title": "sidereal orbital period", "sigma": "1.5775E-5", "name": "per"}, {"sigma": "9.8877E-8", "name": "n", "value": "1.502136433435852", "title": "mean motion", "units": "deg/d", "label": "n"}, {"label": "Q", "sigma": "4.9301E-8", "name": "ad", "value": "1.123464861434478", "title": "aphelion distance", "units": "au"}], "epoch": "2461200.5"}