{"spkid": "54200434", "covariance": {"elements": [{"sigma": 7.6363281925258e-08, "name": "e", "value": ".5014223193461533", "title": "eccentricity", "units": null, "label": "e"}, {"units": "au", "value": "1.035631235838732", "title": "perihelion distance", "name": "q", "sigma": 1.58518977180416e-07, "label": "q"}, {"value": "2460562.791445466835", "title": "time of perihelion passage", "units": "TDB", "name": "tp", "sigma": 5.54930305733853e-05, "label": "tp"}, {"label": "node", "value": "189.8019087971268", "title": "longitude of the ascending node", "units": "deg", "name": "om", "sigma": 9.50400047800903e-06}, {"label": "peri", "name": "w", "sigma": 6.26716403253685e-05, "units": "deg", "title": "argument of perihelion", "value": "154.2296629115776"}, {"units": "deg", "title": "inclination", "value": "6.265501546029173", "name": "i", "sigma": 8.18944735611221e-06, "label": "i"}], "data": [["5.831350826396439E-15", "-1.210463601105091E-14", "-4.058755587032261E-12", "-2.223400077594307E-13", "-4.550971159105933E-12", "-2.696411775407172E-13"], ["-1.210463601105091E-14", "2.51282661263253E-14", "8.435314822625175E-12", "4.613362302949948E-13", "9.457573026897978E-12", "5.590932734280056E-13"], ["-4.058755587032261E-12", "8.435314822625175E-12", "3.079476442218678E-9", "1.583646442995533E-10", "3.440559563742347E-9", "1.585162980976979E-10"], ["-2.223400077594307E-13", "4.613362302949948E-13", "1.583646442995533E-10", "9.032602508599592E-11", "9.544268046539511E-11", "-2.556816257875319E-11"], ["-4.550971159105933E-12", "9.457573026897978E-12", "3.440559563742347E-9", "9.544268046539511E-11", "3.927734501072359E-9", "2.13254786740235E-10"], ["-2.696411775407172E-13", "5.590932734280056E-13", "1.585162980976979E-10", "-2.556816257875319E-11", "2.13254786740235E-10", "6.706704799853325E-11"]], "labels": ["e", "q", "tp", "node", "peri", "i"], "epoch": "2460179.5"}, "elements": [{"value": ".5024219060753226", "title": "eccentricity", "units": null, "sigma": "7.9336E-8", "name": "e", "label": "e"}, {"label": "a", "title": "semi-major axis", "value": "2.077930825751204", "units": "au", "sigma": "7.0364E-9", "name": "a"}, {"label": "q", "units": "au", "value": "1.033932859584615", "title": "perihelion distance", "name": "q", "sigma": "1.6185E-7"}, {"name": "i", "sigma": "8.1789E-6", "value": "6.277685765160813", "title": "inclination; angle with respect to x-y ecliptic plane", "units": "deg", "label": "i"}, {"label": "node", "units": "deg", "value": "189.6921077713571", "title": "longitude of the ascending node", "name": "om", "sigma": "9.5459E-6"}, {"units": "deg", "value": "154.3512274728245", "title": "argument of perihelion", "sigma": "6.2385E-5", "name": "w", "label": "peri"}, {"title": "mean anomaly", "value": "209.7483519350556", "units": "deg", "name": "ma", "sigma": "1.7115E-5", "label": "M"}, {"label": "tp", "sigma": "5.0372E-5", "name": "tp", "title": "time of perihelion passage", "value": "2461657.127222649063", "units": "TDB"}, {"label": "period", "name": "per", "sigma": "5.5572E-6", "units": "d", "title": "sidereal orbital period", "value": "1094.069863929937"}, {"label": "n", "units": "deg/d", "title": "mean motion", "value": ".3290466284363847", "sigma": "1.6714E-9", "name": "n"}, {"label": "Q", "title": "aphelion distance", "value": "3.121928791917793", "units": "au", "name": "ad", "sigma": "1.0572E-8"}], "epoch": "2461200.5"}