{"spkid": "54209488", "covariance": {"elements": [{"name": "e", "sigma": 1.20994557312695e-06, "title": "eccentricity", "value": ".4210306993751759", "units": null, "label": "e"}, {"label": "q", "sigma": 1.19191348827068e-06, "name": "q", "value": ".5848431148359131", "title": "perihelion distance", "units": "au"}, {"label": "tp", "units": "TDB", "title": "time of perihelion passage", "value": "2459949.977242704643", "sigma": 4.268702557002e-05, "name": "tp"}, {"title": "longitude of the ascending node", "value": "35.15365415559917", "units": "deg", "sigma": 2.41296229447181e-05, "name": "om", "label": "node"}, {"value": "109.2918554792074", "title": "argument of perihelion", "units": "deg", "sigma": 6.95543074983815e-05, "name": "w", "label": "peri"}, {"name": "i", "sigma": 2.3351893170012e-05, "title": "inclination", "value": "7.811949581204435", "units": "deg", "label": "i"}], "data": [["1.463968289929512E-12", "-1.442120878098334E-12", "-4.930463757316398E-11", "2.646803984364205E-12", "7.967594694635939E-11", "2.461232975161758E-11"], ["-1.442120878098334E-12", "1.420657763521572E-12", "4.864471998335368E-11", "-2.573836992534736E-12", "-7.850941708835195E-11", "-2.424470181327676E-11"], ["-4.930463757316398E-11", "4.864471998335368E-11", "1.822182152015541E-9", "2.497926710007147E-11", "-2.736732656514301E-9", "-8.353347193030605E-10"], ["2.646803984364205E-12", "-2.573836992534736E-12", "2.497926710007147E-11", "5.822387034542676E-10", "-3.755238944347216E-10", "-1.819420171122109E-10"], ["7.967594694635939E-11", "-7.850941708835195E-11", "-2.736732656514301E-9", "-3.755238944347216E-10", "4.837801691579403E-9", "1.561806163292146E-9"], ["2.461232975161758E-11", "-2.424470181327676E-11", "-8.353347193030605E-10", "-1.819420171122109E-10", "1.561806163292146E-9", "5.453109146236545E-10"]], "labels": ["e", "q", "tp", "node", "peri", "i"], "epoch": "2459773.5"}, "elements": [{"label": "e", "units": null, "title": "eccentricity", "value": ".4209774076982061", "sigma": "1.2099E-6", "name": "e"}, {"units": "au", "title": "semi-major axis", "value": "1.010572465840207", "sigma": "5.1016E-8", "name": "a", "label": "a"}, {"title": "perihelion distance", "value": ".5851442888796125", "units": "au", "name": "q", "sigma": "1.1941E-6", "label": "q"}, {"label": "i", "units": "deg", "title": "inclination; angle with respect to x-y ecliptic plane", "value": "7.812744572264489", "sigma": "2.3347E-5", "name": "i"}, {"sigma": "2.4138E-5", "name": "om", "title": "longitude of the ascending node", "value": "35.12380888722078", "units": "deg", "label": "node"}, {"label": "peri", "title": "argument of perihelion", "value": "109.242067725526", "units": "deg", "name": "w", "sigma": "7.0214E-5"}, {"value": "133.5010794942613", "title": "mean anomaly", "units": "deg", "name": "ma", "sigma": "6.1125E-5", "label": "M"}, {"label": "tp", "name": "tp", "sigma": "5.3303E-5", "units": "TDB", "value": "2461062.895734854172", "title": "time of perihelion passage"}, {"label": "period", "name": "per", "sigma": "2.8098E-5", "value": "371.0646808262516", "title": "sidereal orbital period", "units": "d"}, {"sigma": "7.3465E-8", "name": "n", "units": "deg/d", "value": ".9701812611170273", "title": "mean motion", "label": "n"}, {"label": "Q", "title": "aphelion distance", "value": "1.436000642800801", "units": "au", "sigma": "7.2493E-8", "name": "ad"}], "epoch": "2461200.5"}