{"spkid": "54228542", "covariance": {"epoch": "2459479.5", "data": [["5.941349314446247E-14", "-9.286472181501889E-14", "6.63460768431558E-12", "-1.802618512476212E-12", "8.267260258135275E-12", "-3.299684341622961E-13"], ["-9.286472181501889E-14", "1.465644583117546E-13", "-9.269678774636078E-12", "2.456800292414547E-12", "-1.221480232208346E-11", "6.135380425266728E-13"], ["6.63460768431558E-12", "-9.269678774636078E-12", "3.731282697037386E-9", "-1.060775911242341E-9", "2.947406727794562E-9", "5.431972604571868E-11"], ["-1.802618512476212E-12", "2.456800292414547E-12", "-1.060775911242341E-9", "2.417927360331831E-9", "-2.569113336400769E-9", "3.271591493890012E-10"], ["8.267260258135275E-12", "-1.221480232208346E-11", "2.947406727794562E-9", "-2.569113336400769E-9", "4.158251062280796E-9", "-2.641502456932293E-10"], ["-3.299684341622961E-13", "6.135380425266728E-13", "5.431972604571868E-11", "3.271591493890012E-10", "-2.641502456932293E-10", "3.628774324731036E-10"]], "elements": [{"units": null, "value": ".4246784007623541", "title": "eccentricity", "sigma": 2.43748832088407e-07, "name": "e", "label": "e"}, {"label": "q", "units": "au", "value": ".9697112308699466", "title": "perihelion distance", "sigma": 3.82837378415111e-07, "name": "q"}, {"label": "tp", "name": "tp", "sigma": 6.10842262538979e-05, "value": "2459583.675066457191", "title": "time of perihelion passage", "units": "TDB"}, {"name": "om", "sigma": 4.91724247961378e-05, "value": "232.4785459522083", "title": "longitude of the ascending node", "units": "deg", "label": "node"}, {"label": "peri", "value": "193.701594918591", "title": "argument of perihelion", "units": "deg", "sigma": 6.44845024969628e-05, "name": "w"}, {"label": "i", "sigma": 1.90493420482993e-05, "name": "i", "units": "deg", "title": "inclination", "value": "29.04931249798747"}], "labels": ["e", "q", "tp", "node", "peri", "i"]}, "elements": [{"title": "eccentricity", "value": ".4248544700708564", "units": null, "name": "e", "sigma": "2.4394E-7", "label": "e"}, {"name": "a", "sigma": "8.3026E-8", "units": "au", "value": "1.685426231462403", "title": "semi-major axis", "label": "a"}, {"label": "q", "units": "au", "value": ".9693653630509234", "title": "perihelion distance", "name": "q", "sigma": "3.8326E-7"}, {"units": "deg", "title": "inclination; angle with respect to x-y ecliptic plane", "value": "29.05153963782514", "sigma": "1.9053E-5", "name": "i", "label": "i"}, {"label": "node", "sigma": "4.9174E-5", "name": "om", "units": "deg", "title": "longitude of the ascending node", "value": "232.4669746686274"}, {"label": "peri", "units": "deg", "title": "argument of perihelion", "value": "193.7558028306646", "sigma": "6.4459E-5", "name": "w"}, {"label": "M", "units": "deg", "value": "8.204634075794244", "title": "mean anomaly", "name": "ma", "sigma": "7.4845E-5"}, {"units": "TDB", "title": "time of perihelion passage", "value": "2461182.285394655918", "sigma": ".00016487", "name": "tp", "label": "tp"}, {"value": "799.2139397435311", "title": "sidereal orbital period", "units": "d", "name": "per", "sigma": "5.9055E-5", "label": "period"}, {"label": "n", "sigma": "3.3284E-8", "name": "n", "value": ".4504425937759851", "title": "mean motion", "units": "deg/d"}, {"label": "Q", "sigma": "1.183E-7", "name": "ad", "value": "2.401487099873882", "title": "aphelion distance", "units": "au"}], "epoch": "2461200.5"}