{"spkid": "54239715", "covariance": {"elements": [{"value": ".8006319749724686", "title": "eccentricity", "units": null, "name": "e", "sigma": 1.4193323314911e-08, "label": "e"}, {"label": "q", "sigma": 3.74400287906112e-08, "name": "q", "units": "au", "value": ".4773000426233421", "title": "perihelion distance"}, {"sigma": 8.60491560968503e-06, "name": "tp", "units": "TDB", "value": "2459554.349629196687", "title": "time of perihelion passage", "label": "tp"}, {"label": "node", "units": "deg", "value": "102.4590663710577", "title": "longitude of the ascending node", "name": "om", "sigma": 2.51875514263586e-05}, {"value": "278.7023784832278", "title": "argument of perihelion", "units": "deg", "name": "w", "sigma": 2.38144374315653e-05, "label": "peri"}, {"label": "i", "title": "inclination", "value": "6.808168122512359", "units": "deg", "sigma": 8.60096480110594e-06, "name": "i"}], "data": [["2.014504267215973E-16", "-5.286725440123038E-16", "7.585499496861541E-14", "2.035769556382401E-14", "-2.874683539047826E-14", "-4.82863642170734E-14"], ["-5.286725440123038E-16", "1.401755755841793E-15", "-1.976991073655434E-13", "-2.608428309088678E-14", "5.209721973031183E-14", "1.341639057214681E-13"], ["7.585499496861541E-14", "-1.976991073655434E-13", "7.404457264980105E-11", "7.843199385313059E-11", "-5.654474687066783E-11", "-4.148710105375742E-11"], ["2.035769556382401E-14", "-2.608428309088678E-14", "7.843199385313059E-11", "6.344127468554596E-10", "-5.919791651127167E-10", "9.023171380939652E-11"], ["-2.874683539047826E-14", "5.209721973031183E-14", "-5.654474687066783E-11", "-5.919791651127167E-10", "5.67127430181937E-10", "-9.732984351104031E-11"], ["-4.82863642170734E-14", "1.341639057214681E-13", "-4.148710105375742E-11", "9.023171380939652E-11", "-9.732984351104031E-11", "7.397659550986326E-11"]], "labels": ["e", "q", "tp", "node", "peri", "i"], "epoch": "2459746.5"}, "elements": [{"label": "e", "title": "eccentricity", "value": ".8005695336188051", "units": null, "name": "e", "sigma": "1.4394E-8"}, {"name": "a", "sigma": "1.7333E-8", "units": "au", "title": "semi-major axis", "value": "2.395839591491505", "label": "a"}, {"label": "q", "name": "q", "sigma": "3.7228E-8", "units": "au", "title": "perihelion distance", "value": ".4778034071056823"}, {"label": "i", "title": "inclination; angle with respect to x-y ecliptic plane", "value": "6.809420239713364", "units": "deg", "sigma": "8.6012E-6", "name": "i"}, {"label": "node", "name": "om", "sigma": "2.5159E-5", "value": "102.3707477925219", "title": "longitude of the ascending node", "units": "deg"}, {"label": "peri", "units": "deg", "title": "argument of perihelion", "value": "278.7845732008615", "sigma": "2.3776E-5", "name": "w"}, {"name": "ma", "sigma": "5.9686E-6", "title": "mean anomaly", "value": "77.68923545972029", "units": "deg", "label": "M"}, {"name": "tp", "sigma": "1.9764E-5", "units": "TDB", "value": "2460908.190197318653", "title": "time of perihelion passage", "label": "tp"}, {"label": "period", "units": "d", "value": "1354.518786838166", "title": "sidereal orbital period", "sigma": "1.4699E-5", "name": "per"}, {"units": "deg/d", "value": ".2657770445844777", "title": "mean motion", "name": "n", "sigma": "2.8841E-9", "label": "n"}, {"name": "ad", "sigma": "3.1209E-8", "title": "aphelion distance", "value": "4.313875775877328", "units": "au", "label": "Q"}], "epoch": "2461200.5"}