{"spkid": "54235673", "covariance": {"data": [["9.552288673093199E-12", "-2.300150869212401E-11", "-1.324180036153711E-9", "8.901805262226374E-10", "-3.835727745961743E-9", "2.470430144171495E-10"], ["-2.300150869212401E-11", "5.538875359265623E-11", "3.190873366374073E-9", "-2.147158903520606E-9", "9.242527735600825E-9", "-5.957423246521485E-10"], ["-1.324180036153711E-9", "3.190873366374073E-9", "1.876286548767262E-7", "-1.283584863207383E-7", "5.40979078934859E-7", "-3.553699353723227E-8"], ["8.901805262226374E-10", "-2.147158903520606E-9", "-1.283584863207383E-7", "1.246035741326124E-7", "-4.038623910341298E-7", "3.080163784400383E-8"], ["-3.835727745961743E-9", "9.242527735600825E-9", "5.40979078934859E-7", "-4.038623910341298E-7", "1.596139716886338E-6", "-1.082898203445267E-7"], ["2.470430144171495E-10", "-5.957423246521485E-10", "-3.553699353723227E-8", "3.080163784400383E-8", "-1.082898203445267E-7", "8.006130497305673E-9"]], "elements": [{"title": "eccentricity", "value": ".6141516328990444", "units": null, "sigma": 3.09067770449997e-06, "name": "e", "label": "e"}, {"units": "au", "value": ".9289940208697419", "title": "perihelion distance", "sigma": 7.44236209765799e-06, "name": "q", "label": "q"}, {"title": "time of perihelion passage", "value": "2459533.824518722178", "units": "TDB", "sigma": 0.000433161234272789, "name": "tp", "label": "tp"}, {"sigma": 0.000352992314551765, "name": "om", "units": "deg", "value": "42.07475687262488", "title": "longitude of the ascending node", "label": "node"}, {"label": "peri", "units": "deg", "value": "332.1894379247915", "title": "argument of perihelion", "name": "w", "sigma": 0.00126338423169135}, {"sigma": 8.9476983058805e-05, "name": "i", "units": "deg", "value": "10.93903018744087", "title": "inclination", "label": "i"}], "labels": ["e", "q", "tp", "node", "peri", "i"], "epoch": "2460217.5"}, "elements": [{"label": "e", "value": ".6140979946250202", "title": "eccentricity", "units": null, "sigma": "3.0894E-6", "name": "e"}, {"label": "a", "units": "au", "value": "2.407401536239345", "title": "semi-major axis", "name": "a", "sigma": "1.2049E-7"}, {"value": ".9290210805775703", "title": "perihelion distance", "units": "au", "name": "q", "sigma": "7.4241E-6", "label": "q"}, {"label": "i", "sigma": "8.9446E-5", "name": "i", "units": "deg", "value": "10.93702106425589", "title": "inclination; angle with respect to x-y ecliptic plane"}, {"label": "node", "title": "longitude of the ascending node", "value": "42.03924895783435", "units": "deg", "name": "om", "sigma": ".00035248"}, {"label": "peri", "sigma": ".0012635", "name": "w", "title": "argument of perihelion", "value": "332.2124821634611", "units": "deg"}, {"label": "M", "name": "ma", "sigma": ".00012063", "title": "mean anomaly", "value": "79.65074713868081", "units": "deg"}, {"value": "2460898.637906264880", "title": "time of perihelion passage", "units": "TDB", "name": "tp", "sigma": ".00045561", "label": "tp"}, {"value": "1364.335648420673", "title": "sidereal orbital period", "units": "d", "sigma": ".00010243", "name": "per", "label": "period"}, {"label": "n", "units": "deg/d", "value": ".2638646878550221", "title": "mean motion", "name": "n", "sigma": "1.981E-8"}, {"units": "au", "title": "aphelion distance", "value": "3.88578199190112", "sigma": "1.9448E-7", "name": "ad", "label": "Q"}], "epoch": "2461200.5"}