{"spkid": "54235437", "covariance": {"epoch": "2460082.5", "elements": [{"sigma": 4.64418756314644e-08, "name": "e", "units": null, "title": "eccentricity", "value": ".6202641810837399", "label": "e"}, {"label": "q", "name": "q", "sigma": 1.17557447868581e-07, "title": "perihelion distance", "value": ".973238732089838", "units": "au"}, {"name": "tp", "sigma": 1.83590878820061e-05, "units": "TDB", "title": "time of perihelion passage", "value": "2459554.450196472435", "label": "tp"}, {"label": "node", "title": "longitude of the ascending node", "value": "73.6819068520964", "units": "deg", "sigma": 4.34036316891745e-05, "name": "om"}, {"label": "peri", "name": "w", "sigma": 2.69052015189019e-05, "title": "argument of perihelion", "value": "343.2770686750435", "units": "deg"}, {"label": "i", "name": "i", "sigma": 7.58864487933203e-06, "units": "deg", "value": "11.39825729280534", "title": "inclination"}], "data": [["2.156847812168408E-15", "-5.457397278961811E-15", "3.675449639760296E-13", "1.273001070998304E-12", "-7.244042377038371E-13", "-1.791732395734156E-13"], ["-5.457397278961811E-15", "1.381975354937409E-14", "-9.363009061346227E-13", "-3.240715122883847E-12", "1.835525181697303E-12", "4.565576869587033E-13"], ["3.675449639760296E-13", "-9.363009061346227E-13", "3.370561078592231E-10", "5.951147345030498E-10", "-1.346216042719792E-10", "-3.237062275953597E-12"], ["1.273001070998304E-12", "-3.240715122883847E-12", "5.951147345030498E-10", "1.883875243809514E-9", "-9.722848242850717E-10", "3.671584647854191E-12"], ["-7.244042377038371E-13", "1.835525181697303E-12", "-1.346216042719792E-10", "-9.722848242850717E-10", "7.238898687727213E-10", "-1.075245797810477E-11"], ["-1.791732395734156E-13", "4.565576869587033E-13", "-3.237062275953597E-12", "3.671584647854191E-12", "-1.075245797810477E-11", "5.758753110461224E-11"]], "labels": ["e", "q", "tp", "node", "peri", "i"]}, "elements": [{"label": "e", "units": null, "title": "eccentricity", "value": ".6204007799239025", "name": "e", "sigma": "4.6559E-8"}, {"label": "a", "sigma": "9.6263E-9", "name": "a", "units": "au", "value": "2.561880795478193", "title": "semi-major axis"}, {"label": "q", "sigma": "1.1796E-7", "name": "q", "title": "perihelion distance", "value": ".9724879518914542", "units": "au"}, {"label": "i", "value": "11.4007363698085", "title": "inclination; angle with respect to x-y ecliptic plane", "units": "deg", "sigma": "7.5909E-6", "name": "i"}, {"label": "node", "sigma": "4.3402E-5", "name": "om", "units": "deg", "value": "73.66879706539474", "title": "longitude of the ascending node"}, {"label": "peri", "title": "argument of perihelion", "value": "343.3273608372432", "units": "deg", "name": "w", "sigma": "2.6903E-5"}, {"name": "ma", "sigma": "5.0471E-6", "units": "deg", "value": "35.36550842746784", "title": "mean anomaly", "label": "M"}, {"name": "tp", "sigma": "2.0635E-5", "value": "2461053.365604491328", "title": "time of perihelion passage", "units": "TDB", "label": "tp"}, {"label": "period", "value": "1497.741294791685", "title": "sidereal orbital period", "units": "d", "sigma": "8.4417E-6", "name": "per"}, {"sigma": "1.3547E-9", "name": "n", "title": "mean motion", "value": ".2403619378405875", "units": "deg/d", "label": "n"}, {"label": "Q", "sigma": "1.5598E-8", "name": "ad", "title": "aphelion distance", "value": "4.151273639064931", "units": "au"}], "epoch": "2461200.5"}