{"spkid": "54246203", "covariance": {"epoch": "2459957.5", "labels": ["e", "q", "tp", "node", "peri", "i"], "data": [["1.990382039326266E-15", "-4.824175339936555E-15", "6.583291289365991E-13", "-5.024323439254608E-13", "1.064934513398184E-12", "3.573476356029665E-13"], ["-4.824175339936555E-15", "1.178532305757834E-14", "-1.647499200846002E-12", "1.252881616545622E-12", "-2.628760912389875E-12", "-8.925966414921565E-13"], ["6.583291289365991E-13", "-1.647499200846002E-12", "5.409358039122838E-10", "-4.162545826016785E-10", "7.264515025245396E-10", "2.944105840606385E-10"], ["-5.024323439254608E-13", "1.252881616545622E-12", "-4.162545826016785E-10", "5.715835463239019E-10", "-7.536335350529596E-10", "-3.399147959009562E-10"], ["1.064934513398184E-12", "-2.628760912389875E-12", "7.264515025245396E-10", "-7.536335350529596E-10", "1.17997749576721E-9", "4.79591951381016E-10"], ["3.573476356029665E-13", "-8.925966414921565E-13", "2.944105840606385E-10", "-3.399147959009562E-10", "4.79591951381016E-10", "2.718384187181724E-10"]], "elements": [{"label": "e", "value": ".6276611272857334", "title": "eccentricity", "units": null, "name": "e", "sigma": 4.46136978889474e-08}, {"label": "q", "units": "au", "value": ".9070008450683729", "title": "perihelion distance", "sigma": 1.08560227788902e-07, "name": "q"}, {"label": "tp", "units": "TDB", "value": "2459722.474455492265", "title": "time of perihelion passage", "name": "tp", "sigma": 2.32580266555932e-05}, {"units": "deg", "title": "longitude of the ascending node", "value": "17.78012899022919", "sigma": 2.39078134994378e-05, "name": "om", "label": "node"}, {"label": "peri", "name": "w", "sigma": 3.43508005113012e-05, "units": "deg", "value": "219.1779074554362", "title": "argument of perihelion"}, {"label": "i", "units": "deg", "value": "26.84742812389917", "title": "inclination", "sigma": 1.6487523122597e-05, "name": "i"}]}, "elements": [{"label": "e", "title": "eccentricity", "value": ".6303543354127299", "units": null, "sigma": "4.758E-8", "name": "e"}, {"label": "a", "value": "2.43456541765927", "title": "semi-major axis", "units": "au", "sigma": "2.7959E-8", "name": "a"}, {"label": "q", "title": "perihelion distance", "value": ".8999265517918458", "units": "au", "name": "q", "sigma": "1.1872E-7"}, {"label": "i", "value": "26.51771303017445", "title": "inclination; angle with respect to x-y ecliptic plane", "units": "deg", "sigma": "1.6811E-5", "name": "i"}, {"label": "node", "sigma": "2.353E-5", "name": "om", "title": "longitude of the ascending node", "value": "17.132739455147", "units": "deg"}, {"units": "deg", "value": "219.9433467611048", "title": "argument of perihelion", "name": "w", "sigma": "3.3318E-5", "label": "peri"}, {"label": "M", "units": "deg", "title": "mean anomaly", "value": "22.41600022389938", "sigma": "6.1865E-6", "name": "ma"}, {"label": "tp", "name": "tp", "sigma": "2.2819E-5", "units": "TDB", "title": "time of perihelion passage", "value": "2461114.105474958702"}, {"units": "d", "title": "sidereal orbital period", "value": "1387.49235832479", "name": "per", "sigma": "2.3901E-5", "label": "period"}, {"units": "deg/d", "title": "mean motion", "value": ".2594608884438481", "name": "n", "sigma": "4.4695E-9", "label": "n"}, {"value": "3.969204283526695", "title": "aphelion distance", "units": "au", "sigma": "4.5583E-8", "name": "ad", "label": "Q"}], "epoch": "2461200.5"}