{"spkid": "54245571", "covariance": {"labels": ["e", "q", "tp", "node", "peri", "i"], "elements": [{"sigma": 2.82220188261051e-08, "name": "e", "units": null, "value": ".583299672167222", "title": "eccentricity", "label": "e"}, {"units": "au", "title": "perihelion distance", "value": ".8714234046016772", "name": "q", "sigma": 5.74046171925508e-08, "label": "q"}, {"label": "tp", "name": "tp", "sigma": 2.75581624366321e-05, "value": "2459557.112417087578", "title": "time of perihelion passage", "units": "TDB"}, {"value": "109.3459899291638", "title": "longitude of the ascending node", "units": "deg", "name": "om", "sigma": 7.60182966114161e-05, "label": "node"}, {"name": "w", "sigma": 6.60016138546633e-05, "value": "324.1985214912324", "title": "argument of perihelion", "units": "deg", "label": "peri"}, {"label": "i", "name": "i", "sigma": 1.41582319713787e-05, "title": "inclination", "value": "11.05249171716432", "units": "deg"}], "data": [["7.964823466210311E-16", "-1.612530338370108E-15", "-1.075343231890833E-13", "5.080258337939562E-13", "-6.45931419453295E-13", "1.10726639311963E-13"], ["-1.612530338370108E-15", "3.295290075023301E-15", "8.758247717671107E-14", "-1.215550662818645E-12", "1.433913399968146E-12", "-2.391667367859991E-13"], ["-1.075343231890833E-13", "8.758247717671107E-14", "7.59452316883799E-10", "1.469387029338199E-9", "-1.044262352614676E-9", "1.636186524386545E-10"], ["5.080258337939562E-13", "-1.215550662818645E-12", "1.469387029338199E-9", "5.778781419701244E-9", "-4.934494023980292E-9", "9.447299368744929E-10"], ["-6.45931419453295E-13", "1.433913399968146E-12", "-1.044262352614676E-9", "-4.934494023980292E-9", "4.356213031420081E-9", "-8.462875129295608E-10"], ["1.10726639311963E-13", "-2.391667367859991E-13", "1.636186524386545E-10", "9.447299368744929E-10", "-8.462875129295608E-10", "2.00455532555369E-10"]], "epoch": "2459072.5"}, "elements": [{"sigma": "2.8099E-8", "name": "e", "units": null, "title": "eccentricity", "value": ".5827111806341084", "label": "e"}, {"label": "a", "title": "semi-major axis", "value": "2.091350159322114", "units": "au", "sigma": "1.6368E-8", "name": "a"}, {"sigma": "5.7765E-8", "name": "q", "value": ".8726970388641943", "title": "perihelion distance", "units": "au", "label": "q"}, {"name": "i", "sigma": "1.4113E-5", "value": "11.03457432603916", "title": "inclination; angle with respect to x-y ecliptic plane", "units": "deg", "label": "i"}, {"name": "om", "sigma": "7.6024E-5", "value": "109.2803270422473", "title": "longitude of the ascending node", "units": "deg", "label": "node"}, {"sigma": "6.6181E-5", "name": "w", "units": "deg", "title": "argument of perihelion", "value": "324.2061976025593", "label": "peri"}, {"label": "M", "name": "ma", "sigma": "5.0703E-6", "units": "deg", "value": "175.5816185611955", "title": "mean anomaly"}, {"value": "2460661.715485507719", "title": "time of perihelion passage", "units": "TDB", "sigma": "1.7999E-5", "name": "tp", "label": "tp"}, {"label": "period", "value": "1104.685255818048", "title": "sidereal orbital period", "units": "d", "sigma": "1.2969E-5", "name": "per"}, {"label": "n", "value": ".3258846790105935", "title": "mean motion", "units": "deg/d", "name": "n", "sigma": "3.8258E-9"}, {"value": "3.310003279780033", "title": "aphelion distance", "units": "au", "name": "ad", "sigma": "2.5906E-8", "label": "Q"}], "epoch": "2461200.5"}