{"spkid": "54244538", "covariance": {"data": [["1.96119067783746E-13", "-2.435228414698E-13", "-1.983051883273585E-13", "2.803435579293209E-12", "-2.286520885237026E-11", "1.380727444952603E-11"], ["-2.435228414698E-13", "3.024413572505694E-13", "1.268340597237253E-13", "-3.504984291880528E-12", "2.838876323178677E-11", "-1.71057414881729E-11"], ["-1.983051883273585E-13", "1.268340597237253E-13", "2.826974415879664E-10", "4.725236070446393E-11", "5.169824382834124E-11", "-1.180681072402269E-10"], ["2.803435579293209E-12", "-3.504984291880528E-12", "4.725236070446393E-11", "1.905264912385268E-10", "-3.875857137811892E-10", "3.868457521290786E-10"], ["-2.286520885237026E-11", "2.838876323178677E-11", "5.169824382834124E-11", "-3.875857137811892E-10", "2.726137776656158E-9", "-1.729462366229707E-9"], ["1.380727444952603E-11", "-1.71057414881729E-11", "-1.180681072402269E-10", "3.868457521290786E-10", "-1.729462366229707E-9", "1.701482505933874E-9"]], "elements": [{"label": "e", "title": "eccentricity", "value": ".6726646531291869", "units": null, "name": "e", "sigma": 4.42853325361508e-07}, {"label": "q", "sigma": 5.49946685825607e-07, "name": "q", "units": "au", "title": "perihelion distance", "value": ".4147226813442355"}, {"sigma": 1.68136088210701e-05, "name": "tp", "units": "TDB", "value": "2459045.780603699337", "title": "time of perihelion passage", "label": "tp"}, {"sigma": 1.38031333847981e-05, "name": "om", "units": "deg", "title": "longitude of the ascending node", "value": "307.7850788434447", "label": "node"}, {"label": "peri", "title": "argument of perihelion", "value": "65.05077990197192", "units": "deg", "sigma": 5.221242933111e-05, "name": "w"}, {"label": "i", "name": "i", "sigma": 4.12490303635597e-05, "units": "deg", "value": "40.36196007824211", "title": "inclination"}], "labels": ["e", "q", "tp", "node", "peri", "i"], "epoch": "2458862.5"}, "elements": [{"title": "eccentricity", "value": ".6727095493217699", "units": null, "sigma": "4.4312E-7", "name": "e", "label": "e"}, {"sigma": "4.2215E-8", "name": "a", "value": "1.267172272207721", "title": "semi-major axis", "units": "au", "label": "a"}, {"value": ".4147333840578221", "title": "perihelion distance", "units": "au", "name": "q", "sigma": "5.501E-7", "label": "q"}, {"value": "40.35501611951815", "title": "inclination; angle with respect to x-y ecliptic plane", "units": "deg", "name": "i", "sigma": "4.1225E-5", "label": "i"}, {"label": "node", "sigma": "1.3805E-5", "name": "om", "units": "deg", "title": "longitude of the ascending node", "value": "307.749315218742"}, {"name": "w", "sigma": "5.2188E-5", "units": "deg", "title": "argument of perihelion", "value": "65.08083819897854", "label": "peri"}, {"units": "deg", "value": "48.90421564719422", "title": "mean anomaly", "sigma": "6.7251E-5", "name": "ma", "label": "M"}, {"label": "tp", "value": "2461129.722418933904", "title": "time of perihelion passage", "units": "TDB", "name": "tp", "sigma": "9.3833E-5"}, {"label": "period", "title": "sidereal orbital period", "value": "521.0170298530588", "units": "d", "name": "per", "sigma": "2.6036E-5"}, {"name": "n", "sigma": "3.4528E-8", "units": "deg/d", "title": "mean motion", "value": ".6909563015656703", "label": "n"}, {"sigma": "7.0613E-8", "name": "ad", "units": "au", "title": "aphelion distance", "value": "2.119611160357621", "label": "Q"}], "epoch": "2461200.5"}