{"spkid": "54248944", "covariance": {"epoch": "2459700.5", "elements": [{"label": "e", "title": "eccentricity", "value": ".1370533508696176", "units": null, "sigma": 6.2025773471646e-07, "name": "e"}, {"value": ".8723665418005395", "title": "perihelion distance", "units": "au", "sigma": 5.78740294261664e-07, "name": "q", "label": "q"}, {"label": "tp", "units": "TDB", "title": "time of perihelion passage", "value": "2459760.328575288801", "sigma": 3.88665878680894e-05, "name": "tp"}, {"label": "node", "title": "longitude of the ascending node", "value": "5.64825537144601", "units": "deg", "name": "om", "sigma": 1.37857186995211e-05}, {"label": "peri", "sigma": 4.22882047255494e-05, "name": "w", "units": "deg", "title": "argument of perihelion", "value": "286.1359903476117"}, {"sigma": 4.09185630120512e-05, "name": "i", "value": "9.311160225001078", "title": "inclination", "units": "deg", "label": "i"}], "data": [["3.847196574755947E-13", "-3.588468640149319E-13", "-1.894051310508543E-11", "-5.836896791735612E-12", "2.136792514394237E-11", "2.473300163269089E-11"], ["-3.588468640149319E-13", "3.349403282020778E-13", "1.781465322700676E-11", "5.42417296045886E-12", "-1.982079377154435E-11", "-2.300709229552363E-11"], ["-1.894051310508543E-11", "1.781465322700676E-11", "1.510611652507916E-9", "2.112524217758329E-10", "-5.096937173118913E-10", "-1.049832131854718E-9"], ["-5.836896791735612E-12", "5.42417296045886E-12", "2.112524217758329E-10", "1.900460400623251E-10", "-4.850097357918512E-10", "-4.406165418604073E-10"], ["2.136792514394237E-11", "-1.982079377154435E-11", "-5.096937173118913E-10", "-4.850097357918512E-10", "1.788292258909977E-9", "1.570577951149557E-9"], ["2.473300163269089E-11", "-2.300709229552363E-11", "-1.049832131854718E-9", "-4.406165418604073E-10", "1.570577951149557E-9", "1.674328798971201E-9"]], "labels": ["e", "q", "tp", "node", "peri", "i"]}, "elements": [{"label": "e", "sigma": "6.2145E-7", "name": "e", "units": null, "title": "eccentricity", "value": ".1369174888201877"}, {"label": "a", "value": "1.010976578625686", "title": "semi-major axis", "units": "au", "name": "a", "sigma": "5.6161E-8"}, {"name": "q", "sigma": "5.8189E-7", "title": "perihelion distance", "value": ".8725562042242317", "units": "au", "label": "q"}, {"title": "inclination; angle with respect to x-y ecliptic plane", "value": "9.310261726169896", "units": "deg", "sigma": "4.0931E-5", "name": "i", "label": "i"}, {"label": "node", "sigma": "1.2403E-5", "name": "om", "units": "deg", "value": "5.475977595209179", "title": "longitude of the ascending node"}, {"label": "peri", "sigma": "4.7411E-5", "name": "w", "value": "285.6915034433708", "title": "argument of perihelion", "units": "deg"}, {"label": "M", "sigma": ".00010473", "name": "ma", "value": "317.0700001446057", "title": "mean anomaly", "units": "deg"}, {"label": "tp", "value": "2461244.776007738520", "title": "time of perihelion passage", "units": "TDB", "name": "tp", "sigma": ".00011158"}, {"value": "371.2872778839384", "title": "sidereal orbital period", "units": "d", "sigma": "3.0938E-5", "name": "per", "label": "period"}, {"label": "n", "value": ".9695996104464782", "title": "mean motion", "units": "deg/d", "name": "n", "sigma": "8.0794E-8"}, {"label": "Q", "name": "ad", "sigma": "6.3851E-8", "units": "au", "title": "aphelion distance", "value": "1.14939695302714"}], "epoch": "2461200.5"}