{"spkid": "54244775", "covariance": {"epoch": "2459909.5", "labels": ["e", "q", "tp", "node", "peri", "i"], "elements": [{"value": ".6367900418652522", "title": "eccentricity", "units": null, "name": "e", "sigma": 1.12138652884062e-06, "label": "e"}, {"label": "q", "sigma": 1.75857140895792e-06, "name": "q", "units": "au", "value": ".5920948682271551", "title": "perihelion distance"}, {"label": "tp", "sigma": 2.43321958035943e-05, "name": "tp", "title": "time of perihelion passage", "value": "2459688.870844280223", "units": "TDB"}, {"label": "node", "sigma": 3.07850175000808e-05, "name": "om", "units": "deg", "title": "longitude of the ascending node", "value": "345.8216960225178"}, {"label": "peri", "units": "deg", "value": "271.9886205764168", "title": "argument of perihelion", "name": "w", "sigma": 0.000191273510330608}, {"value": "13.77591711123754", "title": "inclination", "units": "deg", "sigma": 4.02694584821424e-05, "name": "i", "label": "i"}], "data": [["1.257507747065221E-12", "-1.971973411610822E-12", "-2.533744112970631E-11", "-2.314823015636936E-11", "2.131743123373053E-10", "4.211504652637918E-11"], ["-1.971973411610822E-12", "3.092573400404257E-12", "3.981701031771319E-11", "3.637264679614866E-11", "-3.34268677120863E-10", "-6.601249522866015E-11"], ["-2.533744112970631E-11", "3.981701031771319E-11", "5.920557526244525E-10", "5.172290710417094E-10", "-4.26660673337063E-9", "-8.3226656723675E-10"], ["-2.314823015636936E-11", "3.637264679614866E-11", "5.172290710417094E-10", "9.477173024802834E-10", "-4.362655248536702E-9", "-1.020925634281592E-9"], ["2.131743123373053E-10", "-3.34268677120863E-10", "-4.26660673337063E-9", "-4.362655248536702E-9", "3.658555575419335E-8", "7.389257600126974E-9"], ["4.211504652637918E-11", "-6.601249522866015E-11", "-8.3226656723675E-10", "-1.020925634281592E-9", "7.389257600126974E-9", "1.621629286444994E-9"]]}, "elements": [{"sigma": "1.1214E-6", "name": "e", "title": "eccentricity", "value": ".63654637123549", "units": null, "label": "e"}, {"units": "au", "title": "semi-major axis", "value": "1.630460500226198", "name": "a", "sigma": "1.963E-7", "label": "a"}, {"units": "au", "value": ".5925967853644099", "title": "perihelion distance", "sigma": "1.7585E-6", "name": "q", "label": "q"}, {"label": "i", "name": "i", "sigma": "4.0398E-5", "title": "inclination; angle with respect to x-y ecliptic plane", "value": "13.77801108142564", "units": "deg"}, {"name": "om", "sigma": "3.1409E-5", "value": "345.6342153920512", "title": "longitude of the ascending node", "units": "deg", "label": "node"}, {"units": "deg", "value": "272.2076897805437", "title": "argument of perihelion", "sigma": ".00019244", "name": "w", "label": "peri"}, {"units": "deg", "value": "355.6708107495406", "title": "mean anomaly", "name": "ma", "sigma": ".00012133", "label": "M"}, {"title": "time of perihelion passage", "value": "2461209.644667528106", "units": "TDB", "sigma": ".00025794", "name": "tp", "label": "tp"}, {"label": "period", "sigma": ".00013733", "name": "per", "value": "760.4380681137691", "title": "sidereal orbital period", "units": "d"}, {"value": ".4734113336710813", "title": "mean motion", "units": "deg/d", "sigma": "8.5493E-8", "name": "n", "label": "n"}, {"label": "Q", "name": "ad", "sigma": "3.2125E-7", "value": "2.668324215087986", "title": "aphelion distance", "units": "au"}], "epoch": "2461200.5"}