{"spkid": "54257607", "covariance": {"epoch": "2460675.5", "elements": [{"label": "e", "sigma": 2.35715875705529e-07, "name": "e", "units": null, "value": ".2751901453402432", "title": "eccentricity"}, {"value": ".6277621892685662", "title": "perihelion distance", "units": "au", "sigma": 1.99219873533353e-07, "name": "q", "label": "q"}, {"label": "tp", "value": "2460708.428424810291", "title": "time of perihelion passage", "units": "TDB", "sigma": 3.8273763515061e-05, "name": "tp"}, {"label": "node", "sigma": 4.99589748350857e-06, "name": "om", "units": "deg", "title": "longitude of the ascending node", "value": "157.4835490089469"}, {"sigma": 2.02523867303274e-05, "name": "w", "value": "220.917927238857", "title": "argument of perihelion", "units": "deg", "label": "peri"}, {"sigma": 9.59056340991328e-06, "name": "i", "units": "deg", "value": "6.34546641091438", "title": "inclination", "label": "i"}], "data": [["5.556197405962429E-14", "-4.695800944162089E-14", "8.792288491483911E-12", "2.134356209746231E-13", "4.463997587794381E-12", "2.026350544449683E-12"], ["-4.695800944162089E-14", "3.96885580106452E-14", "-7.434652879801627E-12", "-1.810590480920037E-13", "-3.773618222568143E-12", "-1.711721416575907E-12"], ["8.792288491483911E-12", "-7.434652879801627E-12", "1.464880973606815E-9", "4.101215662301229E-11", "7.524362601204111E-10", "3.145212424642157E-10"], ["2.134356209746231E-13", "-1.810590480920037E-13", "4.101215662301229E-11", "2.495899166572725E-11", "-7.293715949068544E-13", "1.537030090486687E-11"], ["4.463997587794381E-12", "-3.773618222568143E-12", "7.524362601204111E-10", "-7.293715949068544E-13", "4.101591682747425E-10", "1.514264119232559E-10"], ["2.026350544449683E-12", "-1.711721416575907E-12", "3.145212424642157E-10", "1.537030090486687E-11", "1.514264119232559E-10", "9.197890651956744E-11"]], "labels": ["e", "q", "tp", "node", "peri", "i"]}, "elements": [{"label": "e", "sigma": "2.3478E-7", "name": "e", "units": null, "title": "eccentricity", "value": ".2755526058650276"}, {"label": "a", "units": "au", "title": "semi-major axis", "value": ".8652845354275123", "name": "a", "sigma": "8.3627E-9"}, {"value": ".6268531268757516", "title": "perihelion distance", "units": "au", "name": "q", "sigma": "1.9737E-7", "label": "q"}, {"label": "i", "title": "inclination; angle with respect to x-y ecliptic plane", "value": "6.352015741160447", "units": "deg", "sigma": "9.5966E-6", "name": "i"}, {"label": "node", "name": "om", "sigma": "5.0273E-6", "value": "157.4332537777808", "title": "longitude of the ascending node", "units": "deg"}, {"name": "w", "sigma": "2.0678E-5", "title": "argument of perihelion", "value": "220.7019525571163", "units": "deg", "label": "peri"}, {"sigma": "5.4653E-5", "name": "ma", "title": "mean anomaly", "value": "242.2197567460133", "units": "deg", "label": "M"}, {"name": "tp", "sigma": "4.5913E-5", "units": "TDB", "value": "2461296.684875238542", "title": "time of perihelion passage", "label": "tp"}, {"label": "period", "units": "d", "value": "293.9928983777434", "title": "sidereal orbital period", "name": "per", "sigma": "4.262E-6"}, {"units": "deg/d", "title": "mean motion", "value": "1.224519374401507", "name": "n", "sigma": "1.7752E-8", "label": "n"}, {"label": "Q", "units": "au", "title": "aphelion distance", "value": "1.103715943979273", "sigma": "1.0667E-8", "name": "ad"}], "epoch": "2461200.5"}