{"spkid": "54269061", "covariance": {"epoch": "2459926.5", "labels": ["e", "q", "tp", "node", "peri", "i"], "data": [["1.149037265816629E-14", "-2.615531742655987E-14", "1.971586393039682E-13", "4.701067083935589E-12", "-7.455838908966411E-12", "1.717325024724796E-12"], ["-2.615531742655987E-14", "5.954514633454456E-14", "-4.59711923092852E-13", "-1.071939934347066E-11", "1.698885732242335E-11", "-3.904337925166165E-12"], ["1.971586393039682E-13", "-4.59711923092852E-13", "1.125362159638869E-10", "3.810873477354307E-11", "-3.002286651989749E-11", "-7.515793843485286E-11"], ["4.701067083935589E-12", "-1.071939934347066E-11", "3.810873477354307E-11", "3.314125807549305E-9", "-4.467814273171375E-9", "1.2893587505014E-9"], ["-7.455838908966411E-12", "1.698885732242335E-11", "-3.002286651989749E-11", "-4.467814273171375E-9", "6.315967228081669E-9", "-1.751496691701823E-9"], ["1.717325024724796E-12", "-3.904337925166165E-12", "-7.515793843485286E-11", "1.2893587505014E-9", "-1.751496691701823E-9", "6.074885221072004E-10"]], "elements": [{"sigma": 1.07193155836398e-07, "name": "e", "title": "eccentricity", "value": ".7002538390356037", "units": null, "label": "e"}, {"name": "q", "sigma": 2.44018741769038e-07, "title": "perihelion distance", "value": ".5933154421658102", "units": "au", "label": "q"}, {"units": "TDB", "value": "2459620.464755169820", "title": "time of perihelion passage", "name": "tp", "sigma": 1.06083088173321e-05, "label": "tp"}, {"sigma": 5.75684445468983e-05, "name": "om", "title": "longitude of the ascending node", "value": "181.4163754567252", "units": "deg", "label": "node"}, {"sigma": 7.94730597629264e-05, "name": "w", "title": "argument of perihelion", "value": "279.5944520973351", "units": "deg", "label": "peri"}, {"units": "deg", "value": "5.126504068471024", "title": "inclination", "name": "i", "sigma": 2.46472822458623e-05, "label": "i"}]}, "elements": [{"units": null, "title": "eccentricity", "value": ".7006802912710911", "sigma": "1.0838E-7", "name": "e", "label": "e"}, {"label": "a", "sigma": "9.2469E-8", "name": "a", "value": "1.980972304697866", "title": "semi-major axis", "units": "au"}, {"value": ".5929440532422006", "title": "perihelion distance", "units": "au", "sigma": "2.4229E-7", "name": "q", "label": "q"}, {"label": "i", "name": "i", "sigma": "2.4582E-5", "value": "5.121161552397559", "title": "inclination; angle with respect to x-y ecliptic plane", "units": "deg"}, {"value": "181.3570275971315", "title": "longitude of the ascending node", "units": "deg", "name": "om", "sigma": "5.7569E-5", "label": "node"}, {"name": "w", "sigma": "7.9694E-5", "units": "deg", "value": "279.642493866548", "title": "argument of perihelion", "label": "peri"}, {"label": "M", "name": "ma", "sigma": "4.2343E-5", "units": "deg", "title": "mean anomaly", "value": "199.0180631314627"}, {"name": "tp", "sigma": ".00015156", "value": "2461655.897539945093", "title": "time of perihelion passage", "units": "TDB", "label": "tp"}, {"label": "period", "name": "per", "sigma": "7.1306E-5", "title": "sidereal orbital period", "value": "1018.39447064247", "units": "d"}, {"value": ".3534975987967496", "title": "mean motion", "units": "deg/d", "sigma": "2.4751E-8", "name": "n", "label": "n"}, {"value": "3.369000556153531", "title": "aphelion distance", "units": "au", "sigma": "1.5726E-7", "name": "ad", "label": "Q"}], "epoch": "2461200.5"}