{"spkid": "54266174", "covariance": {"epoch": "2459542.5", "data": [["1.519624871269818E-15", "-2.127687119546839E-15", "-1.288169036498744E-13", "-1.175496570947846E-12", "1.29678799722397E-12", "-5.759250713359626E-15"], ["-2.127687119546839E-15", "2.979942284626113E-15", "1.847875402760401E-13", "1.628589465384814E-12", "-1.796615037428467E-12", "9.523266537039899E-15"], ["-1.288169036498744E-13", "1.847875402760401E-13", "5.073321499052387E-11", "-3.057664489726386E-11", "3.700323475401891E-11", "8.518311364482287E-12"], ["-1.175496570947846E-12", "1.628589465384814E-12", "-3.057664489726386E-11", "4.674506056108612E-9", "-4.832856643246367E-9", "-1.083556758874761E-10"], ["1.29678799722397E-12", "-1.796615037428467E-12", "3.700323475401891E-11", "-4.832856643246367E-9", "5.014860834868336E-9", "1.093819702423008E-10"], ["-5.759250713359626E-15", "9.523266537039899E-15", "8.518311364482287E-12", "-1.083556758874761E-10", "1.093819702423008E-10", "9.799970961371752E-12"]], "elements": [{"value": ".6490052342742367", "title": "eccentricity", "units": null, "sigma": 3.89823661579158e-08, "name": "e", "label": "e"}, {"label": "q", "sigma": 5.45888476213422e-08, "name": "q", "units": "au", "value": ".4910337787717202", "title": "perihelion distance"}, {"label": "tp", "name": "tp", "sigma": 7.12272525024824e-06, "title": "time of perihelion passage", "value": "2459735.263761813403", "units": "TDB"}, {"name": "om", "sigma": 6.83703594850035e-05, "value": "93.93215761353852", "title": "longitude of the ascending node", "units": "deg", "label": "node"}, {"sigma": 7.08156821252774e-05, "name": "w", "title": "argument of perihelion", "value": "213.8127234999807", "units": "deg", "label": "peri"}, {"label": "i", "name": "i", "sigma": 3.1304905304715e-06, "title": "inclination", "value": "3.248070846394651", "units": "deg"}], "labels": ["e", "q", "tp", "node", "peri", "i"]}, "elements": [{"value": ".6492907731093839", "title": "eccentricity", "units": null, "sigma": "4.0627E-8", "name": "e", "label": "e"}, {"label": "a", "sigma": "1.1398E-8", "name": "a", "units": "au", "value": "1.400873398265593", "title": "semi-major axis"}, {"label": "q", "value": ".4912992264773562", "title": "perihelion distance", "units": "au", "name": "q", "sigma": "5.3216E-8"}, {"name": "i", "sigma": "3.134E-6", "title": "inclination; angle with respect to x-y ecliptic plane", "value": "3.260747207462699", "units": "deg", "label": "i"}, {"units": "deg", "title": "longitude of the ascending node", "value": "93.6362393768339", "sigma": "6.8314E-5", "name": "om", "label": "node"}, {"units": "deg", "value": "214.1433925220375", "title": "argument of perihelion", "sigma": "7.0907E-5", "name": "w", "label": "peri"}, {"label": "M", "units": "deg", "value": "151.3285944941828", "title": "mean anomaly", "sigma": "8.1288E-6", "name": "ma"}, {"label": "tp", "name": "tp", "sigma": "1.086E-5", "title": "time of perihelion passage", "value": "2460945.925290338778", "units": "TDB"}, {"sigma": "7.3915E-6", "name": "per", "units": "d", "value": "605.6151898084458", "title": "sidereal orbital period", "label": "period"}, {"label": "n", "units": "deg/d", "value": ".5944368735431931", "title": "mean motion", "sigma": "7.2551E-9", "name": "n"}, {"label": "Q", "value": "2.310447570053829", "title": "aphelion distance", "units": "au", "sigma": "1.8799E-8", "name": "ad"}], "epoch": "2461200.5"}