{"spkid": "54264233", "covariance": {"epoch": "2459743.5", "elements": [{"units": null, "title": "eccentricity", "value": ".2354558242906403", "sigma": 1.11180828003418e-06, "name": "e", "label": "e"}, {"label": "q", "sigma": 9.5521703361841e-07, "name": "q", "units": "au", "title": "perihelion distance", "value": ".6593719423794984"}, {"value": "2459764.596508707028", "title": "time of perihelion passage", "units": "TDB", "sigma": 0.000268880096452383, "name": "tp", "label": "tp"}, {"units": "deg", "value": "183.6748348937597", "title": "longitude of the ascending node", "name": "om", "sigma": 5.23362539413655e-06, "label": "node"}, {"sigma": 0.0001673673982967, "name": "w", "units": "deg", "value": "143.6772947673107", "title": "argument of perihelion", "label": "peri"}, {"label": "i", "title": "inclination", "value": "7.439623138039479", "units": "deg", "sigma": 6.48051550047532e-05, "name": "i"}], "data": [["1.236117651552564E-12", "-1.062016465932218E-12", "-2.987247334726778E-10", "3.983502048307128E-12", "-1.857327467063017E-10", "5.732626779998345E-11"], ["-1.062016465932218E-12", "9.124395813147544E-13", "2.566599621740107E-10", "-3.421305205042233E-12", "1.595803181868722E-10", "-4.921856437482032E-11"], ["-2.987247334726778E-10", "2.566599621740107E-10", "7.229650626824276E-8", "-9.606164434554502E-10", "4.498233054757026E-8", "-1.359070094181291E-8"], ["3.983502048307128E-12", "-3.421305205042233E-12", "-9.606164434554502E-10", "2.739083476615095E-11", "-6.111546151796317E-10", "2.703091181500136E-10"], ["-1.857327467063017E-10", "1.595803181868722E-10", "4.498233054757026E-8", "-6.111546151796317E-10", "2.801184601260637E-8", "-8.452517936214386E-9"], ["5.732626779998345E-11", "-4.921856437482032E-11", "-1.359070094181291E-8", "2.703091181500136E-10", "-8.452517936214386E-9", "4.19970811519009E-9"]], "labels": ["e", "q", "tp", "node", "peri", "i"]}, "elements": [{"label": "e", "sigma": "1.1273E-6", "name": "e", "units": null, "title": "eccentricity", "value": ".234767012217994"}, {"units": "au", "title": "semi-major axis", "value": ".86351636144135", "sigma": "7.7869E-9", "name": "a", "label": "a"}, {"units": "au", "value": ".6607912052644109", "title": "perihelion distance", "name": "q", "sigma": "9.7922E-7", "label": "q"}, {"title": "inclination; angle with respect to x-y ecliptic plane", "value": "7.44343814073958", "units": "deg", "sigma": "6.467E-5", "name": "i", "label": "i"}, {"label": "node", "sigma": "6.33E-6", "name": "om", "value": "183.5975695496261", "title": "longitude of the ascending node", "units": "deg"}, {"label": "peri", "sigma": ".00016169", "name": "w", "units": "deg", "value": "143.3812796820221", "title": "argument of perihelion"}, {"label": "M", "units": "deg", "value": "327.1768413198296", "title": "mean anomaly", "sigma": ".00030746", "name": "ma"}, {"label": "tp", "name": "tp", "sigma": ".00025066", "units": "TDB", "value": "2461227.222811889836", "title": "time of perihelion passage"}, {"label": "period", "sigma": "3.9645E-6", "name": "per", "value": "293.0922149839514", "title": "sidereal orbital period", "units": "d"}, {"sigma": "1.6614E-8", "name": "n", "units": "deg/d", "title": "mean motion", "value": "1.228282368467932", "label": "n"}, {"units": "au", "value": "1.066241517618289", "title": "aphelion distance", "name": "ad", "sigma": "9.615E-9", "label": "Q"}], "epoch": "2461200.5"}