{"spkid": "54265872", "covariance": {"labels": ["e", "q", "tp", "node", "peri", "i"], "elements": [{"units": null, "value": ".4294949790625912", "title": "eccentricity", "sigma": 8.43510977495004e-07, "name": "e", "label": "e"}, {"label": "q", "sigma": 8.46759529376367e-07, "name": "q", "title": "perihelion distance", "value": ".5608477709814983", "units": "au"}, {"label": "tp", "units": "TDB", "title": "time of perihelion passage", "value": "2459587.380749156967", "name": "tp", "sigma": 6.81978332338442e-05}, {"label": "node", "name": "om", "sigma": 0.000555849975941256, "units": "deg", "value": "242.1374949237011", "title": "longitude of the ascending node"}, {"label": "peri", "name": "w", "sigma": 0.000534421644016368, "units": "deg", "value": "177.8666215874644", "title": "argument of perihelion"}, {"sigma": 2.63368955234069e-05, "name": "i", "units": "deg", "value": "2.803663802540473", "title": "inclination", "label": "i"}], "data": [["7.115107691545774E-13", "-7.140028709929679E-13", "3.884747170578044E-11", "-2.346402919676978E-11", "-1.720831783262731E-11", "4.836407073997779E-12"], ["-7.140028709929679E-13", "7.170017005896864E-13", "-3.792128249765989E-11", "2.991886982284883E-11", "1.175581615060306E-11", "-5.242568618296583E-12"], ["3.884747170578044E-11", "-3.792128249765989E-11", "4.650944457791219E-9", "1.373963898605692E-8", "-1.392134183759208E-8", "-6.537304159050684E-10"], ["-2.346402919676978E-11", "2.991886982284883E-11", "1.373963898605692E-8", "3.089691957538949E-7", "-2.952995819271355E-7", "-1.393554477803086E-8"], ["-1.720831783262731E-11", "1.175581615060306E-11", "-1.392134183759208E-8", "-2.952995819271355E-7", "2.85606493593158E-7", "1.291059071724152E-8"], ["4.836407073997779E-12", "-5.242568618296583E-12", "-6.537304159050684E-10", "-1.393554477803086E-8", "1.291059071724152E-8", "6.9363206581085E-10"]], "epoch": "2459558.5"}, "elements": [{"label": "e", "title": "eccentricity", "value": ".4295605072702166", "units": null, "name": "e", "sigma": "8.4324E-7"}, {"label": "a", "sigma": "4.7047E-8", "name": "a", "units": "au", "title": "semi-major axis", "value": ".9826123937210791"}, {"sigma": "8.4576E-7", "name": "q", "title": "perihelion distance", "value": ".5605209154242505", "units": "au", "label": "q"}, {"title": "inclination; angle with respect to x-y ecliptic plane", "value": "2.809670560563844", "units": "deg", "name": "i", "sigma": "2.6406E-5", "label": "i"}, {"label": "node", "name": "om", "sigma": ".0005521", "units": "deg", "title": "longitude of the ascending node", "value": "241.8934099121008"}, {"units": "deg", "value": "178.0459079251935", "title": "argument of perihelion", "name": "w", "sigma": ".00053109", "label": "peri"}, {"sigma": ".00014419", "name": "ma", "title": "mean anomaly", "value": "192.0154030016015", "units": "deg", "label": "M"}, {"sigma": ".00015301", "name": "tp", "value": "2461366.511718137487", "title": "time of perihelion passage", "units": "TDB", "label": "tp"}, {"sigma": "2.5552E-5", "name": "per", "units": "d", "title": "sidereal orbital period", "value": "355.7720148000534", "label": "period"}, {"label": "n", "value": "1.011883973511303", "title": "mean motion", "units": "deg/d", "name": "n", "sigma": "7.2673E-8"}, {"label": "Q", "sigma": "6.7257E-8", "name": "ad", "title": "aphelion distance", "value": "1.404703872017908", "units": "au"}], "epoch": "2461200.5"}