{"spkid": "54278657", "covariance": {"data": [["3.240638795910066E-15", "-6.200421245227383E-15", "9.542674613412576E-13", "-2.916027473361696E-14", "2.151729845148529E-13", "-7.509357410249985E-14"], ["-6.200421245227383E-15", "1.197212173361828E-14", "-2.400974787838348E-12", "1.220725092622601E-13", "-6.737312206658416E-13", "2.25511580785136E-13"], ["9.542674613412576E-13", "-2.400974787838348E-12", "6.50180395462747E-9", "-5.751592923940636E-10", "2.753373769081038E-9", "-9.186718982144604E-10"], ["-2.916027473361696E-14", "1.220725092622601E-13", "-5.751592923940636E-10", "6.935566710926498E-10", "-8.221702141096429E-10", "2.322431912220988E-10"], ["2.151729845148529E-13", "-6.737312206658416E-13", "2.753373769081038E-9", "-8.221702141096429E-10", "1.730520508497057E-9", "-5.22190258496937E-10"], ["-7.509357410249985E-14", "2.25511580785136E-13", "-9.186718982144604E-10", "2.322431912220988E-10", "-5.22190258496937E-10", "2.394397911061723E-10"]], "elements": [{"value": ".5004836452152829", "title": "eccentricity", "units": null, "sigma": 5.69266088565801e-08, "name": "e", "label": "e"}, {"sigma": 1.09417191216089e-07, "name": "q", "units": "au", "title": "perihelion distance", "value": ".9663896595896833", "label": "q"}, {"units": "TDB", "title": "time of perihelion passage", "value": "2458637.124616477233", "sigma": 8.06337643585333e-05, "name": "tp", "label": "tp"}, {"label": "node", "name": "om", "sigma": 2.63354641328504e-05, "value": "189.8384900613158", "title": "longitude of the ascending node", "units": "deg"}, {"label": "peri", "title": "argument of perihelion", "value": "328.3100526505294", "units": "deg", "sigma": 4.15995253398047e-05, "name": "w"}, {"label": "i", "sigma": 1.54738421572075e-05, "name": "i", "title": "inclination", "value": "26.22634185006387", "units": "deg"}], "labels": ["e", "q", "tp", "node", "peri", "i"], "epoch": "2458286.5"}, "elements": [{"label": "e", "name": "e", "sigma": "5.6948E-8", "value": ".5004805002858129", "title": "eccentricity", "units": null}, {"label": "a", "name": "a", "sigma": "2.0714E-8", "value": "1.934486504721654", "title": "semi-major axis", "units": "au"}, {"label": "q", "value": ".9663137310424071", "title": "perihelion distance", "units": "au", "sigma": "1.093E-7", "name": "q"}, {"label": "i", "name": "i", "sigma": "1.5486E-5", "value": "26.23971632098222", "title": "inclination; angle with respect to x-y ecliptic plane", "units": "deg"}, {"label": "node", "title": "longitude of the ascending node", "value": "189.751943828269", "units": "deg", "sigma": "2.6329E-5", "name": "om"}, {"name": "w", "sigma": "4.1583E-5", "value": "328.3411698982894", "title": "argument of perihelion", "units": "deg", "label": "peri"}, {"sigma": "2.2793E-5", "name": "ma", "value": "219.1439911377299", "title": "mean anomaly", "units": "deg", "label": "M"}, {"label": "tp", "sigma": "6.148E-5", "name": "tp", "units": "TDB", "title": "time of perihelion passage", "value": "2461585.020821250182"}, {"label": "period", "value": "982.7588951879274", "title": "sidereal orbital period", "units": "d", "sigma": "1.5785E-5", "name": "per"}, {"label": "n", "sigma": "5.8837E-9", "name": "n", "units": "deg/d", "value": ".3663156871565729", "title": "mean motion"}, {"name": "ad", "sigma": "3.1081E-8", "value": "2.902659278400901", "title": "aphelion distance", "units": "au", "label": "Q"}], "epoch": "2461200.5"}