{"spkid": "54288264", "covariance": {"labels": ["e", "q", "tp", "node", "peri", "i"], "data": [["1.16847360574034E-15", "-1.028851293930032E-15", "-9.341131019035782E-13", "1.386680818486735E-14", "-7.887699266673076E-13", "2.893809545269672E-13"], ["-1.028851293930032E-15", "9.225749922382013E-16", "7.039196462148404E-13", "-1.012142079943185E-14", "5.901078486097752E-13", "-3.012277385377156E-13"], ["-9.341131019035782E-13", "7.039196462148404E-13", "1.99807437604512E-9", "-1.506501738052356E-11", "1.699872270428315E-9", "1.2956224723958E-10"], ["1.386680818486735E-14", "-1.012142079943185E-14", "-1.506501738052356E-11", "7.620501463830914E-12", "-2.03001912811453E-11", "-2.012111917322763E-11"], ["-7.887699266673076E-13", "5.901078486097752E-13", "1.699872270428315E-9", "-2.03001912811453E-11", "1.454457436452185E-9", "1.370095536104432E-10"], ["2.893809545269672E-13", "-3.012277385377156E-13", "1.2956224723958E-10", "-2.012111917322763E-11", "1.370095536104432E-10", "3.520381323586895E-10"]], "elements": [{"label": "e", "title": "eccentricity", "value": ".2024680199447499", "units": null, "sigma": 3.41829431989163e-08, "name": "e"}, {"label": "q", "name": "q", "sigma": 3.03739196061062e-08, "value": ".6854073307032343", "title": "perihelion distance", "units": "au"}, {"label": "tp", "title": "time of perihelion passage", "value": "2459891.535671837891", "units": "TDB", "name": "tp", "sigma": 4.46998252350624e-05}, {"label": "node", "units": "deg", "title": "longitude of the ascending node", "value": "95.5069449952404", "sigma": 2.76052557746363e-06, "name": "om"}, {"label": "peri", "units": "deg", "title": "argument of perihelion", "value": "349.3415473127132", "name": "w", "sigma": 3.81373496254287e-05}, {"title": "inclination", "value": "14.54136950189686", "units": "deg", "name": "i", "sigma": 1.87626792425466e-05, "label": "i"}], "epoch": "2459809.5"}, "elements": [{"label": "e", "value": ".2023870382891024", "title": "eccentricity", "units": null, "sigma": "3.0237E-8", "name": "e"}, {"label": "a", "units": "au", "value": ".8590644174697309", "title": "semi-major axis", "sigma": "6.0179E-9", "name": "a"}, {"units": "au", "value": ".6852009143184791", "title": "perihelion distance", "name": "q", "sigma": "2.9775E-8", "label": "q"}, {"title": "inclination; angle with respect to x-y ecliptic plane", "value": "14.54464610336118", "units": "deg", "sigma": "1.8755E-5", "name": "i", "label": "i"}, {"label": "node", "title": "longitude of the ascending node", "value": "95.44662211686708", "units": "deg", "name": "om", "sigma": "2.7326E-6"}, {"label": "peri", "sigma": "3.747E-5", "name": "w", "units": "deg", "title": "argument of perihelion", "value": "349.2143697864398"}, {"name": "ma", "sigma": "5.8234E-5", "units": "deg", "value": "179.9177543338244", "title": "mean anomaly", "label": "M"}, {"name": "tp", "sigma": "4.5923E-5", "units": "TDB", "value": "2461055.152172700726", "title": "time of perihelion passage", "label": "tp"}, {"label": "period", "units": "d", "title": "sidereal orbital period", "value": "290.8285400820027", "sigma": "3.0559E-6", "name": "per"}, {"units": "deg/d", "title": "mean motion", "value": "1.237842750572188", "sigma": "1.3007E-8", "name": "n", "label": "n"}, {"units": "au", "title": "aphelion distance", "value": "1.032927920620983", "name": "ad", "sigma": "7.2358E-9", "label": "Q"}], "epoch": "2461200.5"}