{"spkid": "54282205", "covariance": {"labels": ["e", "q", "tp", "node", "peri", "i"], "data": [["3.886664434983699E-13", "-3.956031298178797E-13", "-1.197692783875407E-11", "-5.791141257364186E-12", "-4.920317514198653E-12", "2.904701205772446E-13"], ["-3.956031298178797E-13", "4.026684263746768E-13", "1.219660324152051E-11", "5.911775031066053E-12", "4.997070356589028E-12", "-2.981136846004943E-13"], ["-1.197692783875407E-11", "1.219660324152051E-11", "4.875413864742365E-10", "3.275953657966343E-10", "1.09078920485215E-10", "-2.120910723324356E-11"], ["-5.791141257364186E-12", "5.911775031066053E-12", "3.275953657966343E-10", "3.107208758557758E-9", "-2.76769458358992E-9", "-5.609902015545654E-11"], ["-4.920317514198653E-12", "4.997070356589028E-12", "1.09078920485215E-10", "-2.76769458358992E-9", "2.830426369786878E-9", "3.315509320692898E-11"], ["2.904701205772446E-13", "-2.981136846004943E-13", "-2.120910723324356E-11", "-5.609902015545654E-11", "3.315509320692898E-11", "1.475034890752071E-11"]], "elements": [{"label": "e", "sigma": 6.23431185856442e-07, "name": "e", "units": null, "value": ".4154613206621166", "title": "eccentricity"}, {"label": "q", "units": "au", "value": ".5542406795749681", "title": "perihelion distance", "name": "q", "sigma": 6.34561601717813e-07}, {"name": "tp", "sigma": 2.20803393650151e-05, "title": "time of perihelion passage", "value": "2460332.664439687849", "units": "TDB", "label": "tp"}, {"name": "om", "sigma": 5.57423426001972e-05, "value": "176.5224608063708", "title": "longitude of the ascending node", "units": "deg", "label": "node"}, {"units": "deg", "title": "argument of perihelion", "value": "304.4588456897307", "sigma": 5.32017515669069e-05, "name": "w", "label": "peri"}, {"label": "i", "units": "deg", "value": "3.643797287370765", "title": "inclination", "sigma": 3.84061829755584e-06, "name": "i"}], "epoch": "2460415.5"}, "elements": [{"sigma": "6.2333E-7", "name": "e", "units": null, "value": ".4156194262649808", "title": "eccentricity", "label": "e"}, {"label": "a", "units": "au", "value": ".947753527066736", "title": "semi-major axis", "name": "a", "sigma": "7.3362E-8"}, {"label": "q", "name": "q", "sigma": "6.3359E-7", "units": "au", "title": "perihelion distance", "value": ".5538487499066472"}, {"label": "i", "sigma": "3.8402E-6", "name": "i", "value": "3.64414590344602", "title": "inclination; angle with respect to x-y ecliptic plane", "units": "deg"}, {"label": "node", "name": "om", "sigma": "5.574E-5", "units": "deg", "title": "longitude of the ascending node", "value": "176.5021975420229"}, {"label": "peri", "units": "deg", "value": "304.5297095205807", "title": "argument of perihelion", "name": "w", "sigma": "5.3236E-5"}, {"units": "deg", "value": "206.5550321300979", "title": "mean anomaly", "name": "ma", "sigma": ".00012992", "label": "M"}, {"sigma": ".00013824", "name": "tp", "value": "2461344.145389310114", "title": "time of perihelion passage", "units": "TDB", "label": "tp"}, {"name": "per", "sigma": "3.913E-5", "title": "sidereal orbital period", "value": "337.0090324205681", "units": "d", "label": "period"}, {"label": "n", "name": "n", "sigma": "1.2403E-7", "units": "deg/d", "title": "mean motion", "value": "1.068220627246395"}, {"label": "Q", "value": "1.341658304226825", "title": "aphelion distance", "units": "au", "sigma": "1.0385E-7", "name": "ad"}], "epoch": "2461200.5"}