{"spkid": "54289929", "covariance": {"epoch": "2459904.5", "labels": ["e", "q", "tp", "node", "peri", "i"], "elements": [{"units": null, "value": ".4042847986209553", "title": "eccentricity", "sigma": 1.38648748769167e-07, "name": "e", "label": "e"}, {"name": "q", "sigma": 1.73601476586018e-07, "value": ".7212040926705783", "title": "perihelion distance", "units": "au", "label": "q"}, {"name": "tp", "sigma": 2.79063076296949e-05, "value": "2459856.438889837274", "title": "time of perihelion passage", "units": "TDB", "label": "tp"}, {"name": "om", "sigma": 2.77237842993515e-05, "units": "deg", "title": "longitude of the ascending node", "value": "148.3301580454519", "label": "node"}, {"label": "peri", "sigma": 2.03301559189356e-05, "name": "w", "units": "deg", "value": "266.0620319051569", "title": "argument of perihelion"}, {"label": "i", "value": "22.5479563055575", "title": "inclination", "units": "deg", "sigma": 9.78667783363458e-06, "name": "i"}], "data": [["1.922347553525559E-14", "-2.399043077296947E-14", "-3.088863780094691E-12", "-2.427692519342971E-12", "8.005616317767725E-13", "-3.214839105309027E-13"], ["-2.399043077296947E-14", "3.013747267284591E-14", "3.93989727337643E-12", "3.130332802851725E-12", "-1.025172211673622E-12", "4.180177004234128E-13"], ["-3.088863780094691E-12", "3.93989727337643E-12", "7.7876200552317E-10", "4.204166960333595E-10", "1.432441132884104E-11", "5.791652351763411E-11"], ["-2.427692519342971E-12", "3.130332802851725E-12", "4.204166960333595E-10", "7.686082158769698E-10", "-4.359600485912149E-10", "7.899554169223389E-11"], ["8.005616317767725E-13", "-1.025172211673622E-12", "1.432441132884104E-11", "-4.359600485912149E-10", "4.13315239688232E-10", "-3.182860020452005E-11"], ["-3.214839105309027E-13", "4.180177004234128E-13", "5.791652351763411E-11", "7.899554169223389E-11", "-3.182860020452005E-11", "9.577906301935435E-11"]]}, "elements": [{"units": null, "value": ".4042604678282999", "title": "eccentricity", "sigma": "1.3858E-7", "name": "e", "label": "e"}, {"units": "au", "value": "1.210695661299972", "title": "semi-major axis", "sigma": "2.5182E-8", "name": "a", "label": "a"}, {"label": "q", "value": ".7212592668651522", "title": "perihelion distance", "units": "au", "sigma": "1.7352E-7", "name": "q"}, {"label": "i", "sigma": "9.7862E-6", "name": "i", "title": "inclination; angle with respect to x-y ecliptic plane", "value": "22.54781081334042", "units": "deg"}, {"label": "node", "name": "om", "sigma": "2.7726E-5", "units": "deg", "value": "148.3112368127597", "title": "longitude of the ascending node"}, {"label": "peri", "sigma": "2.0332E-5", "name": "w", "units": "deg", "value": "266.0974630277881", "title": "argument of perihelion"}, {"label": "M", "units": "deg", "title": "mean anomaly", "value": "274.449093718267", "sigma": "4.4731E-5", "name": "ma"}, {"value": "2461316.130664061431", "title": "time of perihelion passage", "units": "TDB", "name": "tp", "sigma": "6.3773E-5", "label": "tp"}, {"label": "period", "sigma": "1.5181E-5", "name": "per", "units": "d", "value": "486.576248824652", "title": "sidereal orbital period"}, {"label": "n", "units": "deg/d", "value": ".7398634866983275", "title": "mean motion", "sigma": "2.3083E-8", "name": "n"}, {"label": "Q", "name": "ad", "sigma": "3.5362E-8", "value": "1.700132055734791", "title": "aphelion distance", "units": "au"}], "epoch": "2461200.5"}