{"spkid": "54282389", "covariance": {"elements": [{"units": null, "value": ".6256046333083153", "title": "eccentricity", "sigma": 2.95993307211378e-08, "name": "e", "label": "e"}, {"value": ".9696695843731324", "title": "perihelion distance", "units": "au", "sigma": 5.06399985767897e-08, "name": "q", "label": "q"}, {"label": "tp", "title": "time of perihelion passage", "value": "2459794.447786374732", "units": "TDB", "name": "tp", "sigma": 7.62371738947801e-06}, {"name": "om", "sigma": 4.27425027451817e-05, "units": "deg", "value": "111.1371837317321", "title": "longitude of the ascending node", "label": "node"}, {"sigma": 4.10750684814156e-05, "name": "w", "title": "argument of perihelion", "value": "211.6249147173412", "units": "deg", "label": "peri"}, {"label": "i", "name": "i", "sigma": 3.6498503191468e-06, "units": "deg", "value": "2.104505351600265", "title": "inclination"}], "data": [["8.761203791392937E-16", "-8.223863334159722E-16", "-7.262925640680129E-14", "-1.976862470514416E-13", "1.430375470667897E-13", "4.325855644895993E-15"], ["-8.223863334159722E-16", "2.564409455857267E-15", "2.663609318976594E-13", "6.972370803983441E-13", "-4.496902990488598E-13", "-9.277354854720268E-15"], ["-7.262925640680129E-14", "2.663609318976594E-13", "5.812106683462942E-11", "9.849210339598901E-11", "-4.054127781840968E-11", "-1.159412135070215E-12"], ["-1.976862470514416E-13", "6.972370803983441E-13", "9.849210339598901E-11", "1.826921540921863E-9", "-1.725966994818752E-9", "-8.80509355096771E-11"], ["1.430375470667897E-13", "-4.496902990488598E-13", "-4.054127781840968E-11", "-1.725966994818752E-9", "1.687161250752979E-9", "8.706306768901841E-11"], ["4.325855644895993E-15", "-9.277354854720268E-15", "-1.159412135070215E-12", "-8.80509355096771E-11", "8.706306768901841E-11", "1.332140735217598E-11"]], "labels": ["e", "q", "tp", "node", "peri", "i"], "epoch": "2459836.5"}, "elements": [{"label": "e", "name": "e", "sigma": "2.9721E-8", "units": null, "title": "eccentricity", "value": ".625218923172022"}, {"label": "a", "units": "au", "title": "semi-major axis", "value": "2.590148385900581", "name": "a", "sigma": "1.7211E-7"}, {"sigma": "5.1118E-8", "name": "q", "value": ".970738601212069", "title": "perihelion distance", "units": "au", "label": "q"}, {"name": "i", "sigma": "3.6491E-6", "value": "2.104338415920427", "title": "inclination; angle with respect to x-y ecliptic plane", "units": "deg", "label": "i"}, {"sigma": "4.2747E-5", "name": "om", "title": "longitude of the ascending node", "value": "111.1285622000481", "units": "deg", "label": "node"}, {"label": "peri", "sigma": "4.108E-5", "name": "w", "title": "argument of perihelion", "value": "211.5774823817923", "units": "deg"}, {"value": "332.754690973217", "title": "mean anomaly", "units": "deg", "name": "ma", "sigma": "3.3542E-5", "label": "M"}, {"name": "tp", "sigma": ".00015334", "units": "TDB", "value": "2461315.732406481203", "title": "time of perihelion passage", "label": "tp"}, {"title": "sidereal orbital period", "value": "1522.598488145369", "units": "d", "name": "per", "sigma": ".00015176", "label": "period"}, {"label": "n", "sigma": "2.3566E-8", "name": "n", "units": "deg/d", "value": ".2364379071717752", "title": "mean motion"}, {"label": "Q", "units": "au", "title": "aphelion distance", "value": "4.209558170589093", "name": "ad", "sigma": "2.7972E-7"}], "epoch": "2461200.5"}