{"spkid": "54280679", "covariance": {"epoch": "2459823.5", "labels": ["e", "q", "tp", "node", "peri", "i"], "elements": [{"units": null, "value": ".440119130989111", "title": "eccentricity", "name": "e", "sigma": 2.76567148385982e-06, "label": "e"}, {"label": "q", "name": "q", "sigma": 2.27592427604356e-06, "units": "au", "value": ".4598144474161452", "title": "perihelion distance"}, {"name": "tp", "sigma": 0.000453624437557835, "value": "2459908.711392855094", "title": "time of perihelion passage", "units": "TDB", "label": "tp"}, {"label": "node", "sigma": 2.709965880993e-05, "name": "om", "units": "deg", "title": "longitude of the ascending node", "value": "238.3206284847484"}, {"sigma": 0.00015622623976506, "name": "w", "units": "deg", "title": "argument of perihelion", "value": "209.465064696873", "label": "peri"}, {"sigma": 0.000171816693139191, "name": "i", "units": "deg", "value": "19.81245764355547", "title": "inclination", "label": "i"}], "data": [["7.648938756635352E-12", "-6.294386403817795E-12", "1.238643197533952E-9", "1.941743859152091E-11", "4.135853772440245E-10", "3.220061577563742E-10"], ["-6.294386403817795E-12", "5.179831310284415E-12", "-1.018539119298711E-9", "-1.576682435635445E-11", "-3.39900514973441E-10", "-2.649768396765097E-10"], ["1.238643197533952E-9", "-1.018539119298711E-9", "2.057751303496625E-7", "4.59424461628336E-9", "7.003066467170667E-8", "5.221826706807741E-8"], ["1.941743859152091E-11", "-1.576682435635445E-11", "4.59424461628336E-9", "7.343915076146177E-10", "1.648864663742317E-9", "2.630717276235874E-9"], ["4.135853772440245E-10", "-3.39900514973441E-10", "7.003066467170667E-8", "1.648864663742317E-9", "2.440663799113009E-8", "1.577049965276387E-8"], ["3.220061577563742E-10", "-2.649768396765097E-10", "5.221826706807741E-8", "2.630717276235874E-9", "1.577049965276387E-8", "2.952097604128703E-8"]]}, "elements": [{"label": "e", "sigma": "2.7662E-6", "name": "e", "value": ".4401979983325021", "title": "eccentricity", "units": null}, {"title": "semi-major axis", "value": ".8211816310965482", "units": "au", "sigma": "2.0093E-8", "name": "a", "label": "a"}, {"label": "q", "sigma": "2.2751E-6", "name": "q", "title": "perihelion distance", "value": ".4596991208204285", "units": "au"}, {"name": "i", "sigma": ".0001718", "units": "deg", "title": "inclination; angle with respect to x-y ecliptic plane", "value": "19.81521622067881", "label": "i"}, {"label": "node", "units": "deg", "title": "longitude of the ascending node", "value": "238.3020947704609", "name": "om", "sigma": "2.7239E-5"}, {"label": "peri", "name": "w", "sigma": ".00015621", "units": "deg", "value": "209.4595599547912", "title": "argument of perihelion"}, {"name": "ma", "sigma": ".00059202", "value": "270.7290459391427", "title": "mean anomaly", "units": "deg", "label": "M"}, {"title": "time of perihelion passage", "value": "2461267.900782955891", "units": "TDB", "sigma": ".00044683", "name": "tp", "label": "tp"}, {"label": "period", "units": "d", "title": "sidereal orbital period", "value": "271.8048901726692", "sigma": "9.9761E-6", "name": "per"}, {"name": "n", "sigma": "4.8613E-8", "units": "deg/d", "value": "1.324479481481379", "title": "mean motion", "label": "n"}, {"sigma": "2.8938E-8", "name": "ad", "units": "au", "title": "aphelion distance", "value": "1.182664141372668", "label": "Q"}], "epoch": "2461200.5"}