{"spkid": "54287659", "covariance": {"labels": ["e", "q", "tp", "node", "peri", "i"], "elements": [{"name": "e", "sigma": 3.72016511325467e-08, "units": null, "value": ".6338791931665823", "title": "eccentricity", "label": "e"}, {"label": "q", "sigma": 7.74513509347593e-08, "name": "q", "units": "au", "title": "perihelion distance", "value": ".7915001013724522"}, {"name": "tp", "sigma": 1.25878366457639e-05, "value": "2459815.821212078375", "title": "time of perihelion passage", "units": "TDB", "label": "tp"}, {"sigma": 2.109647217004e-05, "name": "om", "units": "deg", "value": "103.9529676972091", "title": "longitude of the ascending node", "label": "node"}, {"units": "deg", "title": "argument of perihelion", "value": "257.6581981806681", "sigma": 2.08019654497401e-05, "name": "w", "label": "peri"}, {"label": "i", "units": "deg", "title": "inclination", "value": "5.592635163592569", "sigma": 1.17563039432037e-05, "name": "i"}], "data": [["1.383962846987711E-15", "-2.878100873411417E-15", "-3.686791075477462E-13", "-1.929156782131323E-13", "-1.764909706257248E-14", "-2.235047645705766E-14"], ["-2.878100873411417E-15", "5.99871176161924E-15", "7.597171191480232E-13", "3.989231237411988E-13", "3.244454257602133E-14", "4.911394928758489E-14"], ["-3.686791075477462E-13", "7.597171191480232E-13", "1.584536314204368E-10", "7.616069019809751E-11", "4.2303659538258E-11", "4.630706810768162E-12"], ["-1.929156782131323E-13", "3.989231237411988E-13", "7.616069019809751E-11", "4.450611380212731E-10", "-3.865719283725611E-10", "-5.828752621074806E-11"], ["-1.764909706257248E-14", "3.244454257602133E-14", "4.2303659538258E-11", "-3.865719283725611E-10", "4.327217665721794E-10", "5.981069211346197E-11"], ["-2.235047645705766E-14", "4.911394928758489E-14", "4.630706810768162E-12", "-5.828752621074806E-11", "5.981069211346197E-11", "1.382106824049879E-10"]], "epoch": "2459857.5"}, "elements": [{"label": "e", "units": null, "title": "eccentricity", "value": ".6335052166592103", "sigma": "3.7206E-8", "name": "e"}, {"label": "a", "sigma": "1.3084E-8", "name": "a", "value": "2.163432821536372", "title": "semi-major axis", "units": "au"}, {"sigma": "7.7398E-8", "name": "q", "units": "au", "title": "perihelion distance", "value": ".7928868432013259", "label": "q"}, {"label": "i", "title": "inclination; angle with respect to x-y ecliptic plane", "value": "5.591397358982566", "units": "deg", "sigma": "1.1753E-5", "name": "i"}, {"label": "node", "title": "longitude of the ascending node", "value": "103.9172957633792", "units": "deg", "sigma": "2.1097E-5", "name": "om"}, {"label": "peri", "sigma": "2.0804E-5", "name": "w", "value": "257.714073236481", "title": "argument of perihelion", "units": "deg"}, {"label": "M", "units": "deg", "value": "69.11007314288109", "title": "mean anomaly", "name": "ma", "sigma": "3.3782E-6"}, {"label": "tp", "units": "TDB", "title": "time of perihelion passage", "value": "2460977.372859422797", "name": "tp", "sigma": "1.0263E-5"}, {"units": "d", "value": "1162.287448918252", "title": "sidereal orbital period", "name": "per", "sigma": "1.0544E-5", "label": "period"}, {"sigma": "2.8099E-9", "name": "n", "title": "mean motion", "value": ".3097340510172886", "units": "deg/d", "label": "n"}, {"name": "ad", "sigma": "2.1373E-8", "title": "aphelion distance", "value": "3.533978799871417", "units": "au", "label": "Q"}], "epoch": "2461200.5"}