{"spkid": "54281887", "covariance": {"labels": ["e", "q", "tp", "node", "peri", "i"], "elements": [{"label": "e", "value": ".1070230347092662", "title": "eccentricity", "units": null, "name": "e", "sigma": 2.40386968909974e-08}, {"title": "perihelion distance", "value": ".9666098651172351", "units": "au", "name": "q", "sigma": 2.66245071225103e-08, "label": "q"}, {"label": "tp", "sigma": 4.18621710303433e-05, "name": "tp", "value": "2459466.548722083121", "title": "time of perihelion passage", "units": "TDB"}, {"value": "99.80588830395868", "title": "longitude of the ascending node", "units": "deg", "sigma": 1.08739877254605e-05, "name": "om", "label": "node"}, {"name": "w", "sigma": 3.27485372656728e-05, "units": "deg", "title": "argument of perihelion", "value": "296.1972648600362", "label": "peri"}, {"label": "i", "name": "i", "sigma": 5.10981889218739e-06, "units": "deg", "title": "inclination", "value": "7.1464193971265"}], "data": [["5.778589482172477E-16", "-6.392667452122068E-16", "-4.103075787584223E-13", "-3.37114368811918E-14", "-2.652369852255879E-13", "2.913327192577881E-14"], ["-6.392667452122068E-16", "7.088643795166043E-16", "4.386868524631527E-13", "3.578846973531446E-14", "2.821169229658011E-13", "-3.154130444672105E-14"], ["-4.103075787584223E-13", "4.386868524631527E-13", "1.75244136337371E-9", "1.535800371264067E-10", "1.300416712294665E-9", "-3.922262110314416E-11"], ["-3.37114368811918E-14", "3.578846973531446E-14", "1.535800371264067E-10", "1.18243609053466E-10", "1.064429653472431E-11", "-6.360520877428333E-12"], ["-2.652369852255879E-13", "2.821169229658011E-13", "1.300416712294665E-9", "1.064429653472431E-11", "1.072466693041163E-9", "-2.369533431861323E-11"], ["2.913327192577881E-14", "-3.154130444672105E-14", "-3.922262110314416E-11", "-6.360520877428333E-12", "-2.369533431861323E-11", "2.611024911095515E-11"]], "epoch": "2459392.5"}, "elements": [{"sigma": "2.4544E-8", "name": "e", "value": ".1068210348370889", "title": "eccentricity", "units": null, "label": "e"}, {"label": "a", "name": "a", "sigma": "1.5623E-9", "units": "au", "title": "semi-major axis", "value": "1.081519153535035"}, {"label": "q", "value": ".9659901583582897", "title": "perihelion distance", "units": "au", "name": "q", "sigma": "2.6765E-8"}, {"label": "i", "sigma": "5.1178E-6", "name": "i", "units": "deg", "value": "7.135564468239727", "title": "inclination; angle with respect to x-y ecliptic plane"}, {"label": "node", "name": "om", "sigma": "1.0807E-5", "units": "deg", "title": "longitude of the ascending node", "value": "99.59531085289127"}, {"label": "peri", "title": "argument of perihelion", "value": "296.3656809638861", "units": "deg", "sigma": "3.2285E-5", "name": "w"}, {"label": "M", "value": "79.10488350371338", "title": "mean anomaly", "units": "deg", "sigma": "3.5993E-5", "name": "ma"}, {"title": "time of perihelion passage", "value": "2461110.228523881994", "units": "TDB", "name": "tp", "sigma": "4.1072E-5", "label": "tp"}, {"sigma": "8.9018E-7", "name": "per", "units": "d", "title": "sidereal orbital period", "value": "410.8182701635182", "label": "period"}, {"label": "n", "title": "mean motion", "value": ".8762998779404554", "units": "deg/d", "name": "n", "sigma": "1.8988E-9"}, {"label": "Q", "name": "ad", "sigma": "1.7292E-9", "units": "au", "title": "aphelion distance", "value": "1.197048148711779"}], "epoch": "2461200.5"}