{"spkid": "54291774", "covariance": {"elements": [{"units": null, "title": "eccentricity", "value": ".1479217198739352", "sigma": 1.27356846254711e-07, "name": "e", "label": "e"}, {"label": "q", "units": "au", "value": ".944346206268873", "title": "perihelion distance", "sigma": 1.44988425792428e-07, "name": "q"}, {"label": "tp", "name": "tp", "sigma": 5.14569719950846e-05, "units": "TDB", "value": "2459511.215791699240", "title": "time of perihelion passage"}, {"label": "node", "value": "318.4773583356954", "title": "longitude of the ascending node", "units": "deg", "sigma": 2.24127274714333e-05, "name": "om"}, {"sigma": 3.87887968795949e-05, "name": "w", "title": "argument of perihelion", "value": "120.6784268334861", "units": "deg", "label": "peri"}, {"name": "i", "sigma": 1.16626604475332e-05, "value": "10.40703356329645", "title": "inclination", "units": "deg", "label": "i"}], "data": [["1.621976628794612E-14", "-1.844930299014244E-14", "1.469542500460201E-12", "1.170760489656758E-12", "6.951502372088695E-13", "-2.248991926913695E-13"], ["-1.844930299014244E-14", "2.10216436137665E-14", "-1.418677327662229E-12", "-1.302556878056004E-12", "-6.424845980316841E-13", "2.530121297505692E-13"], ["1.469542500460201E-12", "-1.418677327662229E-12", "2.647819966902916E-9", "2.144322862792023E-10", "1.71662305951211E-9", "4.512570889608615E-11"], ["1.170760489656758E-12", "-1.302556878056004E-12", "2.144322862792023E-10", "5.023303527087392E-10", "-2.715796249377067E-10", "-1.009941712253033E-10"], ["6.951502372088695E-13", "-6.424845980316841E-13", "1.71662305951211E-9", "-2.715796249377067E-10", "1.504570763366469E-9", "1.110104188591485E-10"], ["-2.248991926913695E-13", "2.530121297505692E-13", "4.512570889608615E-11", "-1.009941712253033E-10", "1.110104188591485E-10", "1.36017648714455E-10"]], "labels": ["e", "q", "tp", "node", "peri", "i"], "epoch": "2459441.5"}, "elements": [{"units": null, "value": ".1481620783170109", "title": "eccentricity", "name": "e", "sigma": "1.2777E-7", "label": "e"}, {"label": "a", "sigma": "6.5918E-9", "name": "a", "title": "semi-major axis", "value": "1.108767084114742", "units": "au"}, {"units": "au", "value": ".9444898485628102", "title": "perihelion distance", "name": "q", "sigma": "1.445E-7", "label": "q"}, {"name": "i", "sigma": "1.1662E-5", "units": "deg", "value": "10.40641600336104", "title": "inclination; angle with respect to x-y ecliptic plane", "label": "i"}, {"name": "om", "sigma": "2.24E-5", "units": "deg", "title": "longitude of the ascending node", "value": "318.4391432131006", "label": "node"}, {"label": "peri", "title": "argument of perihelion", "value": "120.7592444610246", "units": "deg", "sigma": "3.8548E-5", "name": "w"}, {"label": "M", "name": "ma", "sigma": "5.1903E-5", "value": "346.2483662104496", "title": "mean anomaly", "units": "deg"}, {"value": "2461216.789610926872", "title": "time of perihelion passage", "units": "TDB", "sigma": "6.1585E-5", "name": "tp", "label": "tp"}, {"label": "period", "value": "426.4409613736365", "title": "sidereal orbital period", "units": "d", "sigma": "3.8029E-6", "name": "per"}, {"label": "n", "name": "n", "sigma": "7.5283E-9", "units": "deg/d", "title": "mean motion", "value": ".8441965772715191"}, {"units": "au", "value": "1.273044319666675", "title": "aphelion distance", "name": "ad", "sigma": "7.5685E-9", "label": "Q"}], "epoch": "2461200.5"}