{"spkid": "54291148", "covariance": {"elements": [{"label": "e", "units": null, "title": "eccentricity", "value": ".5814092835376045", "name": "e", "sigma": 8.45843192368979e-08}, {"label": "q", "name": "q", "sigma": 1.88405009161474e-07, "units": "au", "value": ".8488682853241782", "title": "perihelion distance"}, {"units": "TDB", "title": "time of perihelion passage", "value": "2459735.153628267271", "name": "tp", "sigma": 3.33552487143675e-05, "label": "tp"}, {"name": "om", "sigma": 0.00012670178856586, "value": "355.1075728293359", "title": "longitude of the ascending node", "units": "deg", "label": "node"}, {"name": "w", "sigma": 0.000110540000556624, "title": "argument of perihelion", "value": "243.4290773712721", "units": "deg", "label": "peri"}, {"name": "i", "sigma": 1.75596637474244e-05, "units": "deg", "title": "inclination", "value": "3.973781725606112", "label": "i"}], "data": [["7.154507060769454E-15", "-1.59248245200734E-14", "-5.496146652879964E-13", "-1.383217498826924E-12", "-5.024795412280499E-13", "7.763993563990596E-14"], ["-1.59248245200734E-14", "3.549644747713497E-14", "1.028697662828773E-12", "2.503387067230465E-12", "1.568476094373881E-12", "-7.476111772399918E-14"], ["-5.496146652879964E-13", "1.028697662828773E-12", "1.112572616797312E-9", "3.180905554979377E-9", "-2.325928951765317E-9", "-5.311520042118045E-10"], ["-1.383217498826924E-12", "2.503387067230465E-12", "3.180905554979377E-9", "1.605334322578785E-8", "-1.36500163843784E-8", "-2.060380474374345E-9"], ["-5.024795412280499E-13", "1.568476094373881E-12", "-2.325928951765317E-9", "-1.36500163843784E-8", "1.221909172305853E-8", "1.693358060106058E-9"], ["7.763993563990596E-14", "-7.476111772399918E-14", "-5.311520042118045E-10", "-2.060380474374345E-9", "1.693358060106058E-9", "3.083417909226104E-10"]], "labels": ["e", "q", "tp", "node", "peri", "i"], "epoch": "2459998.5"}, "elements": [{"name": "e", "sigma": "8.3929E-8", "units": null, "value": ".5833913434967239", "title": "eccentricity", "label": "e"}, {"label": "a", "sigma": "4.6296E-8", "name": "a", "value": "2.023305805546747", "title": "semi-major axis", "units": "au"}, {"label": "q", "sigma": "1.8791E-7", "name": "q", "units": "au", "title": "perihelion distance", "value": ".842926713344109"}, {"units": "deg", "title": "inclination; angle with respect to x-y ecliptic plane", "value": "3.959737344966207", "name": "i", "sigma": "1.7535E-5", "label": "i"}, {"units": "deg", "value": "354.6669282070833", "title": "longitude of the ascending node", "name": "om", "sigma": ".00012749", "label": "node"}, {"units": "deg", "value": "243.9969137587533", "title": "argument of perihelion", "sigma": ".00011128", "name": "w", "label": "peri"}, {"label": "M", "units": "deg", "value": "140.5994910336649", "title": "mean anomaly", "name": "ma", "sigma": "1.7916E-5"}, {"units": "TDB", "value": "2460789.944413376157", "title": "time of perihelion passage", "name": "tp", "sigma": "4.1657E-5", "label": "tp"}, {"units": "d", "title": "sidereal orbital period", "value": "1051.212988738305", "name": "per", "sigma": "3.608E-5", "label": "period"}, {"title": "mean motion", "value": ".3424615219338965", "units": "deg/d", "sigma": "1.1754E-8", "name": "n", "label": "n"}, {"units": "au", "value": "3.203684897749385", "title": "aphelion distance", "name": "ad", "sigma": "7.3305E-8", "label": "Q"}], "epoch": "2461200.5"}