{"spkid": "54298762", "covariance": {"epoch": "2460026.5", "elements": [{"name": "e", "sigma": 1.65200838811563e-06, "units": null, "value": ".6385534177715011", "title": "eccentricity", "label": "e"}, {"label": "q", "name": "q", "sigma": 1.56736238608668e-06, "units": "au", "value": ".3965915593686033", "title": "perihelion distance"}, {"label": "tp", "units": "TDB", "title": "time of perihelion passage", "value": "2459892.357112616949", "name": "tp", "sigma": 9.77730312498728e-05}, {"units": "deg", "title": "longitude of the ascending node", "value": "12.91169055529904", "sigma": 9.13687747998481e-05, "name": "om", "label": "node"}, {"value": "106.6171107196893", "title": "argument of perihelion", "units": "deg", "name": "w", "sigma": 0.000164517683125182, "label": "peri"}, {"units": "deg", "title": "inclination", "value": "7.820483584074125", "sigma": 3.20528454815795e-05, "name": "i", "label": "i"}], "data": [["2.729131714404418E-12", "-2.588794753106051E-12", "-1.598990277369825E-10", "-8.047776643758428E-11", "2.437932862414847E-10", "4.842759822583354E-11"], ["-2.588794753106051E-12", "2.456624849319326E-12", "1.519891664721404E-10", "7.717992755066127E-11", "-2.318673186036665E-10", "-4.595665527401704E-11"], ["-1.598990277369825E-10", "1.519891664721404E-10", "9.5595656397886E-9", "5.095240219113336E-9", "-1.452664347697474E-8", "-2.848861726412719E-9"], ["-8.047776643758428E-11", "7.717992755066127E-11", "5.095240219113336E-9", "8.348253008425363E-9", "-1.276218174005048E-8", "-2.27366895409655E-9"], ["2.437932862414847E-10", "-2.318673186036665E-10", "-1.452664347697474E-8", "-1.276218174005048E-8", "2.706606806087784E-8", "5.146734691920423E-9"], ["4.842759822583354E-11", "-4.595665527401704E-11", "-2.848861726412719E-9", "-2.27366895409655E-9", "5.146734691920423E-9", "1.027384903466011E-9"]], "labels": ["e", "q", "tp", "node", "peri", "i"]}, "elements": [{"label": "e", "name": "e", "sigma": "1.6509E-6", "value": ".6386921576159005", "title": "eccentricity", "units": null}, {"units": "au", "title": "semi-major axis", "value": "1.097278150431097", "sigma": "6.7412E-7", "name": "a", "label": "a"}, {"value": ".3964552010274751", "title": "perihelion distance", "units": "au", "sigma": "1.5701E-6", "name": "q", "label": "q"}, {"units": "deg", "value": "7.820204509427269", "title": "inclination; angle with respect to x-y ecliptic plane", "name": "i", "sigma": "3.2112E-5", "label": "i"}, {"label": "node", "sigma": "9.1365E-5", "name": "om", "units": "deg", "title": "longitude of the ascending node", "value": "12.88786371571144"}, {"name": "w", "sigma": ".00016458", "units": "deg", "title": "argument of perihelion", "value": "106.6329344834191", "label": "peri"}, {"label": "M", "name": "ma", "sigma": ".00096611", "units": "deg", "value": "41.75206703283287", "title": "mean anomaly"}, {"label": "tp", "value": "2461151.808965215337", "title": "time of perihelion passage", "units": "TDB", "name": "tp", "sigma": ".0010818"}, {"label": "period", "title": "sidereal orbital period", "value": "419.8300531730403", "units": "d", "sigma": ".00038689", "name": "per"}, {"label": "n", "name": "n", "sigma": "7.902E-7", "units": "deg/d", "value": ".8574898277985347", "title": "mean motion"}, {"label": "Q", "sigma": "1.1047E-6", "name": "ad", "title": "aphelion distance", "value": "1.798101099834719", "units": "au"}], "epoch": "2461200.5"}