{"spkid": "54304625", "covariance": {"epoch": "2460334.5", "elements": [{"label": "e", "sigma": 7.64495697834698e-08, "name": "e", "value": ".3662548731729866", "title": "eccentricity", "units": null}, {"name": "q", "sigma": 1.21828062275872e-07, "units": "au", "value": "1.005078667665177", "title": "perihelion distance", "label": "q"}, {"units": "TDB", "title": "time of perihelion passage", "value": "2460542.088700785839", "name": "tp", "sigma": 3.56880211392931e-05, "label": "tp"}, {"units": "deg", "title": "longitude of the ascending node", "value": "345.406525507415", "sigma": 1.36247346508101e-05, "name": "om", "label": "node"}, {"units": "deg", "title": "argument of perihelion", "value": "337.1700208050354", "sigma": 4.8346434218818e-05, "name": "w", "label": "peri"}, {"label": "i", "name": "i", "sigma": 2.76739062186875e-06, "title": "inclination", "value": "1.571329623768823", "units": "deg"}], "data": [["5.844536720077624E-15", "-9.313343522203622E-15", "-2.683119083311627E-12", "3.40899983197016E-13", "-3.555806894332043E-12", "7.448073771049617E-14"], ["-9.313343522203622E-15", "1.484207675789373E-14", "4.276552449067535E-12", "-5.416508323739556E-13", "5.665300325191315E-12", "-1.186097413973757E-13"], ["-2.683119083311627E-12", "4.276552449067535E-12", "1.273634852838628E-9", "-1.364502931347442E-10", "1.657158414341711E-9", "-3.525049168577378E-11"], ["3.40899983197016E-13", "-5.416508323739556E-13", "-1.364502931347442E-10", "1.856333943049866E-10", "-3.530801175438603E-10", "1.824823748426141E-11"], ["-3.555806894332043E-12", "5.665300325191315E-12", "1.657158414341711E-9", "-3.530801175438603E-10", "2.337377701674497E-9", "-6.046984989977629E-11"], ["7.448073771049617E-14", "-1.186097413973757E-13", "-3.525049168577378E-11", "1.824823748426141E-11", "-6.046984989977629E-11", "7.658450854007086E-12"]], "labels": ["e", "q", "tp", "node", "peri", "i"]}, "elements": [{"name": "e", "sigma": "7.8516E-8", "value": ".3684625167549198", "title": "eccentricity", "units": null, "label": "e"}, {"units": "au", "title": "semi-major axis", "value": "1.590999247704895", "sigma": "6.2485E-9", "name": "a", "label": "a"}, {"label": "q", "value": "1.004775660740365", "title": "perihelion distance", "units": "au", "name": "q", "sigma": "1.2119E-7"}, {"units": "deg", "title": "inclination; angle with respect to x-y ecliptic plane", "value": "1.571696815910664", "name": "i", "sigma": "2.7742E-6", "label": "i"}, {"value": "345.2908983819182", "title": "longitude of the ascending node", "units": "deg", "sigma": "1.3635E-5", "name": "om", "label": "node"}, {"label": "peri", "units": "deg", "value": "337.4904405560749", "title": "argument of perihelion", "sigma": "4.807E-5", "name": "w"}, {"sigma": "1.5624E-5", "name": "ma", "units": "deg", "title": "mean anomaly", "value": "323.2658324240223", "label": "M"}, {"label": "tp", "units": "TDB", "title": "time of perihelion passage", "value": "2461275.294745780168", "name": "tp", "sigma": "3.1434E-5"}, {"units": "d", "title": "sidereal orbital period", "value": "732.9990103945823", "name": "per", "sigma": "4.3182E-6", "label": "period"}, {"value": ".4911329959452573", "title": "mean motion", "units": "deg/d", "name": "n", "sigma": "2.8933E-9", "label": "n"}, {"label": "Q", "sigma": "8.5509E-9", "name": "ad", "units": "au", "title": "aphelion distance", "value": "2.177222834669424"}], "epoch": "2461200.5"}