{"spkid": "54318591", "covariance": {"epoch": "2459424.5", "elements": [{"label": "e", "title": "eccentricity", "value": ".05815065947365804", "units": null, "name": "e", "sigma": 1.3199093374465e-07}, {"title": "perihelion distance", "value": "1.029916585639174", "units": "au", "name": "q", "sigma": 1.44101630587006e-07, "label": "q"}, {"label": "tp", "sigma": 7.28560069564119e-05, "name": "tp", "value": "2459414.123217571656", "title": "time of perihelion passage", "units": "TDB"}, {"value": "164.1928366721652", "title": "longitude of the ascending node", "units": "deg", "name": "om", "sigma": 0.000111710565511952, "label": "node"}, {"label": "peri", "sigma": 0.000112968878954184, "name": "w", "units": "deg", "value": "184.5613655857624", "title": "argument of perihelion"}, {"label": "i", "name": "i", "sigma": 2.69401966361299e-06, "units": "deg", "value": "1.416269024434576", "title": "inclination"}], "data": [["1.742160659078469E-14", "-1.901981459075546E-14", "4.569471997824448E-12", "1.299093254530418E-11", "-1.096044037765848E-11", "-2.696754023953818E-13"], ["-1.901981459075546E-14", "2.076527993783392E-14", "-5.021287631135425E-12", "-1.418337653542136E-11", "1.19366525893968E-11", "2.949339786861666E-13"], ["4.569471997824448E-12", "-5.021287631135425E-12", "5.307997749632745E-9", "3.625357819038106E-9", "6.842449917115016E-10", "-1.363283588012764E-10"], ["1.299093254530418E-11", "-1.418337653542136E-11", "3.625357819038106E-9", "1.247925044700017E-8", "-1.076616533778678E-8", "-1.501092816848687E-10"], ["-1.096044037765848E-11", "1.19366525893968E-11", "6.842449917115016E-10", "-1.076616533778678E-8", "1.276196761216507E-8", "5.850146857323999E-11"], ["-2.696754023953818E-13", "2.949339786861666E-13", "-1.363283588012764E-10", "-1.501092816848687E-10", "5.850146857323999E-11", "7.257741947933457E-12"]], "labels": ["e", "q", "tp", "node", "peri", "i"]}, "elements": [{"label": "e", "sigma": "9.5826E-8", "name": "e", "title": "eccentricity", "value": ".05479176100155955", "units": null}, {"label": "a", "sigma": "5.4544E-8", "name": "a", "units": "au", "title": "semi-major axis", "value": "1.089125961005684"}, {"units": "au", "value": "1.029450831649666", "title": "perihelion distance", "name": "q", "sigma": "1.5575E-7", "label": "q"}, {"label": "i", "sigma": "2.5915E-6", "name": "i", "units": "deg", "value": "1.417585116402475", "title": "inclination; angle with respect to x-y ecliptic plane"}, {"label": "node", "name": "om", "sigma": ".00010117", "units": "deg", "title": "longitude of the ascending node", "value": "163.2878313407591"}, {"name": "w", "sigma": "9.3989E-5", "value": "187.7187397040307", "title": "argument of perihelion", "units": "deg", "label": "peri"}, {"label": "M", "value": "104.9192483403998", "title": "mean anomaly", "units": "deg", "sigma": "6.5891E-5", "name": "ma"}, {"title": "time of perihelion passage", "value": "2461079.504766489518", "units": "TDB", "name": "tp", "sigma": "7.164E-5", "label": "tp"}, {"label": "period", "name": "per", "sigma": "3.1187E-5", "title": "sidereal orbital period", "value": "415.1600850441973", "units": "d"}, {"label": "n", "name": "n", "sigma": "6.514E-8", "units": "deg/d", "title": "mean motion", "value": ".8671353845629811"}, {"name": "ad", "sigma": "5.7533E-8", "units": "au", "value": "1.148801090361701", "title": "aphelion distance", "label": "Q"}], "epoch": "2461200.5"}