{"spkid": "54319455", "covariance": {"epoch": "2459545.5", "elements": [{"label": "e", "sigma": 3.30001659666697e-07, "name": "e", "value": ".1721459392993797", "title": "eccentricity", "units": null}, {"units": "au", "title": "perihelion distance", "value": ".9470641344245634", "name": "q", "sigma": 3.76051180049272e-07, "label": "q"}, {"units": "TDB", "title": "time of perihelion passage", "value": "2459732.078020269703", "sigma": 9.68392495573055e-05, "name": "tp", "label": "tp"}, {"name": "om", "sigma": 9.84648014177164e-06, "title": "longitude of the ascending node", "value": "214.1319912902805", "units": "deg", "label": "node"}, {"name": "w", "sigma": 8.25719916895126e-05, "units": "deg", "value": "53.35919152522606", "title": "argument of perihelion", "label": "peri"}, {"title": "inclination", "value": "44.35615870636528", "units": "deg", "name": "i", "sigma": 3.74840494310175e-05, "label": "i"}], "data": [["1.089010953827746E-13", "-1.240933741029801E-13", "-2.8107846761033E-11", "1.442209440508344E-12", "-2.529800643164959E-11", "-6.171949603652082E-12"], ["-1.240933741029801E-13", "1.414144900164499E-13", "3.198403672883055E-11", "-1.642374849156233E-12", "2.878981802139154E-11", "7.02665676785038E-12"], ["-2.8107846761033E-11", "3.198403672883055E-11", "9.377840254822102E-9", "-3.457594852017444E-10", "7.887716762740787E-9", "2.281240979261418E-9"], ["1.442209440508344E-12", "-1.642374849156233E-12", "-3.457594852017444E-10", "9.695317118230319E-11", "-3.738636467426286E-10", "7.987681846597813E-11"], ["-2.529800643164959E-11", "2.878981802139154E-11", "7.887716762740787E-9", "-3.738636467426286E-10", "6.818133811572943E-9", "1.743052331649441E-9"], ["-6.171949603652082E-12", "7.02665676785038E-12", "2.281240979261418E-9", "7.987681846597813E-11", "1.743052331649441E-9", "1.405053961746964E-9"]], "labels": ["e", "q", "tp", "node", "peri", "i"]}, "elements": [{"label": "e", "units": null, "title": "eccentricity", "value": ".1721906962874691", "sigma": "3.3004E-7", "name": "e"}, {"label": "a", "value": "1.143845368389375", "title": "semi-major axis", "units": "au", "name": "a", "sigma": "4.1289E-9"}, {"label": "q", "value": ".9468858379612121", "title": "perihelion distance", "units": "au", "sigma": "3.7614E-7", "name": "q"}, {"label": "i", "sigma": "3.7484E-5", "name": "i", "units": "deg", "value": "44.35725918228162", "title": "inclination; angle with respect to x-y ecliptic plane"}, {"label": "node", "units": "deg", "value": "214.1212171051363", "title": "longitude of the ascending node", "sigma": "9.8477E-6", "name": "om"}, {"sigma": "8.2502E-5", "name": "w", "title": "argument of perihelion", "value": "53.36396436537061", "units": "deg", "label": "peri"}, {"label": "M", "value": "103.0486227760143", "title": "mean anomaly", "units": "deg", "sigma": "7.4821E-5", "name": "ma"}, {"label": "tp", "name": "tp", "sigma": "9.3186E-5", "units": "TDB", "title": "time of perihelion passage", "value": "2461072.594536745951"}, {"units": "d", "value": "446.8372844879521", "title": "sidereal orbital period", "name": "per", "sigma": "2.4194E-6", "label": "period"}, {"title": "mean motion", "value": ".8056624021707091", "units": "deg/d", "sigma": "4.3622E-9", "name": "n", "label": "n"}, {"name": "ad", "sigma": "4.8398E-9", "value": "1.340804898817538", "title": "aphelion distance", "units": "au", "label": "Q"}], "epoch": "2461200.5"}