{"spkid": "54317870", "covariance": {"elements": [{"name": "e", "sigma": 3.012709630193e-06, "units": null, "title": "eccentricity", "value": ".3159848549270909", "label": "e"}, {"label": "q", "value": ".5642161909607956", "title": "perihelion distance", "units": "au", "name": "q", "sigma": 2.47525247046568e-06}, {"name": "tp", "sigma": 0.00089557880490335, "units": "TDB", "title": "time of perihelion passage", "value": "2460049.627627269003", "label": "tp"}, {"name": "om", "sigma": 0.00112517384569893, "units": "deg", "value": "194.3589876505113", "title": "longitude of the ascending node", "label": "node"}, {"label": "peri", "units": "deg", "value": "41.49678068496839", "title": "argument of perihelion", "name": "w", "sigma": 0.000613329580587605}, {"title": "inclination", "value": "2.412414870872436", "units": "deg", "name": "i", "sigma": 0.000115574229427141, "label": "i"}], "data": [["9.076419315857673E-12", "-7.45707289623917E-12", "2.387624906842405E-9", "1.710462810064868E-9", "-2.509363995945909E-10", "2.546650258064491E-10"], ["-7.45707289623917E-12", "6.126874792546463E-12", "-1.955237611816626E-9", "-1.39047994955172E-9", "1.969857832487497E-10", "-2.080673860936645E-10"], ["2.387624906842405E-9", "-1.955237611816626E-9", "8.020613957921134E-7", "8.529511767204277E-7", "-3.159608534952199E-7", "9.867795997865222E-8"], ["1.710462810064868E-9", "-1.39047994955172E-9", "8.529511767204277E-7", "1.266016183044926E-6", "-6.364253400590722E-7", "1.234856046998586E-7"], ["-2.509363995945909E-10", "1.969857832487497E-10", "-3.159608534952199E-7", "-6.364253400590722E-7", "3.761731744237672E-7", "-5.465611721884724E-8"], ["2.546650258064491E-10", "-2.080673860936645E-10", "9.867795997865222E-8", "1.234856046998586E-7", "-5.465611721884724E-8", "1.335740250767745E-8"]], "labels": ["e", "q", "tp", "node", "peri", "i"], "epoch": "2460067.5"}, "elements": [{"label": "e", "sigma": "3.0103E-6", "name": "e", "units": null, "title": "eccentricity", "value": ".3164924728858787"}, {"units": "au", "value": ".8239652211522844", "title": "semi-major axis", "name": "a", "sigma": "2.1989E-8", "label": "a"}, {"units": "au", "title": "perihelion distance", "value": ".563186430737838", "name": "q", "sigma": "2.4879E-6", "label": "q"}, {"units": "deg", "title": "inclination; angle with respect to x-y ecliptic plane", "value": "2.401584509448896", "name": "i", "sigma": ".00011604", "label": "i"}, {"title": "longitude of the ascending node", "value": "194.2095691615784", "units": "deg", "sigma": ".0011241", "name": "om", "label": "node"}, {"label": "peri", "units": "deg", "title": "argument of perihelion", "value": "41.47044812435288", "name": "w", "sigma": ".00062193"}, {"name": "ma", "sigma": ".001193", "units": "deg", "value": "75.09327180221354", "title": "mean anomaly", "label": "M"}, {"label": "tp", "units": "TDB", "value": "2461143.515036513872", "title": "time of perihelion passage", "name": "tp", "sigma": ".00090728"}, {"title": "sidereal orbital period", "value": "273.1880814707217", "units": "d", "sigma": "1.0936E-5", "name": "per", "label": "period"}, {"label": "n", "units": "deg/d", "title": "mean motion", "value": "1.317773447735794", "name": "n", "sigma": "5.275E-8"}, {"units": "au", "title": "aphelion distance", "value": "1.084744011566731", "name": "ad", "sigma": "2.8948E-8", "label": "Q"}], "epoch": "2461200.5"}