{"spkid": "54328070", "covariance": {"labels": ["e", "q", "tp", "node", "peri", "i"], "elements": [{"label": "e", "sigma": 5.71232609752613e-08, "name": "e", "units": null, "value": ".4444767834947815", "title": "eccentricity"}, {"name": "q", "sigma": 1.04544774687978e-07, "value": "1.016663462074027", "title": "perihelion distance", "units": "au", "label": "q"}, {"label": "tp", "name": "tp", "sigma": 2.21289956645779e-05, "units": "TDB", "title": "time of perihelion passage", "value": "2459017.875813155982"}, {"title": "longitude of the ascending node", "value": "230.862319706597", "units": "deg", "sigma": 2.03709796535763e-05, "name": "om", "label": "node"}, {"label": "peri", "units": "deg", "title": "argument of perihelion", "value": "184.5920243090712", "name": "w", "sigma": 2.49649358557691e-05}, {"units": "deg", "title": "inclination", "value": "17.73670388511477", "sigma": 1.67692918298756e-05, "name": "i", "label": "i"}], "data": [["3.263066944447814E-15", "-5.956438078940547E-15", "-5.174024197234286E-13", "4.628353350933218E-13", "-5.144421649476799E-13", "-2.868625411671819E-13"], ["-5.956438078940547E-15", "1.092960991456005E-14", "9.155936814086499E-13", "-8.586358241855227E-13", "9.496550012157753E-13", "5.245421897695179E-13"], ["-5.174024197234286E-13", "9.155936814086499E-13", "4.896924491229063E-10", "-1.973884046053212E-10", "4.064258826174884E-10", "7.636791161920573E-11"], ["4.628353350933218E-13", "-8.586358241855227E-13", "-1.973884046053212E-10", "4.149768120464207E-10", "-4.306041936458719E-10", "-1.31789677760077E-10"], ["-5.144421649476799E-13", "9.496550012157753E-13", "4.064258826174884E-10", "-4.306041936458719E-10", "6.232480222826679E-10", "1.227386495311814E-10"], ["-2.868625411671819E-13", "5.245421897695179E-13", "7.636791161920573E-11", "-1.31789677760077E-10", "1.227386495311814E-10", "2.812091484755317E-10"]], "epoch": "2459081.5"}, "elements": [{"label": "e", "sigma": "5.7174E-8", "name": "e", "title": "eccentricity", "value": ".4447388238759883", "units": null}, {"label": "a", "units": "au", "title": "semi-major axis", "value": "1.830167377396511", "sigma": "1.3441E-8", "name": "a"}, {"label": "q", "sigma": "1.0452E-7", "name": "q", "value": "1.016220890476984", "title": "perihelion distance", "units": "au"}, {"sigma": "1.6772E-5", "name": "i", "units": "deg", "value": "17.7397932457144", "title": "inclination; angle with respect to x-y ecliptic plane", "label": "i"}, {"label": "node", "sigma": "2.0364E-5", "name": "om", "units": "deg", "value": "230.8403695229727", "title": "longitude of the ascending node"}, {"label": "peri", "name": "w", "sigma": "2.4951E-5", "value": "184.6067921261674", "title": "argument of perihelion", "units": "deg"}, {"units": "deg", "value": "148.8719889491456", "title": "mean anomaly", "name": "ma", "sigma": "1.1677E-5", "label": "M"}, {"label": "tp", "sigma": "2.675E-5", "name": "tp", "value": "2460826.522795024057", "title": "time of perihelion passage", "units": "TDB"}, {"label": "period", "value": "904.3460407943475", "title": "sidereal orbital period", "units": "d", "name": "per", "sigma": "9.9624E-6"}, {"sigma": "4.3853E-9", "name": "n", "units": "deg/d", "value": ".3980777089307407", "title": "mean motion", "label": "n"}, {"label": "Q", "title": "aphelion distance", "value": "2.644113864316037", "units": "au", "sigma": "1.9419E-8", "name": "ad"}], "epoch": "2461200.5"}