{"spkid": "54323530", "covariance": {"elements": [{"value": ".2288059635150861", "title": "eccentricity", "units": null, "sigma": 5.26468989472028e-06, "name": "e", "label": "e"}, {"label": "q", "title": "perihelion distance", "value": ".7889717727227449", "units": "au", "sigma": 4.845683043815e-06, "name": "q"}, {"label": "tp", "sigma": 0.000228335067695773, "name": "tp", "value": "2459980.018246621816", "title": "time of perihelion passage", "units": "TDB"}, {"label": "node", "title": "longitude of the ascending node", "value": "243.5027855202821", "units": "deg", "name": "om", "sigma": 5.7527477716214e-05}, {"label": "peri", "units": "deg", "value": "276.6518306975517", "title": "argument of perihelion", "name": "w", "sigma": 0.000333468214108966}, {"units": "deg", "value": "11.78542335344539", "title": "inclination", "name": "i", "sigma": 0.000258934089189697, "label": "i"}], "data": [["2.771695968756981E-11", "-2.550873851779584E-11", "-1.19552948764136E-9", "2.49008312155527E-10", "1.747915607438543E-9", "1.348613893091548E-9"], ["-2.550873851779584E-11", "2.348064416111617E-11", "1.100844505202183E-9", "-2.283501804494945E-10", "-1.60889015812151E-9", "-1.239962168323135E-9"], ["-1.19552948764136E-9", "1.100844505202183E-9", "5.213690313963335E-8", "-1.044055195598157E-8", "-7.505159292808197E-8", "-5.790803772601722E-8"], ["2.49008312155527E-10", "-2.283501804494945E-10", "-1.044055195598157E-8", "3.3094106923895E-9", "1.507744816466888E-8", "1.186130644699255E-8"], ["1.747915607438543E-9", "-1.60889015812151E-9", "-7.505159292808197E-8", "1.507744816466888E-8", "1.112010498210235E-7", "8.556775021474929E-8"], ["1.348613893091548E-9", "-1.239962168323135E-9", "-5.790803772601722E-8", "1.186130644699255E-8", "8.556775021474929E-8", "6.704686254449783E-8"]], "labels": ["e", "q", "tp", "node", "peri", "i"], "epoch": "2459955.5"}, "elements": [{"sigma": "5.2603E-6", "name": "e", "title": "eccentricity", "value": ".2287206531390023", "units": null, "label": "e"}, {"units": "au", "value": "1.02305211076761", "title": "semi-major axis", "name": "a", "sigma": "6.9465E-7", "label": "a"}, {"name": "q", "sigma": "4.8499E-6", "title": "perihelion distance", "value": ".7890589637976075", "units": "au", "label": "q"}, {"value": "11.78780885658028", "title": "inclination; angle with respect to x-y ecliptic plane", "units": "deg", "sigma": ".0002589", "name": "i", "label": "i"}, {"label": "node", "name": "om", "sigma": "6.0264E-5", "value": "243.44504190317", "title": "longitude of the ascending node", "units": "deg"}, {"name": "w", "sigma": ".00034367", "units": "deg", "title": "argument of perihelion", "value": "276.5187320070722", "label": "peri"}, {"sigma": ".00099076", "name": "ma", "value": "82.5625796665089", "title": "mean anomaly", "units": "deg", "label": "M"}, {"label": "tp", "value": "2461113.818620616476", "title": "time of perihelion passage", "units": "TDB", "name": "tp", "sigma": ".00095198"}, {"label": "period", "sigma": ".00038495", "name": "per", "value": "377.9593213307391", "title": "sidereal orbital period", "units": "d"}, {"name": "n", "sigma": "9.701E-7", "units": "deg/d", "title": "mean motion", "value": ".9524834543899936", "label": "n"}, {"value": "1.257045257737613", "title": "aphelion distance", "units": "au", "sigma": "8.5353E-7", "name": "ad", "label": "Q"}], "epoch": "2461200.5"}