{"spkid": "54336638", "covariance": {"elements": [{"value": ".4463887785329175", "title": "eccentricity", "units": null, "name": "e", "sigma": 5.72503448848358e-06, "label": "e"}, {"label": "q", "name": "q", "sigma": 5.70373810585817e-06, "units": "au", "value": ".5556621019854886", "title": "perihelion distance"}, {"label": "tp", "units": "TDB", "value": "2459470.638235101475", "title": "time of perihelion passage", "sigma": 0.000109177990671959, "name": "tp"}, {"label": "node", "sigma": 0.000356552393250086, "name": "om", "value": "20.04947946562244", "title": "longitude of the ascending node", "units": "deg"}, {"label": "peri", "value": "293.6224480932622", "title": "argument of perihelion", "units": "deg", "name": "w", "sigma": 0.000324166896138134}, {"value": "7.040914492912875", "title": "inclination", "units": "deg", "name": "i", "sigma": 7.70819834150422e-05, "label": "i"}], "data": [["3.277601989432643E-11", "-3.2654089548088E-11", "5.558045466719335E-10", "-9.99994647848502E-10", "-7.869702564311194E-10", "4.374349606023856E-10"], ["-3.2654089548088E-11", "3.253262838021857E-11", "-5.53774521797783E-10", "9.966329880861712E-10", "7.836766294119044E-10", "-4.357953214447356E-10"], ["5.558045466719335E-10", "-5.53774521797783E-10", "1.191983364716633E-8", "-6.778412251183678E-9", "-2.227554727596856E-8", "7.411548561054556E-9"], ["-9.99994647848502E-10", "9.966329880861712E-10", "-6.778412251183678E-9", "1.271296091323642E-7", "-6.706537096087235E-8", "-1.136915651520841E-8"], ["-7.869702564311194E-10", "7.836766294119044E-10", "-2.227554727596856E-8", "-6.706537096087235E-8", "1.050841765518317E-7", "-1.246575297172675E-8"], ["4.374349606023856E-10", "-4.357953214447356E-10", "7.411548561054556E-9", "-1.136915651520841E-8", "-1.246575297172675E-8", "5.941632167196848E-9"]], "labels": ["e", "q", "tp", "node", "peri", "i"], "epoch": "2459637.5"}, "elements": [{"sigma": "5.7251E-6", "name": "e", "value": ".4465078473165219", "title": "eccentricity", "units": null, "label": "e"}, {"units": "au", "value": "1.003341506949671", "title": "semi-major axis", "sigma": "8.4682E-8", "name": "a", "label": "a"}, {"sigma": "5.6975E-6", "name": "q", "value": ".5553416505582586", "title": "perihelion distance", "units": "au", "label": "q"}, {"label": "i", "title": "inclination; angle with respect to x-y ecliptic plane", "value": "7.03629077614657", "units": "deg", "name": "i", "sigma": "7.7266E-5"}, {"sigma": ".00035585", "name": "om", "units": "deg", "title": "longitude of the ascending node", "value": "19.96181180704957", "label": "node"}, {"label": "peri", "units": "deg", "value": "293.6548720527364", "title": "argument of perihelion", "sigma": ".00032412", "name": "w"}, {"label": "M", "value": "255.9580689358996", "title": "mean anomaly", "units": "deg", "name": "ma", "sigma": ".00030414"}, {"name": "tp", "sigma": ".00032336", "units": "TDB", "title": "time of perihelion passage", "value": "2461306.590744870763", "label": "tp"}, {"units": "d", "title": "sidereal orbital period", "value": "367.0891895493968", "name": "per", "sigma": "4.6474E-5", "label": "period"}, {"units": "deg/d", "title": "mean motion", "value": ".980688100463817", "name": "n", "sigma": "1.2416E-7", "label": "n"}, {"label": "Q", "units": "au", "value": "1.451341363341084", "title": "aphelion distance", "sigma": "1.2249E-7", "name": "ad"}], "epoch": "2461200.5"}