{"spkid": "54335005", "covariance": {"labels": ["e", "q", "tp", "node", "peri", "i"], "data": [["3.586802722387254E-13", "-3.552233427524659E-13", "-1.312939194946071E-11", "-4.043473185152955E-12", "3.095607102498082E-11", "4.559091009473042E-12"], ["-3.552233427524659E-13", "3.518185234226417E-13", "1.300411454466629E-11", "3.969393642056674E-12", "-3.062198632722037E-11", "-4.50547005049041E-12"], ["-1.312939194946071E-11", "1.300411454466629E-11", "6.462418203054577E-10", "3.774705192497358E-10", "-1.225647638401112E-9", "-1.63498688196643E-10"], ["-4.043473185152955E-12", "3.969393642056674E-12", "3.774705192497358E-10", "4.938960751466065E-9", "-5.055715001705591E-9", "-9.592234046219062E-10"], ["3.095607102498082E-11", "-3.062198632722037E-11", "-1.225647638401112E-9", "-5.055715001705591E-9", "7.306382405316227E-9", "1.303691926440564E-9"], ["4.559091009473042E-12", "-4.50547005049041E-12", "-1.63498688196643E-10", "-9.592234046219062E-10", "1.303691926440564E-9", "2.640451466577986E-10"]], "elements": [{"label": "e", "units": null, "title": "eccentricity", "value": ".1960921880304411", "name": "e", "sigma": 5.98899217096437e-07}, {"title": "perihelion distance", "value": ".8049490772010245", "units": "au", "sigma": 5.93142919895906e-07, "name": "q", "label": "q"}, {"name": "tp", "sigma": 2.54212867555019e-05, "units": "TDB", "value": "2460011.075857956574", "title": "time of perihelion passage", "label": "tp"}, {"label": "node", "units": "deg", "value": "274.0886212628127", "title": "longitude of the ascending node", "name": "om", "sigma": 7.027774008508e-05}, {"name": "w", "sigma": 8.54773794949063e-05, "title": "argument of perihelion", "value": "271.6724934945786", "units": "deg", "label": "peri"}, {"label": "i", "name": "i", "sigma": 1.62494660422365e-05, "units": "deg", "title": "inclination", "value": "2.357844035326562"}], "epoch": "2460154.5"}, "elements": [{"label": "e", "name": "e", "sigma": "5.9655E-7", "value": ".1961197833185724", "title": "eccentricity", "units": null}, {"label": "a", "units": "au", "value": "1.004185732992452", "title": "semi-major axis", "name": "a", "sigma": "9.415E-9"}, {"label": "q", "sigma": "6.0605E-7", "name": "q", "units": "au", "value": ".8072450446263706", "title": "perihelion distance"}, {"name": "i", "sigma": "1.6148E-5", "units": "deg", "value": "2.366714938695376", "title": "inclination; angle with respect to x-y ecliptic plane", "label": "i"}, {"label": "node", "name": "om", "sigma": "6.9363E-5", "units": "deg", "title": "longitude of the ascending node", "value": "273.837770861035"}, {"label": "peri", "value": "270.7733090818508", "title": "argument of perihelion", "units": "deg", "name": "w", "sigma": "9.0125E-5"}, {"label": "M", "value": "88.21922893637702", "title": "mean anomaly", "units": "deg", "name": "ma", "sigma": "2.0234E-5"}, {"value": "2461110.429981087903", "title": "time of perihelion passage", "units": "TDB", "name": "tp", "sigma": "1.9864E-5", "label": "tp"}, {"label": "period", "name": "per", "sigma": "5.1691E-6", "units": "d", "title": "sidereal orbital period", "value": "367.552598218013"}, {"label": "n", "units": "deg/d", "title": "mean motion", "value": ".9794516533017863", "sigma": "1.3775E-8", "name": "n"}, {"label": "Q", "name": "ad", "sigma": "1.1261E-8", "value": "1.201126421358534", "title": "aphelion distance", "units": "au"}], "epoch": "2461200.5"}