{"spkid": "54347989", "covariance": {"elements": [{"value": ".6525347259187551", "title": "eccentricity", "units": null, "name": "e", "sigma": 1.39833774635541e-07, "label": "e"}, {"value": ".6953111136977691", "title": "perihelion distance", "units": "au", "name": "q", "sigma": 3.11034905296838e-07, "label": "q"}, {"label": "tp", "units": "TDB", "value": "2459961.298443898441", "title": "time of perihelion passage", "sigma": 4.44806386857648e-05, "name": "tp"}, {"sigma": 9.70393698464338e-05, "name": "om", "title": "longitude of the ascending node", "value": "342.3616740754954", "units": "deg", "label": "node"}, {"name": "w", "sigma": 9.55605831565673e-05, "units": "deg", "title": "argument of perihelion", "value": "102.8737524699666", "label": "peri"}, {"label": "i", "units": "deg", "value": "6.670213283487631", "title": "inclination", "sigma": 5.15547783402248e-05, "name": "i"}], "data": [["1.955348452882329E-14", "-4.349247458389319E-14", "5.845302681259683E-12", "-1.984660851516487E-12", "2.762666029821449E-12", "-3.258650264482435E-12"], ["-4.349247458389319E-14", "9.674271231301274E-14", "-1.300864484855376E-11", "4.411753908895766E-12", "-6.14657055077813E-12", "7.248658477580738E-12"], ["5.845302681259683E-12", "-1.300864484855376E-11", "1.978527217893558E-9", "-2.91599797129022E-10", "7.255789106783365E-10", "-8.735926847198977E-10"], ["-1.984660851516487E-12", "4.411753908895766E-12", "-2.91599797129022E-10", "9.416639300192956E-9", "-9.169249736365215E-9", "4.697212879855976E-9"], ["2.762666029821449E-12", "-6.14657055077813E-12", "7.255789106783365E-10", "-9.169249736365215E-9", "9.131825053223205E-9", "-4.708585886407784E-9"], ["-3.258650264482435E-12", "7.248658477580738E-12", "-8.735926847198977E-10", "4.697212879855976E-9", "-4.708585886407784E-9", "2.657895169709717E-9"]], "labels": ["e", "q", "tp", "node", "peri", "i"], "epoch": "2460223.5"}, "elements": [{"units": null, "value": ".6526575935900648", "title": "eccentricity", "name": "e", "sigma": "1.3956E-7", "label": "e"}, {"label": "a", "sigma": "9.2619E-8", "name": "a", "title": "semi-major axis", "value": "2.000050606024062", "units": "au"}, {"name": "q", "sigma": "3.112E-7", "value": ".694702390438047", "title": "perihelion distance", "units": "au", "label": "q"}, {"label": "i", "units": "deg", "value": "6.663144687292916", "title": "inclination; angle with respect to x-y ecliptic plane", "sigma": "5.1599E-5", "name": "i"}, {"units": "deg", "value": "342.2753989848022", "title": "longitude of the ascending node", "sigma": "9.7604E-5", "name": "om", "label": "node"}, {"units": "deg", "value": "102.9951304135128", "title": "argument of perihelion", "sigma": "9.6193E-5", "name": "w", "label": "peri"}, {"label": "M", "name": "ma", "sigma": "1.5525E-5", "title": "mean anomaly", "value": "71.49277301909007", "units": "deg"}, {"name": "tp", "sigma": "3.14E-5", "units": "TDB", "value": "2460995.327313357599", "title": "time of perihelion passage", "label": "tp"}, {"name": "per", "sigma": "7.1764E-5", "units": "d", "value": "1033.141729885645", "title": "sidereal orbital period", "label": "period"}, {"units": "deg/d", "title": "mean motion", "value": ".3484517076276137", "sigma": "2.4204E-8", "name": "n", "label": "n"}, {"label": "Q", "name": "ad", "sigma": "1.5307E-7", "units": "au", "title": "aphelion distance", "value": "3.305398821610078"}], "epoch": "2461200.5"}