{"spkid": "54342587", "covariance": {"epoch": "2460103.5", "data": [["8.21129681187376E-11", "-8.327705607707522E-11", "9.16586065293716E-9", "-7.792248759683544E-10", "1.237489364514156E-9", "1.039912639257058E-9"], ["-8.327705607707522E-11", "8.445902447060681E-11", "-9.287283635995004E-9", "7.897304557354523E-10", "-1.247508699787998E-9", "-1.05591151220717E-9"], ["9.16586065293716E-9", "-9.287283635995004E-9", "1.078171852869821E-6", "-9.052257505119111E-8", "1.869181506047312E-7", "1.079097500012905E-7"], ["-7.792248759683544E-10", "7.897304557354523E-10", "-9.052257505119111E-8", "8.094837852611831E-9", "-1.535516622156654E-8", "-9.288392312520829E-9"], ["1.237489364514156E-9", "-1.247508699787998E-9", "1.869181506047312E-7", "-1.535516622156654E-8", "6.237573834268059E-8", "8.372002791827257E-9"], ["1.039912639257058E-9", "-1.05591151220717E-9", "1.079097500012905E-7", "-9.288392312520829E-9", "8.372002791827257E-9", "1.456932745351717E-8"]], "elements": [{"sigma": 9.06162061216081e-06, "name": "e", "value": ".1809452865452207", "title": "eccentricity", "units": null, "label": "e"}, {"name": "q", "sigma": 9.19015911018992e-06, "units": "au", "title": "perihelion distance", "value": ".8135577589016456", "label": "q"}, {"label": "tp", "value": "2460270.357747525235", "title": "time of perihelion passage", "units": "TDB", "name": "tp", "sigma": 0.00103835054431046}, {"label": "node", "sigma": 8.99713168327097e-05, "name": "om", "units": "deg", "title": "longitude of the ascending node", "value": "346.1360118873509"}, {"label": "peri", "units": "deg", "title": "argument of perihelion", "value": "58.50136728259964", "sigma": 0.000249751353034735, "name": "w"}, {"label": "i", "name": "i", "sigma": 0.000120703469103076, "units": "deg", "value": "4.669734229377518", "title": "inclination"}], "labels": ["e", "q", "tp", "node", "peri", "i"]}, "elements": [{"label": "e", "title": "eccentricity", "value": ".1808307079186455", "units": null, "name": "e", "sigma": "9.0747E-6"}, {"label": "a", "name": "a", "sigma": "2.0134E-7", "value": ".9925240017678343", "title": "semi-major axis", "units": "au"}, {"sigma": "9.1695E-6", "name": "q", "units": "au", "title": "perihelion distance", "value": ".8130451839019098", "label": "q"}, {"label": "i", "value": "4.673043417346035", "title": "inclination; angle with respect to x-y ecliptic plane", "units": "deg", "sigma": ".00012064", "name": "i"}, {"label": "node", "units": "deg", "value": "345.9505287945643", "title": "longitude of the ascending node", "sigma": "6.8337E-5", "name": "om"}, {"label": "peri", "name": "w", "sigma": ".00027779", "title": "argument of perihelion", "value": "58.13269686131195", "units": "deg"}, {"label": "M", "value": "207.3489629264999", "title": "mean anomaly", "units": "deg", "name": "ma", "sigma": ".00083448"}, {"label": "tp", "sigma": ".00079681", "name": "tp", "units": "TDB", "value": "2461353.646548024705", "title": "time of perihelion passage"}, {"name": "per", "sigma": ".0001099", "units": "d", "value": "361.1685734067302", "title": "sidereal orbital period", "label": "period"}, {"name": "n", "sigma": "3.033E-7", "title": "mean motion", "value": ".9967644654248081", "units": "deg/d", "label": "n"}, {"name": "ad", "sigma": "2.3775E-7", "title": "aphelion distance", "value": "1.172002819633759", "units": "au", "label": "Q"}], "epoch": "2461200.5"}