{"spkid": "54341549", "covariance": {"labels": ["e", "q", "tp", "node", "peri", "i"], "elements": [{"units": null, "value": ".1513255527404956", "title": "eccentricity", "sigma": 1.30349500523127e-06, "name": "e", "label": "e"}, {"label": "q", "sigma": 1.44072101794954e-06, "name": "q", "units": "au", "title": "perihelion distance", "value": ".8309833574141252"}, {"label": "tp", "name": "tp", "sigma": 0.000134940123657411, "title": "time of perihelion passage", "value": "2460601.837804891305", "units": "TDB"}, {"label": "node", "title": "longitude of the ascending node", "value": "158.5139390816035", "units": "deg", "name": "om", "sigma": 8.09349088035342e-05}, {"label": "peri", "name": "w", "sigma": 0.000125802457422155, "value": "230.6184205851121", "title": "argument of perihelion", "units": "deg"}, {"sigma": 7.94014420814317e-06, "name": "i", "value": "1.185815533645104", "title": "inclination", "units": "deg", "label": "i"}], "data": [["1.69909922866287E-12", "-1.877935263120888E-12", "-1.661398211146618E-10", "-2.062388509181249E-11", "-1.01947175176287E-10", "9.878535508347195E-12"], ["-1.877935263120888E-12", "2.075677051561548E-12", "1.840170374853058E-10", "2.251963547994058E-11", "1.132611308838095E-10", "-1.090991062266598E-11"], ["-1.661398211146618E-10", "1.840170374853058E-10", "1.820883697267744E-8", "6.690295367586674E-10", "1.288442152316297E-8", "-9.263663652710423E-10"], ["-2.062388509181249E-11", "2.251963547994058E-11", "6.690295367586674E-10", "6.550459463036395E-9", "-6.138689999453643E-9", "-1.827758855812137E-10"], ["-1.01947175176287E-10", "1.132611308838095E-10", "1.288442152316297E-8", "-6.138689999453643E-9", "1.582625829345318E-8", "-4.988408982078843E-10"], ["9.878535508347195E-12", "-1.090991062266598E-11", "-9.263663652710423E-10", "-1.827758855812137E-10", "-4.988408982078843E-10", "6.304589004610956E-11"]], "epoch": "2460483.5"}, "elements": [{"label": "e", "units": null, "value": ".1513041932454454", "title": "eccentricity", "sigma": "1.304E-6", "name": "e"}, {"units": "au", "title": "semi-major axis", "value": ".979333740182927", "sigma": "1.9555E-7", "name": "a", "label": "a"}, {"units": "au", "value": ".8311564387065046", "title": "perihelion distance", "sigma": "1.4429E-6", "name": "q", "label": "q"}, {"units": "deg", "title": "inclination; angle with respect to x-y ecliptic plane", "value": "1.186253956569325", "sigma": "7.9394E-6", "name": "i", "label": "i"}, {"label": "node", "sigma": "7.9647E-5", "name": "om", "units": "deg", "value": "158.2100693765054", "title": "longitude of the ascending node"}, {"sigma": ".00012287", "name": "w", "units": "deg", "value": "230.4892494603267", "title": "argument of perihelion", "label": "peri"}, {"label": "M", "name": "ma", "sigma": ".00030702", "value": "249.2197100846571", "title": "mean anomaly", "units": "deg"}, {"label": "tp", "units": "TDB", "value": "2461309.431754649325", "title": "time of perihelion passage", "sigma": ".00033428", "name": "tp"}, {"title": "sidereal orbital period", "value": "353.9928601353631", "units": "d", "sigma": ".00010603", "name": "per", "label": "period"}, {"title": "mean motion", "value": "1.01696966391452", "units": "deg/d", "sigma": "3.046E-7", "name": "n", "label": "n"}, {"units": "au", "title": "aphelion distance", "value": "1.127511041659349", "name": "ad", "sigma": "2.2514E-7", "label": "Q"}], "epoch": "2461200.5"}