{"spkid": "54341525", "covariance": {"data": [["2.492725521938909E-12", "-2.4140958695329E-12", "1.013958689293691E-11", "2.070445767722721E-12", "-1.573332807483157E-10", "3.370662827320412E-11"], ["-2.4140958695329E-12", "2.338216888296097E-12", "-1.035194657327872E-11", "-1.728127250095788E-12", "1.518553256276685E-10", "-3.234320329395442E-11"], ["1.013958689293691E-11", "-1.035194657327872E-11", "1.147053470965071E-9", "-5.852505116594915E-10", "4.736956078786099E-10", "-5.086135695401941E-10"], ["2.070445767722721E-12", "-1.728127250095788E-12", "-5.852505116594915E-10", "6.491740871805573E-10", "-1.063550173084893E-9", "3.055305004336911E-10"], ["-1.573332807483157E-10", "1.518553256276685E-10", "4.736956078786099E-10", "-1.063550173084893E-9", "1.140564771978654E-8", "-2.719551834450199E-9"], ["3.370662827320412E-11", "-3.234320329395442E-11", "-5.086135695401941E-10", "3.055305004336911E-10", "-2.719551834450199E-9", "9.202539990223914E-10"]], "elements": [{"label": "e", "units": null, "title": "eccentricity", "value": ".4065691160409812", "sigma": 1.57883676228384e-06, "name": "e"}, {"label": "q", "units": "au", "title": "perihelion distance", "value": ".6056982942320989", "name": "q", "sigma": 1.5291229147116e-06}, {"units": "TDB", "title": "time of perihelion passage", "value": "2459542.620620317866", "sigma": 3.38681778512673e-05, "name": "tp", "label": "tp"}, {"units": "deg", "title": "longitude of the ascending node", "value": "339.5997080481426", "name": "om", "sigma": 2.54788949364088e-05, "label": "node"}, {"label": "peri", "name": "w", "sigma": 0.000106797227116562, "value": "50.18660883514201", "title": "argument of perihelion", "units": "deg"}, {"label": "i", "units": "deg", "title": "inclination", "value": "6.59156012929551", "sigma": 3.03356885371404e-05, "name": "i"}], "labels": ["e", "q", "tp", "node", "peri", "i"], "epoch": "2459706.5"}, "elements": [{"sigma": "1.5832E-6", "name": "e", "units": null, "title": "eccentricity", "value": ".4064274962890104", "label": "e"}, {"units": "au", "value": "1.020859688264004", "title": "semi-major axis", "sigma": "1.5018E-7", "name": "a", "label": "a"}, {"units": "au", "title": "perihelion distance", "value": ".6059542411004849", "name": "q", "sigma": "1.5289E-6", "label": "q"}, {"label": "i", "name": "i", "sigma": "3.0247E-5", "units": "deg", "title": "inclination; angle with respect to x-y ecliptic plane", "value": "6.61314208588122"}, {"label": "node", "name": "om", "sigma": "2.5807E-5", "title": "longitude of the ascending node", "value": "339.4587598293423", "units": "deg"}, {"sigma": ".00010572", "name": "w", "value": "50.3546275068426", "title": "argument of perihelion", "units": "deg", "label": "peri"}, {"name": "ma", "sigma": ".00033614", "units": "deg", "value": "144.3525303769237", "title": "mean anomaly", "label": "M"}, {"label": "tp", "units": "TDB", "title": "time of perihelion passage", "value": "2461049.433067994348", "sigma": ".00031862", "name": "tp"}, {"label": "period", "sigma": "8.3134E-5", "name": "per", "units": "d", "value": "376.7450101500159", "title": "sidereal orbital period"}, {"sigma": "2.1086E-7", "name": "n", "units": "deg/d", "value": ".9555534653442438", "title": "mean motion", "label": "n"}, {"label": "Q", "units": "au", "title": "aphelion distance", "value": "1.435765135427522", "sigma": "2.1121E-7", "name": "ad"}], "epoch": "2461200.5"}