{"spkid": "54359260", "covariance": {"labels": ["e", "q", "tp", "node", "peri", "i"], "data": [["5.74497026759118E-15", "-6.208284346017168E-15", "-2.045682561570571E-12", "1.201473397238322E-12", "-2.0119160995776E-12", "1.02749758308209E-13"], ["-6.208284346017168E-15", "6.712773271860981E-15", "2.171638364838251E-12", "-1.285804192128248E-12", "2.144303040787846E-12", "-1.112185795788285E-13"], ["-2.045682561570571E-12", "2.171638364838251E-12", "1.965525731268917E-9", "-1.048885023927522E-9", "1.926656852400302E-9", "-3.752612010079427E-11"], ["1.201473397238322E-12", "-1.285804192128248E-12", "-1.048885023927522E-9", "4.099825591255462E-9", "-4.556020263431967E-9", "7.761036998183627E-11"], ["-2.0119160995776E-12", "2.144303040787846E-12", "1.926656852400302E-9", "-4.556020263431967E-9", "5.415061379495628E-9", "-9.256700781591438E-11"], ["1.02749758308209E-13", "-1.112185795788285E-13", "-3.752612010079427E-11", "7.761036998183627E-11", "-9.256700781591438E-11", "1.74830179221013E-11"]], "elements": [{"sigma": 7.57955821113024e-08, "name": "e", "units": null, "title": "eccentricity", "value": ".3554213535607731", "label": "e"}, {"label": "q", "title": "perihelion distance", "value": ".6943666361243926", "units": "au", "name": "q", "sigma": 8.19315157424845e-08}, {"label": "tp", "sigma": 4.43342500925517e-05, "name": "tp", "title": "time of perihelion passage", "value": "2458554.454048966492", "units": "TDB"}, {"label": "node", "name": "om", "sigma": 6.40298804563577e-05, "units": "deg", "title": "longitude of the ascending node", "value": "19.15247765465969"}, {"name": "w", "sigma": 7.35871006324861e-05, "units": "deg", "title": "argument of perihelion", "value": "343.8000548522742", "label": "peri"}, {"units": "deg", "value": "2.936670476739146", "title": "inclination", "sigma": 4.18126989347749e-06, "name": "i", "label": "i"}], "epoch": "2458617.5"}, "elements": [{"label": "e", "units": null, "value": ".355281783188903", "title": "eccentricity", "name": "e", "sigma": "7.6806E-8"}, {"title": "semi-major axis", "value": "1.076904101900571", "units": "au", "sigma": "5.0653E-9", "name": "a", "label": "a"}, {"label": "q", "sigma": "8.1554E-8", "name": "q", "value": ".694299692253892", "title": "perihelion distance", "units": "au"}, {"name": "i", "sigma": "4.1825E-6", "units": "deg", "value": "2.935431065002986", "title": "inclination; angle with respect to x-y ecliptic plane", "label": "i"}, {"label": "node", "name": "om", "sigma": "6.4032E-5", "value": "19.08989481950731", "title": "longitude of the ascending node", "units": "deg"}, {"units": "deg", "title": "argument of perihelion", "value": "343.8270715841178", "sigma": "7.3673E-5", "name": "w", "label": "peri"}, {"label": "M", "value": "172.9742729886292", "title": "mean anomaly", "units": "deg", "name": "ma", "sigma": "3.2476E-5"}, {"label": "tp", "name": "tp", "sigma": "3.7886E-5", "units": "TDB", "value": "2461004.370470355959", "title": "time of perihelion passage"}, {"label": "period", "name": "per", "sigma": "2.8799E-6", "value": "408.1915157203527", "title": "sidereal orbital period", "units": "d"}, {"value": ".8819389579048279", "title": "mean motion", "units": "deg/d", "sigma": "6.2223E-9", "name": "n", "label": "n"}, {"name": "ad", "sigma": "6.8648E-9", "units": "au", "value": "1.45950851154725", "title": "aphelion distance", "label": "Q"}], "epoch": "2461200.5"}