{"spkid": "54356032", "covariance": {"data": [["5.66739684306647E-12", "-5.641820335620485E-12", "4.391198585462182E-10", "2.138817484154544E-11", "-2.645421258756895E-10", "1.723043608667153E-10"], ["-5.641820335620485E-12", "5.61650084531674E-12", "-4.368951894410167E-10", "-2.122650532230456E-11", "2.635362240458875E-10", "-1.722667475150369E-10"], ["4.391198585462182E-10", "-4.368951894410167E-10", "3.496289436444341E-8", "1.921012321836508E-9", "-1.982387898171106E-8", "1.066778808704328E-8"], ["2.138817484154544E-11", "-2.122650532230456E-11", "1.921012321836508E-9", "1.706123650819829E-10", "-8.229896197115017E-10", "1.218755337296156E-10"], ["-2.645421258756895E-10", "2.635362240458875E-10", "-1.982387898171106E-8", "-8.229896197115017E-10", "1.284597898110548E-8", "-1.01658985210284E-8"], ["1.723043608667153E-10", "-1.722667475150369E-10", "1.066778808704328E-8", "1.218755337296156E-10", "-1.01658985210284E-8", "1.859366607062767E-8"]], "elements": [{"units": null, "title": "eccentricity", "value": ".4296699489573555", "name": "e", "sigma": 2.38062950562797e-06, "label": "e"}, {"units": "au", "value": ".5677498181296025", "title": "perihelion distance", "sigma": 2.3699157886551e-06, "name": "q", "label": "q"}, {"units": "TDB", "value": "2459986.622783200222", "title": "time of perihelion passage", "sigma": 0.000186983674058575, "name": "tp", "label": "tp"}, {"name": "om", "sigma": 1.30618668298977e-05, "value": "210.8307688702784", "title": "longitude of the ascending node", "units": "deg", "label": "node"}, {"name": "w", "sigma": 0.000113340103145822, "units": "deg", "title": "argument of perihelion", "value": "241.112277469646", "label": "peri"}, {"value": "31.88656399135603", "title": "inclination", "units": "deg", "name": "i", "sigma": 0.000136358593680881, "label": "i"}], "labels": ["e", "q", "tp", "node", "peri", "i"], "epoch": "2460042.5"}, "elements": [{"label": "e", "sigma": "2.3798E-6", "name": "e", "units": null, "value": ".4292805744354821", "title": "eccentricity"}, {"label": "a", "units": "au", "value": ".9949528291970829", "title": "semi-major axis", "name": "a", "sigma": "1.9297E-8"}, {"title": "perihelion distance", "value": ".567838907143151", "units": "au", "name": "q", "sigma": "2.3681E-6", "label": "q"}, {"label": "i", "sigma": ".00013621", "name": "i", "units": "deg", "value": "31.91274103395044", "title": "inclination; angle with respect to x-y ecliptic plane"}, {"units": "deg", "title": "longitude of the ascending node", "value": "210.8118143930447", "sigma": "1.3081E-5", "name": "om", "label": "node"}, {"units": "deg", "title": "argument of perihelion", "value": "241.0911725326119", "name": "w", "sigma": ".00011263", "label": "peri"}, {"label": "M", "units": "deg", "title": "mean anomaly", "value": "124.9941676738563", "sigma": ".0001934", "name": "ma"}, {"label": "tp", "name": "tp", "sigma": ".00019371", "title": "time of perihelion passage", "value": "2461074.639511798863", "units": "TDB"}, {"name": "per", "sigma": "1.0546E-5", "units": "d", "title": "sidereal orbital period", "value": "362.4951195373748", "label": "period"}, {"units": "deg/d", "title": "mean motion", "value": ".9931168189503928", "sigma": "2.8893E-8", "name": "n", "label": "n"}, {"label": "Q", "title": "aphelion distance", "value": "1.422066751251015", "units": "au", "name": "ad", "sigma": "2.7581E-8"}], "epoch": "2461200.5"}