{"spkid": "54354331", "covariance": {"epoch": "2460115.5", "labels": ["e", "q", "tp", "node", "peri", "i"], "data": [["5.840858943018714E-12", "-4.650419580368488E-12", "-2.239776102299157E-10", "-1.179770406023868E-10", "4.064660091552561E-10", "-3.378898687006208E-11"], ["-4.650419580368488E-12", "3.702619752348354E-12", "1.783426655936002E-10", "9.389296575401977E-11", "-3.23572018810196E-10", "2.689869328364687E-11"], ["-2.239776102299157E-10", "1.783426655936002E-10", "8.693990954086058E-9", "4.308521562542291E-9", "-1.527155339270751E-8", "1.287933128884808E-9"], ["-1.179770406023868E-10", "9.389296575401977E-11", "4.308521562542291E-9", "4.292360237163329E-9", "-1.032049249228737E-8", "1.3682395159484E-9"], ["4.064660091552561E-10", "-3.23572018810196E-10", "-1.527155339270751E-8", "-1.032049249228737E-8", "3.069197267456075E-8", "-3.043607778893945E-9"], ["-3.378898687006208E-11", "2.689869328364687E-11", "1.287933128884808E-9", "1.3682395159484E-9", "-3.043607778893945E-9", "5.215236303289778E-10"]], "elements": [{"title": "eccentricity", "value": ".1935287269414371", "units": null, "name": "e", "sigma": 2.41678690475985e-06, "label": "e"}, {"label": "q", "sigma": 1.92421925786755e-06, "name": "q", "units": "au", "value": ".8553456333478533", "title": "perihelion distance"}, {"label": "tp", "value": "2460121.955363590042", "title": "time of perihelion passage", "units": "TDB", "name": "tp", "sigma": 9.32415730995893e-05}, {"label": "node", "name": "om", "sigma": 6.55161067002865e-05, "units": "deg", "title": "longitude of the ascending node", "value": "199.4120898394823"}, {"label": "peri", "sigma": 0.000175191245998654, "name": "w", "title": "argument of perihelion", "value": "92.24901911322796", "units": "deg"}, {"name": "i", "sigma": 2.2836891871027e-05, "value": "2.587721266258405", "title": "inclination", "units": "deg", "label": "i"}]}, "elements": [{"sigma": "2.4201E-6", "name": "e", "units": null, "title": "eccentricity", "value": ".1933465123702786", "label": "e"}, {"units": "au", "title": "semi-major axis", "value": "1.059294041425336", "name": "a", "sigma": "7.8746E-7", "label": "a"}, {"value": ".85448323294113", "title": "perihelion distance", "units": "au", "sigma": "1.9284E-6", "name": "q", "label": "q"}, {"label": "i", "units": "deg", "title": "inclination; angle with respect to x-y ecliptic plane", "value": "2.593115285632224", "sigma": "2.3031E-5", "name": "i"}, {"label": "node", "units": "deg", "value": "199.3107809028221", "title": "longitude of the ascending node", "sigma": "6.3247E-5", "name": "om"}, {"label": "peri", "name": "w", "sigma": ".00017868", "units": "deg", "title": "argument of perihelion", "value": "91.91189771007322"}, {"label": "M", "name": "ma", "sigma": ".0010141", "value": "254.7327440199722", "title": "mean anomaly", "units": "deg"}, {"value": "2461316.943170650005", "title": "time of perihelion passage", "units": "TDB", "name": "tp", "sigma": ".0012516", "label": "tp"}, {"title": "sidereal orbital period", "value": "398.2201401920775", "units": "d", "sigma": ".00044405", "name": "per", "label": "period"}, {"label": "n", "name": "n", "sigma": "1.0081E-6", "units": "deg/d", "title": "mean motion", "value": ".9040225836552557"}, {"label": "Q", "units": "au", "title": "aphelion distance", "value": "1.264104849909542", "sigma": "9.3972E-7", "name": "ad"}], "epoch": "2461200.5"}