{"spkid": "54356839", "covariance": {"epoch": "2459637.5", "labels": ["e", "q", "tp", "node", "peri", "i"], "elements": [{"title": "eccentricity", "value": ".5182444961921765", "units": null, "name": "e", "sigma": 3.43852567283443e-08, "label": "e"}, {"sigma": 6.52687201397594e-08, "name": "q", "value": ".978470056999342", "title": "perihelion distance", "units": "au", "label": "q"}, {"label": "tp", "name": "tp", "sigma": 1.48713445927295e-05, "value": "2460163.656514683075", "title": "time of perihelion passage", "units": "TDB"}, {"label": "node", "title": "longitude of the ascending node", "value": "150.5991407434864", "units": "deg", "sigma": 1.86405645208324e-05, "name": "om"}, {"label": "peri", "sigma": 2.06495007380379e-05, "name": "w", "units": "deg", "title": "argument of perihelion", "value": "170.584872701311"}, {"label": "i", "value": "22.29317064610707", "title": "inclination", "units": "deg", "name": "i", "sigma": 7.63984028658143e-06}], "data": [["1.182345880274145E-15", "-2.16591113693479E-15", "-8.771228033850806E-14", "-9.724736447636007E-14", "1.125600590584504E-13", "-6.800788305136916E-14"], ["-2.16591113693479E-15", "4.260005828682241E-15", "-1.309001901604061E-14", "1.491434331833313E-13", "-3.721858151282724E-13", "5.667437727700603E-14"], ["-8.771228033850806E-14", "-1.309001901604061E-14", "2.211568899957052E-10", "6.263131265946848E-11", "1.42298054010626E-10", "6.847323658521515E-11"], ["-9.724736447636007E-14", "1.491434331833313E-13", "6.263131265946848E-11", "3.474706456553153E-10", "-2.784057675618839E-10", "4.701603346166787E-11"], ["1.125600590584504E-13", "-3.721858151282724E-13", "1.42298054010626E-10", "-2.784057675618839E-10", "4.264018807302268E-10", "1.587256942752307E-11"], ["-6.800788305136916E-14", "5.667437727700603E-14", "6.847323658521515E-11", "4.701603346166787E-11", "1.587256942752307E-11", "5.836715960447261E-11"]]}, "elements": [{"value": ".5183033668172915", "title": "eccentricity", "units": null, "name": "e", "sigma": "3.444E-8", "label": "e"}, {"title": "semi-major axis", "value": "2.029797878371885", "units": "au", "name": "a", "sigma": "3.7897E-8", "label": "a"}, {"label": "q", "name": "q", "sigma": "6.507E-8", "value": ".9777468040531421", "title": "perihelion distance", "units": "au"}, {"label": "i", "name": "i", "sigma": "7.6343E-6", "units": "deg", "title": "inclination; angle with respect to x-y ecliptic plane", "value": "22.29948965390735"}, {"sigma": "1.8647E-5", "name": "om", "units": "deg", "title": "longitude of the ascending node", "value": "150.5644563345681", "label": "node"}, {"title": "argument of perihelion", "value": "170.571639956548", "units": "deg", "name": "w", "sigma": "2.0646E-5", "label": "peri"}, {"name": "ma", "sigma": "7.3593E-6", "value": "353.4506745202055", "title": "mean anomaly", "units": "deg", "label": "M"}, {"sigma": "2.2064E-5", "name": "tp", "units": "TDB", "title": "time of perihelion passage", "value": "2461219.716385008018", "label": "tp"}, {"label": "period", "value": "1056.276501179998", "title": "sidereal orbital period", "units": "d", "sigma": "2.9581E-5", "name": "per"}, {"label": "n", "sigma": "9.5447E-9", "name": "n", "value": ".3408198512395506", "title": "mean motion", "units": "deg/d"}, {"label": "Q", "sigma": "5.7539E-8", "name": "ad", "units": "au", "title": "aphelion distance", "value": "3.081848952690629"}], "epoch": "2461200.5"}