{"spkid": "54375585", "covariance": {"epoch": "2460241.5", "elements": [{"label": "e", "name": "e", "sigma": 8.06312920126184e-07, "value": ".1245207005534476", "title": "eccentricity", "units": null}, {"sigma": 6.25058574711727e-07, "name": "q", "units": "au", "value": ".9040180785756377", "title": "perihelion distance", "label": "q"}, {"label": "tp", "name": "tp", "sigma": 9.04352893138743e-05, "title": "time of perihelion passage", "value": "2460228.373918145131", "units": "TDB"}, {"name": "om", "sigma": 2.98047592921943e-06, "units": "deg", "value": "117.2600819010267", "title": "longitude of the ascending node", "label": "node"}, {"sigma": 2.1745150701535e-05, "name": "w", "title": "argument of perihelion", "value": "270.86780384785", "units": "deg", "label": "peri"}, {"units": "deg", "value": "20.23582387757901", "title": "inclination", "sigma": 6.17826955484122e-05, "name": "i", "label": "i"}], "data": [["6.501405251624141E-13", "-5.039782778892919E-13", "-7.246685638965399E-11", "-9.966174205918032E-13", "-1.643968604838187E-11", "3.934772046191932E-11"], ["-5.039782778892919E-13", "3.906982218206551E-13", "5.614585152641817E-11", "7.720812076034311E-13", "1.271993555017969E-11", "-3.05796360474333E-11"], ["-7.246685638965399E-11", "5.614585152641817E-11", "8.178541553284146E-9", "1.183112781505489E-10", "1.902986107852995E-9", "-4.168258438825201E-9"], ["-9.966174205918032E-13", "7.720812076034311E-13", "1.183112781505489E-10", "8.883236764656434E-12", "2.348758774872502E-11", "-1.066798476812954E-10"], ["-1.643968604838187E-11", "1.271993555017969E-11", "1.902986107852995E-9", "2.348758774872502E-11", "4.728515790324661E-10", "-7.903980172251239E-10"], ["3.934772046191932E-11", "-3.05796360474333E-11", "-4.168258438825201E-9", "-1.066798476812954E-10", "-7.903980172251239E-10", "3.817101469227788E-9"]], "labels": ["e", "q", "tp", "node", "peri", "i"]}, "elements": [{"label": "e", "name": "e", "sigma": "8.0838E-7", "value": ".1241622725458395", "title": "eccentricity", "units": null}, {"label": "a", "units": "au", "value": "1.032212361314163", "title": "semi-major axis", "name": "a", "sigma": "2.3701E-7"}, {"value": ".9040505287834893", "title": "perihelion distance", "units": "au", "sigma": "6.2692E-7", "name": "q", "label": "q"}, {"sigma": "6.1782E-5", "name": "i", "value": "20.24159591744279", "title": "inclination; angle with respect to x-y ecliptic plane", "units": "deg", "label": "i"}, {"name": "om", "sigma": "2.8097E-6", "units": "deg", "title": "longitude of the ascending node", "value": "117.2263784714978", "label": "node"}, {"label": "peri", "name": "w", "sigma": "1.8839E-5", "units": "deg", "title": "argument of perihelion", "value": "270.61185833"}, {"units": "deg", "title": "mean anomaly", "value": "193.8157391543099", "name": "ma", "sigma": ".00023535", "label": "M"}, {"label": "tp", "units": "TDB", "value": "2461377.323262536356", "title": "time of perihelion passage", "name": "tp", "sigma": ".00031129"}, {"label": "period", "sigma": ".00013193", "name": "per", "value": "383.0469515533493", "title": "sidereal orbital period", "units": "d"}, {"sigma": "3.2369E-7", "name": "n", "title": "mean motion", "value": ".9398325676267928", "units": "deg/d", "label": "n"}, {"sigma": "2.6643E-7", "name": "ad", "title": "aphelion distance", "value": "1.160374193844837", "units": "au", "label": "Q"}], "epoch": "2461200.5"}