{"spkid": "54378882", "covariance": {"data": [["1.541635565573312E-13", "-1.685517555701231E-13", "-1.031543044204171E-12", "4.419005303963931E-12", "-5.933806671249808E-12", "6.336793564517395E-13"], ["-1.685517555701231E-13", "1.844642166865973E-13", "1.449403537462293E-12", "-4.319281107437809E-12", "6.145347101039175E-12", "-5.939181380472298E-13"], ["-1.031543044204171E-12", "1.449403537462293E-12", "1.828080624823081E-9", "3.166700136036976E-9", "-2.009971106220846E-9", "2.830848099840699E-10"], ["4.419005303963931E-12", "-4.319281107437809E-12", "3.166700136036976E-9", "6.676581256700412E-9", "-4.707800770932638E-9", "6.017647580900608E-10"], ["-5.933806671249808E-12", "6.145347101039175E-12", "-2.009971106220846E-9", "-4.707800770932638E-9", "3.491864857469314E-9", "-4.409467771972383E-10"], ["6.336793564517395E-13", "-5.939181380472298E-13", "2.830848099840699E-10", "6.017647580900608E-10", "-4.409467771972383E-10", "1.074880588308318E-10"]], "elements": [{"sigma": 3.92636672456014e-07, "name": "e", "units": null, "title": "eccentricity", "value": ".3450242479355896", "label": "e"}, {"label": "q", "units": "au", "value": ".6038330923098675", "title": "perihelion distance", "sigma": 4.29492976294837e-07, "name": "q"}, {"label": "tp", "sigma": 4.27560595100049e-05, "name": "tp", "title": "time of perihelion passage", "value": "2460420.951180302443", "units": "TDB"}, {"units": "deg", "title": "longitude of the ascending node", "value": "315.2357386439131", "name": "om", "sigma": 8.17103497526501e-05, "label": "node"}, {"label": "peri", "value": "248.9415378735487", "title": "argument of perihelion", "units": "deg", "name": "w", "sigma": 5.90920033292942e-05}, {"sigma": 1.03676448063594e-05, "name": "i", "units": "deg", "title": "inclination", "value": "8.87997431243366", "label": "i"}], "labels": ["e", "q", "tp", "node", "peri", "i"], "epoch": "2460441.5"}, "elements": [{"sigma": "3.9274E-7", "name": "e", "units": null, "title": "eccentricity", "value": ".3449208510186456", "label": "e"}, {"label": "a", "units": "au", "value": ".9219017545012789", "title": "semi-major axis", "sigma": "1.0449E-7", "name": "a"}, {"label": "q", "sigma": "4.2942E-7", "name": "q", "value": ".6039186167831152", "title": "perihelion distance", "units": "au"}, {"sigma": "1.0363E-5", "name": "i", "units": "deg", "title": "inclination; angle with respect to x-y ecliptic plane", "value": "8.881389022846536", "label": "i"}, {"label": "node", "title": "longitude of the ascending node", "value": "315.2075822527776", "units": "deg", "sigma": "8.1739E-5", "name": "om"}, {"name": "w", "sigma": "5.9061E-5", "units": "deg", "value": "248.9422801650444", "title": "argument of perihelion", "label": "peri"}, {"label": "M", "value": "148.0054910805324", "title": "mean anomaly", "units": "deg", "name": "ma", "sigma": ".00016264"}, {"label": "tp", "units": "TDB", "value": "2461067.576821843059", "title": "time of perihelion passage", "sigma": ".00012461", "name": "tp"}, {"label": "period", "name": "per", "sigma": "5.4965E-5", "value": "323.3146539844352", "title": "sidereal orbital period", "units": "d"}, {"name": "n", "sigma": "1.8929E-7", "units": "deg/d", "title": "mean motion", "value": "1.113466388125207", "label": "n"}, {"value": "1.239884892219443", "title": "aphelion distance", "units": "au", "name": "ad", "sigma": "1.4052E-7", "label": "Q"}], "epoch": "2461200.5"}