{"spkid": "54374410", "covariance": {"epoch": "2460532.5", "data": [["2.060528569247104E-13", "-1.592261615733645E-13", "3.287193730784692E-11", "8.488509898191005E-13", "3.344257995227792E-12", "-2.886026447520585E-12"], ["-1.592261615733645E-13", "1.230997384696187E-13", "-2.536543397071495E-11", "-6.575155603107153E-13", "-2.596377947198723E-12", "2.224877025139283E-12"], ["3.287193730784692E-11", "-2.536543397071495E-11", "5.275963921723213E-9", "1.46597542407254E-10", "5.184498503496801E-10", "-4.463125517465785E-10"], ["8.488509898191005E-13", "-6.575155603107153E-13", "1.46597542407254E-10", "2.333145118693369E-11", "-1.567864190485795E-12", "2.34632227679643E-12"], ["3.344257995227792E-12", "-2.596377947198723E-12", "5.184498503496801E-10", "-1.567864190485795E-12", "7.194332017061735E-11", "-5.450561553467802E-11"], ["-2.886026447520585E-12", "2.224877025139283E-12", "-4.463125517465785E-10", "2.34632227679643E-12", "-5.450561553467802E-11", "2.112896993724488E-10"]], "elements": [{"sigma": 4.53930453841456e-07, "name": "e", "units": null, "title": "eccentricity", "value": ".2543405637488698", "label": "e"}, {"label": "q", "value": ".7959749701500126", "title": "perihelion distance", "units": "au", "sigma": 3.50855723153576e-07, "name": "q"}, {"units": "TDB", "title": "time of perihelion passage", "value": "2460600.967884941312", "sigma": 7.26358308393537e-05, "name": "tp", "label": "tp"}, {"title": "longitude of the ascending node", "value": "98.17369972349641", "units": "deg", "sigma": 4.83026409080639e-06, "name": "om", "label": "node"}, {"label": "peri", "name": "w", "sigma": 8.48194082569652e-06, "title": "argument of perihelion", "value": "273.2032451219568", "units": "deg"}, {"label": "i", "units": "deg", "title": "inclination", "value": "15.32885524542145", "sigma": 1.45358074895222e-05, "name": "i"}], "labels": ["e", "q", "tp", "node", "peri", "i"]}, "elements": [{"label": "e", "units": null, "title": "eccentricity", "value": ".2543455106474957", "sigma": "4.5378E-7", "name": "e"}, {"label": "a", "title": "semi-major axis", "value": "1.067296303295754", "units": "au", "name": "a", "sigma": "1.7855E-7"}, {"sigma": "3.5147E-7", "name": "q", "value": ".795834280021811", "title": "perihelion distance", "units": "au", "label": "q"}, {"label": "i", "units": "deg", "title": "inclination; angle with respect to x-y ecliptic plane", "value": "15.32924526292187", "sigma": "1.4534E-5", "name": "i"}, {"units": "deg", "value": "98.16116157338834", "title": "longitude of the ascending node", "name": "om", "sigma": "4.8391E-6", "label": "node"}, {"title": "argument of perihelion", "value": "273.1525745968087", "units": "deg", "name": "w", "sigma": "8.4326E-6", "label": "peri"}, {"name": "ma", "sigma": ".00019957", "value": "175.9623268755009", "title": "mean anomaly", "units": "deg", "label": "M"}, {"sigma": ".00017387", "name": "tp", "units": "TDB", "title": "time of perihelion passage", "value": "2461003.646504803253", "label": "tp"}, {"units": "d", "value": "402.741084010384", "title": "sidereal orbital period", "sigma": ".00010106", "name": "per", "label": "period"}, {"name": "n", "sigma": "2.2431E-7", "units": "deg/d", "title": "mean motion", "value": ".8938745369983608", "label": "n"}, {"units": "au", "title": "aphelion distance", "value": "1.338758326569697", "name": "ad", "sigma": "2.2397E-7", "label": "Q"}], "epoch": "2461200.5"}