{"spkid": "54382914", "covariance": {"epoch": "2460316.5", "labels": ["e", "q", "tp", "node", "peri", "i"], "elements": [{"label": "e", "units": null, "title": "eccentricity", "value": ".4731077650807902", "sigma": 2.21675461144719e-07, "name": "e"}, {"label": "q", "sigma": 2.32291007878946e-07, "name": "q", "units": "au", "title": "perihelion distance", "value": ".5551744054974783"}, {"label": "tp", "units": "TDB", "value": "2460128.146433213137", "title": "time of perihelion passage", "sigma": 2.00015428443508e-05, "name": "tp"}, {"label": "node", "sigma": 4.90297398653094e-06, "name": "om", "units": "deg", "value": "173.8342575504786", "title": "longitude of the ascending node"}, {"units": "deg", "value": "58.98438826715768", "title": "argument of perihelion", "sigma": 1.7371370113407e-05, "name": "w", "label": "peri"}, {"label": "i", "sigma": 1.50578376852868e-05, "name": "i", "value": "28.00386098744247", "title": "inclination", "units": "deg"}], "data": [["4.914001007372387E-14", "-5.13736142221585E-14", "2.485392685543264E-12", "3.04376479946684E-13", "-3.310177116073663E-12", "5.96571312662505E-13"], ["-5.13736142221585E-14", "5.395911234141675E-14", "-2.811677257887597E-12", "-2.966133379879172E-13", "3.374716662303893E-12", "-6.554427788942903E-13"], ["2.485392685543264E-12", "-2.811677257887597E-12", "4.000617161544023E-10", "-1.514396014835062E-11", "-3.766309141024832E-11", "5.668250618320558E-11"], ["3.04376479946684E-13", "-2.966133379879172E-13", "-1.514396014835062E-11", "2.403915391259907E-11", "-4.913801530402543E-11", "8.979929479413947E-12"], ["-3.310177116073663E-12", "3.374716662303893E-12", "-3.766309141024832E-11", "-4.913801530402543E-11", "3.017644996169711E-10", "-3.386917373299115E-11"], ["5.96571312662505E-13", "-6.554427788942903E-13", "5.668250618320558E-11", "8.979929479413947E-12", "-3.386917373299115E-11", "2.267384757564422E-10"]]}, "elements": [{"label": "e", "name": "e", "sigma": "2.2164E-7", "title": "eccentricity", "value": ".4730605821051662", "units": null}, {"label": "a", "name": "a", "sigma": "3.017E-8", "value": "1.053651625821875", "title": "semi-major axis", "units": "au"}, {"label": "q", "value": ".5552105743745243", "title": "perihelion distance", "units": "au", "name": "q", "sigma": "2.3228E-7"}, {"value": "28.00140466398221", "title": "inclination; angle with respect to x-y ecliptic plane", "units": "deg", "name": "i", "sigma": "1.5057E-5", "label": "i"}, {"label": "node", "name": "om", "sigma": "4.9022E-6", "units": "deg", "title": "longitude of the ascending node", "value": "173.8135570281434"}, {"label": "peri", "title": "argument of perihelion", "value": "59.01169843383157", "units": "deg", "sigma": "1.7371E-5", "name": "w"}, {"sigma": "3.4189E-5", "name": "ma", "units": "deg", "value": "257.2217361992099", "title": "mean anomaly", "label": "M"}, {"sigma": "4.1953E-5", "name": "tp", "title": "time of perihelion passage", "value": "2461313.282772256491", "units": "TDB", "label": "tp"}, {"value": "395.0426530947537", "title": "sidereal orbital period", "units": "d", "name": "per", "sigma": "1.6967E-5", "label": "period"}, {"label": "n", "name": "n", "sigma": "3.9141E-8", "units": "deg/d", "title": "mean motion", "value": ".9112940012420673"}, {"label": "Q", "units": "au", "title": "aphelion distance", "value": "1.552092677269226", "name": "ad", "sigma": "4.4442E-8"}], "epoch": "2461200.5"}