{"spkid": "54418267", "covariance": {"epoch": "2460416.5", "data": [["3.020264575029106E-15", "-2.40828712593726E-15", "1.12490628159229E-12", "-9.114924203561762E-15", "1.45374313046826E-12", "2.813650277040266E-13"], ["-2.40828712593726E-15", "1.923507016753074E-15", "-8.928288214208345E-13", "1.093114598616573E-14", "-1.158290450892873E-12", "-2.224157830675726E-13"], ["1.12490628159229E-12", "-8.928288214208345E-13", "4.686375040601299E-10", "1.698462791711028E-11", "5.732531594017071E-10", "1.114158649154009E-10"], ["-9.114924203561762E-15", "1.093114598616573E-14", "1.698462791711028E-11", "5.026819707222641E-11", "-3.150053699028674E-11", "-5.201787462445435E-12"], ["1.45374313046826E-12", "-1.158290450892873E-12", "5.732531594017071E-10", "-3.150053699028674E-11", "7.589537240289431E-10", "1.472070499432542E-10"], ["2.813650277040266E-13", "-2.224157830675726E-13", "1.114158649154009E-10", "-5.201787462445435E-12", "1.472070499432542E-10", "3.472706134739079E-11"]], "elements": [{"label": "e", "name": "e", "sigma": 5.49569338212123e-08, "units": null, "title": "eccentricity", "value": ".04914239289860497"}, {"label": "q", "units": "au", "value": ".9589294360183147", "title": "perihelion distance", "name": "q", "sigma": 4.38578045135991e-08}, {"units": "TDB", "value": "2460377.599884980115", "title": "time of perihelion passage", "name": "tp", "sigma": 2.16480369562723e-05, "label": "tp"}, {"label": "node", "units": "deg", "value": "290.9659219007619", "title": "longitude of the ascending node", "sigma": 7.09000684571083e-06, "name": "om"}, {"units": "deg", "title": "argument of perihelion", "value": "240.3334243943678", "name": "w", "sigma": 2.75491147594427e-05, "label": "peri"}, {"label": "i", "name": "i", "sigma": 5.89296710896903e-06, "value": "4.478896747453595", "title": "inclination", "units": "deg"}], "labels": ["e", "q", "tp", "node", "peri", "i"]}, "elements": [{"title": "eccentricity", "value": ".05167679498523309", "units": null, "name": "e", "sigma": "4.6311E-8", "label": "e"}, {"label": "a", "sigma": "8.707E-9", "name": "a", "title": "semi-major axis", "value": "1.009558012650587", "units": "au"}, {"label": "q", "sigma": "3.8661E-8", "name": "q", "units": "au", "title": "perihelion distance", "value": ".9573872902051432"}, {"units": "deg", "title": "inclination; angle with respect to x-y ecliptic plane", "value": "4.489195535079586", "sigma": "5.8593E-6", "name": "i", "label": "i"}, {"label": "node", "title": "longitude of the ascending node", "value": "289.4138351945586", "units": "deg", "sigma": "9.1613E-6", "name": "om"}, {"label": "peri", "units": "deg", "value": "236.6703462787789", "title": "argument of perihelion", "name": "w", "sigma": "3.9801E-5"}, {"units": "deg", "title": "mean anomaly", "value": "85.85212274666519", "sigma": "5.2224E-5", "name": "ma", "label": "M"}, {"name": "tp", "sigma": "5.2627E-5", "units": "TDB", "value": "2461112.142405474479", "title": "time of perihelion passage", "label": "tp"}, {"units": "d", "title": "sidereal orbital period", "value": "370.5060866467994", "sigma": "4.7932E-6", "name": "per", "label": "period"}, {"label": "n", "units": "deg/d", "value": ".9716439566705019", "title": "mean motion", "name": "n", "sigma": "1.257E-8"}, {"units": "au", "title": "aphelion distance", "value": "1.061728735096031", "name": "ad", "sigma": "9.1569E-9", "label": "Q"}], "epoch": "2461200.5"}