{"spkid": "54418647", "covariance": {"epoch": "2459685.5", "labels": ["e", "q", "tp", "node", "peri", "i"], "data": [["1.328126646761129E-15", "-3.746653701475627E-15", "9.063324726447017E-14", "3.166755582196759E-14", "1.364534583069774E-13", "-2.330710510401079E-14"], ["-3.746653701475627E-15", "1.077708302050186E-14", "-2.704595976738307E-13", "-3.276355906639096E-14", "-4.998397121784001E-13", "7.970897675364338E-14"], ["9.063324726447017E-14", "-2.704595976738307E-13", "4.810675920747223E-10", "-2.229808037880753E-10", "4.368720252268887E-10", "-7.515971448025032E-12"], ["3.166755582196759E-14", "-3.276355906639096E-14", "-2.229808037880753E-10", "1.722757936314728E-9", "-1.765411998114732E-9", "1.037074093241079E-10"], ["1.364534583069774E-13", "-4.998397121784001E-13", "4.368720252268887E-10", "-1.765411998114732E-9", "1.961896515746731E-9", "-1.094049504089413E-10"], ["-2.330710510401079E-14", "7.970897675364338E-14", "-7.515971448025032E-12", "1.037074093241079E-10", "-1.094049504089413E-10", "4.247177756985629E-11"]], "elements": [{"sigma": 3.64434719361524e-08, "name": "e", "value": ".6270691198914853", "title": "eccentricity", "units": null, "label": "e"}, {"label": "q", "sigma": 1.03812730531963e-07, "name": "q", "units": "au", "title": "perihelion distance", "value": ".9671567296281213"}, {"label": "tp", "name": "tp", "sigma": 2.19332531119924e-05, "value": "2460316.819173461315", "title": "time of perihelion passage", "units": "TDB"}, {"sigma": 4.15061192634861e-05, "name": "om", "units": "deg", "value": "92.94109897762287", "title": "longitude of the ascending node", "label": "node"}, {"label": "peri", "name": "w", "sigma": 4.42933010256261e-05, "title": "argument of perihelion", "value": "350.7091776514577", "units": "deg"}, {"title": "inclination", "value": "13.58952959759247", "units": "deg", "sigma": 6.51703748415308e-06, "name": "i", "label": "i"}]}, "elements": [{"label": "e", "units": null, "value": ".6271310464341926", "title": "eccentricity", "name": "e", "sigma": "3.6509E-8"}, {"label": "a", "units": "au", "title": "semi-major axis", "value": "2.595985822161953", "sigma": "4.4396E-8", "name": "a"}, {"label": "q", "name": "q", "sigma": "1.04E-7", "title": "perihelion distance", "value": ".9679625169811998", "units": "au"}, {"units": "deg", "title": "inclination; angle with respect to x-y ecliptic plane", "value": "13.58967080278855", "sigma": "6.5202E-6", "name": "i", "label": "i"}, {"label": "node", "units": "deg", "title": "longitude of the ascending node", "value": "92.92955079365179", "sigma": "4.1485E-5", "name": "om"}, {"label": "peri", "units": "deg", "value": "350.7433081379247", "title": "argument of perihelion", "name": "w", "sigma": "4.4266E-5"}, {"title": "mean anomaly", "value": "208.2498884678926", "units": "deg", "name": "ma", "sigma": "7.0295E-6", "label": "M"}, {"label": "tp", "name": "tp", "sigma": "4.2817E-5", "value": "2461844.488955826888", "title": "time of perihelion passage", "units": "TDB"}, {"units": "d", "value": "1527.748624083401", "title": "sidereal orbital period", "sigma": "3.9191E-5", "name": "per", "label": "period"}, {"sigma": "6.0448E-9", "name": "n", "title": "mean motion", "value": ".2356408602337889", "units": "deg/d", "label": "n"}, {"title": "aphelion distance", "value": "4.224009127342707", "units": "au", "sigma": "7.2238E-8", "name": "ad", "label": "Q"}], "epoch": "2461200.5"}