{"spkid": "54421381", "covariance": {"labels": ["e", "q", "tp", "node", "peri", "i"], "elements": [{"label": "e", "units": null, "value": ".1445141056073239", "title": "eccentricity", "name": "e", "sigma": 2.14108019130681e-07}, {"name": "q", "sigma": 1.82271681843203e-07, "units": "au", "value": ".8753721994436909", "title": "perihelion distance", "label": "q"}, {"label": "tp", "units": "TDB", "title": "time of perihelion passage", "value": "2460229.358685555313", "name": "tp", "sigma": 2.39838370697986e-05}, {"label": "node", "value": "19.33598605837187", "title": "longitude of the ascending node", "units": "deg", "sigma": 6.8458909429827e-05, "name": "om"}, {"label": "peri", "sigma": 7.76646859779485e-05, "name": "w", "title": "argument of perihelion", "value": "350.4620476130804", "units": "deg"}, {"name": "i", "sigma": 5.72755545558326e-06, "units": "deg", "value": "2.901231277099257", "title": "inclination", "label": "i"}], "data": [["4.584224385606406E-14", "-3.898471171949096E-14", "-3.56631584889137E-12", "5.982651299096723E-13", "-6.488589822940136E-12", "1.134212248890859E-12"], ["-3.898471171949096E-14", "3.322296600194985E-14", "2.937943919128586E-12", "-4.550811096694249E-13", "5.390517050875225E-12", "-9.555224197229774E-13"], ["-3.56631584889137E-12", "2.937943919128586E-12", "5.752244405906462E-10", "-2.117310059633123E-10", "9.097664632790908E-10", "-1.072597127679795E-10"], ["5.982651299096723E-13", "-4.550811096694249E-13", "-2.117310059633123E-10", "4.686622280321257E-9", "-4.881929141667254E-9", "3.955689607172516E-11"], ["-6.488589822940136E-12", "5.390517050875225E-12", "9.097664632790908E-10", "-4.881929141667254E-9", "6.031803448053346E-9", "-1.997665041171432E-10"], ["1.134212248890859E-12", "-9.555224197229774E-13", "-1.072597127679795E-10", "3.955689607172516E-11", "-1.997665041171432E-10", "3.280489149678154E-11"]], "epoch": "2460371.5"}, "elements": [{"label": "e", "sigma": "2.1412E-7", "name": "e", "units": null, "title": "eccentricity", "value": ".1444969244286816"}, {"units": "au", "value": "1.023778891331585", "title": "semi-major axis", "name": "a", "sigma": "4.2444E-8", "label": "a"}, {"sigma": "1.8399E-7", "name": "q", "value": ".8758459902391655", "title": "perihelion distance", "units": "au", "label": "q"}, {"label": "i", "name": "i", "sigma": "5.7282E-6", "units": "deg", "value": "2.900524842806019", "title": "inclination; angle with respect to x-y ecliptic plane"}, {"label": "node", "value": "19.28684396714994", "title": "longitude of the ascending node", "units": "deg", "name": "om", "sigma": "6.8479E-5"}, {"label": "peri", "value": "350.5910262123763", "title": "argument of perihelion", "units": "deg", "sigma": "7.7924E-5", "name": "w"}, {"label": "M", "units": "deg", "title": "mean anomaly", "value": "204.278539212891", "name": "ma", "sigma": "4.2927E-5"}, {"label": "tp", "units": "TDB", "title": "time of perihelion passage", "value": "2461364.164184733504", "name": "tp", "sigma": "5.4822E-5"}, {"units": "d", "value": "378.3621487125095", "title": "sidereal orbital period", "sigma": "2.3529E-5", "name": "per", "label": "period"}, {"title": "mean motion", "value": ".9514693825082867", "units": "deg/d", "name": "n", "sigma": "5.9169E-8", "label": "n"}, {"title": "aphelion distance", "value": "1.171711792424005", "units": "au", "name": "ad", "sigma": "4.8577E-8", "label": "Q"}], "epoch": "2461200.5"}