{"spkid": "54424573", "covariance": {"epoch": "2460359.5", "elements": [{"name": "e", "sigma": 6.0539343114145e-06, "units": null, "title": "eccentricity", "value": ".4435556629781964", "label": "e"}, {"label": "q", "name": "q", "sigma": 6.04548034299359e-06, "value": ".5609881178252686", "title": "perihelion distance", "units": "au"}, {"name": "tp", "sigma": 0.000384940022869911, "title": "time of perihelion passage", "value": "2460418.302265531332", "units": "TDB", "label": "tp"}, {"title": "longitude of the ascending node", "value": "299.3924962728101", "units": "deg", "sigma": 0.00120483969347804, "name": "om", "label": "node"}, {"name": "w", "sigma": 0.00136778985262992, "units": "deg", "value": "319.4731787385602", "title": "argument of perihelion", "label": "peri"}, {"label": "i", "units": "deg", "value": ".9044382876723738", "title": "inclination", "name": "i", "sigma": 5.57669265589387e-05}], "data": [["3.665012064692178E-11", "-3.659858918640769E-11", "-2.324198667423924E-9", "-2.70770077314731E-9", "4.805078271515376E-9", "-1.037638424964552E-10"], ["-3.659858918640769E-11", "3.654783257752192E-11", "2.32132266967259E-9", "2.707574918584826E-9", "-4.801716243300284E-9", "1.038359978190795E-10"], ["-2.324198667423924E-9", "2.32132266967259E-9", "1.48178821207088E-7", "1.780614722388823E-7", "-3.103539701254231E-7", "6.959346057668801E-9"], ["-2.70770077314731E-9", "2.707574918584826E-9", "1.780614722388823E-7", "1.451638686980269E-6", "-1.600900543769443E-6", "6.670522999809587E-8"], ["4.805078271515376E-9", "-4.801716243300284E-9", "-3.103539701254231E-7", "-1.600900543769443E-6", "1.870849080957389E-6", "-7.230348661420475E-8"], ["-1.037638424964552E-10", "1.038359978190795E-10", "6.959346057668801E-9", "6.670522999809587E-8", "-7.230348661420475E-8", "3.109950097830063E-9"]], "labels": ["e", "q", "tp", "node", "peri", "i"]}, "elements": [{"label": "e", "value": ".443293712116671", "title": "eccentricity", "units": null, "name": "e", "sigma": "6.0646E-6"}, {"label": "a", "name": "a", "sigma": "1.1345E-7", "units": "au", "title": "semi-major axis", "value": "1.008194291161112"}, {"label": "q", "title": "perihelion distance", "value": ".5612681012974671", "units": "au", "name": "q", "sigma": "6.056E-6"}, {"label": "i", "name": "i", "sigma": "5.5619E-5", "units": "deg", "value": ".9009261618933175", "title": "inclination; angle with respect to x-y ecliptic plane"}, {"units": "deg", "value": "299.090640650943", "title": "longitude of the ascending node", "sigma": ".0012212", "name": "om", "label": "node"}, {"units": "deg", "title": "argument of perihelion", "value": "319.7563734826106", "name": "w", "sigma": ".0013833", "label": "peri"}, {"units": "deg", "value": "41.70965424151543", "title": "mean anomaly", "sigma": ".00025786", "name": "ma", "label": "M"}, {"value": "2461157.660058734874", "title": "time of perihelion passage", "units": "TDB", "sigma": ".00027061", "name": "tp", "label": "tp"}, {"label": "period", "value": "369.7556149984784", "title": "sidereal orbital period", "units": "d", "name": "per", "sigma": "6.2412E-5"}, {"label": "n", "sigma": "1.6434E-7", "name": "n", "units": "deg/d", "value": ".9736160463756079", "title": "mean motion"}, {"sigma": "1.6374E-7", "name": "ad", "units": "au", "value": "1.455120481024757", "title": "aphelion distance", "label": "Q"}], "epoch": "2461200.5"}