{"spkid": "54421395", "covariance": {"elements": [{"label": "e", "title": "eccentricity", "value": ".2448494483340858", "units": null, "name": "e", "sigma": 9.29762195602833e-06}, {"label": "q", "units": "au", "value": ".7604663731753827", "title": "perihelion distance", "sigma": 9.19651888600187e-06, "name": "q"}, {"name": "tp", "sigma": 0.000487547589614097, "units": "TDB", "title": "time of perihelion passage", "value": "2460612.419975581100", "label": "tp"}, {"label": "node", "units": "deg", "value": "109.9056995913895", "title": "longitude of the ascending node", "name": "om", "sigma": 0.000126509920984134}, {"units": "deg", "value": "258.4328731258094", "title": "argument of perihelion", "name": "w", "sigma": 0.000668553252167091, "label": "peri"}, {"label": "i", "name": "i", "sigma": 0.000275793529790836, "title": "inclination", "value": "7.095085548832826", "units": "deg"}], "data": [["8.644577403722004E-11", "-8.550507459961813E-11", "4.478191314198555E-9", "2.554982651036973E-10", "-6.087221260416156E-9", "2.403971516263826E-9"], ["-8.550507459961813E-11", "8.457595962058906E-11", "-4.432203232976715E-9", "-2.533760505423115E-10", "6.018841137316295E-9", "-2.376457820938243E-9"], ["4.478191314198555E-9", "-4.432203232976715E-9", "2.377026521385158E-7", "1.452132338632279E-8", "-3.107980231773715E-7", "1.216719880173748E-7"], ["2.554982651036973E-10", "-2.533760505423115E-10", "1.452132338632279E-8", "1.600476010741183E-8", "-3.18061321199982E-8", "1.721978694838896E-8"], ["-6.087221260416156E-9", "6.018841137316295E-9", "-3.107980231773715E-7", "-3.18061321199982E-8", "4.469634509831939E-7", "-1.822237467418513E-7"], ["2.403971516263826E-9", "-2.376457820938243E-9", "1.216719880173748E-7", "1.721978694838896E-8", "-1.822237467418513E-7", "7.60620710744889E-8"]], "labels": ["e", "q", "tp", "node", "peri", "i"], "epoch": "2460660.5"}, "elements": [{"label": "e", "units": null, "title": "eccentricity", "value": ".2447921281062806", "sigma": "9.2977E-6", "name": "e"}, {"label": "a", "units": "au", "title": "semi-major axis", "value": "1.008824285164056", "sigma": "1.2566E-7", "name": "a"}, {"label": "q", "name": "q", "sigma": "9.2895E-6", "title": "perihelion distance", "value": ".7618720415134491", "units": "au"}, {"units": "deg", "title": "inclination; angle with respect to x-y ecliptic plane", "value": "7.096339473213033", "name": "i", "sigma": ".00027571", "label": "i"}, {"name": "om", "sigma": ".00012708", "units": "deg", "title": "longitude of the ascending node", "value": "109.8777778473634", "label": "node"}, {"label": "peri", "value": "258.8179023307287", "title": "argument of perihelion", "units": "deg", "sigma": ".00070472", "name": "w"}, {"label": "M", "title": "mean anomaly", "value": "212.0656391836033", "units": "deg", "sigma": ".00056173", "name": "ma"}, {"value": "2461352.585663997691", "title": "time of perihelion passage", "units": "TDB", "sigma": ".00060395", "name": "tp", "label": "tp"}, {"units": "d", "value": "370.1022449214534", "title": "sidereal orbital period", "name": "per", "sigma": "6.915E-5", "label": "period"}, {"sigma": "1.8174E-7", "name": "n", "units": "deg/d", "value": ".9727041782100041", "title": "mean motion", "label": "n"}, {"label": "Q", "units": "au", "title": "aphelion distance", "value": "1.255776528814662", "sigma": "1.5642E-7", "name": "ad"}], "epoch": "2461200.5"}