{"spkid": "54439998", "covariance": {"epoch": "2460644.5", "labels": ["e", "q", "tp", "node", "peri", "i"], "data": [["5.516295583377827E-13", "-5.58108998712718E-13", "3.77055186474827E-11", "6.11815255058979E-13", "-2.343052748716665E-11", "5.15080416535988E-11"], ["-5.58108998712718E-13", "5.647045443929201E-13", "-3.808662420087819E-11", "-6.051811610731961E-13", "2.374038395012635E-11", "-5.221532382922477E-11"], ["3.77055186474827E-11", "-3.808662420087819E-11", "2.687238000224817E-9", "6.578153457798497E-11", "-1.536885523610712E-9", "3.350589282252821E-9"], ["6.11815255058979E-13", "-6.051811610731961E-13", "6.578153457798497E-11", "2.130453150621297E-11", "-2.494411893117008E-11", "8.668918019950226E-11"], ["-2.343052748716665E-11", "2.374038395012635E-11", "-1.536885523610712E-9", "-2.494411893117008E-11", "1.045431240947233E-9", "-2.342608682973445E-9"], ["5.15080416535988E-11", "-5.221532382922477E-11", "3.350589282252821E-9", "8.668918019950226E-11", "-2.342608682973445E-9", "5.581825691430087E-9"]], "elements": [{"name": "e", "sigma": 7.42717684142355e-07, "value": ".1996907173679192", "title": "eccentricity", "units": null, "label": "e"}, {"name": "q", "sigma": 7.51468259072145e-07, "units": "au", "value": ".7971048478032636", "title": "perihelion distance", "label": "q"}, {"units": "TDB", "title": "time of perihelion passage", "value": "2460714.833227963059", "sigma": 5.18385763715094e-05, "name": "tp", "label": "tp"}, {"label": "node", "value": "223.5035914407889", "title": "longitude of the ascending node", "units": "deg", "name": "om", "sigma": 4.61568321120644e-06}, {"name": "w", "sigma": 3.23331291548967e-05, "value": "254.2941572595226", "title": "argument of perihelion", "units": "deg", "label": "peri"}, {"value": "19.97023713330751", "title": "inclination", "units": "deg", "name": "i", "sigma": 7.47116168439024e-05, "label": "i"}]}, "elements": [{"name": "e", "sigma": "7.4218E-7", "units": null, "value": ".1998606758941536", "title": "eccentricity", "label": "e"}, {"label": "a", "sigma": "3.7061E-9", "name": "a", "units": "au", "title": "semi-major axis", "value": ".9941591444175131"}, {"units": "au", "value": ".7954658258678754", "title": "perihelion distance", "name": "q", "sigma": "7.3745E-7", "label": "q"}, {"label": "i", "name": "i", "sigma": "7.4632E-5", "value": "19.98018468390541", "title": "inclination; angle with respect to x-y ecliptic plane", "units": "deg"}, {"name": "om", "sigma": "4.6994E-6", "value": "223.4670947263912", "title": "longitude of the ascending node", "units": "deg", "label": "node"}, {"title": "argument of perihelion", "value": "253.7886113874529", "units": "deg", "name": "w", "sigma": "2.5568E-5", "label": "peri"}, {"label": "M", "units": "deg", "value": "123.0376857573633", "title": "mean anomaly", "name": "ma", "sigma": "5.6045E-5"}, {"label": "tp", "sigma": "5.6168E-5", "name": "tp", "title": "time of perihelion passage", "value": "2461076.757767454531", "units": "TDB"}, {"label": "period", "name": "per", "sigma": "2.0246E-6", "title": "sidereal orbital period", "value": "362.0614565541992", "units": "d"}, {"value": ".9943063352453518", "title": "mean motion", "units": "deg/d", "name": "n", "sigma": "5.56E-9", "label": "n"}, {"value": "1.192852462967151", "title": "aphelion distance", "units": "au", "sigma": "4.4468E-9", "name": "ad", "label": "Q"}], "epoch": "2461200.5"}