{"spkid": "54441077", "covariance": {"epoch": "2460708.5", "data": [["9.371614562618276E-14", "-8.624802238552958E-14", "-3.701444482667994E-12", "-4.270655991935234E-13", "6.497546584045053E-12", "2.932162479993498E-12"], ["-8.624802238552958E-14", "7.956856708520367E-14", "3.397437814207834E-12", "4.391276269672994E-13", "-6.052482688767171E-12", "-2.703089454727934E-12"], ["-3.701444482667994E-12", "3.397437814207834E-12", "1.563470279667507E-10", "6.56109579457363E-11", "-2.963437468928683E-10", "-1.240730154197369E-10"], ["-4.270655991935234E-13", "4.391276269672994E-13", "6.56109579457363E-11", "3.154165663991821E-10", "-2.979845090769046E-10", "-8.585444775934634E-11"], ["6.497546584045053E-12", "-6.052482688767171E-12", "-2.963437468928683E-10", "-2.979845090769046E-10", "6.882618560291723E-10", "2.672478143800483E-10"], ["2.932162479993498E-12", "-2.703089454727934E-12", "-1.240730154197369E-10", "-8.585444775934634E-11", "2.672478143800483E-10", "1.525226494618958E-10"]], "elements": [{"label": "e", "name": "e", "sigma": 3.0613092889511e-07, "title": "eccentricity", "value": ".4011418404693827", "units": null}, {"units": "au", "title": "perihelion distance", "value": ".6228399601812283", "sigma": 2.82079008586608e-07, "name": "q", "label": "q"}, {"value": "2460519.907278885923", "title": "time of perihelion passage", "units": "TDB", "sigma": 1.25038805163337e-05, "name": "tp", "label": "tp"}, {"label": "node", "units": "deg", "value": "251.4796141423548", "title": "longitude of the ascending node", "name": "om", "sigma": 1.7759970900854e-05}, {"sigma": 2.62347452061035e-05, "name": "w", "units": "deg", "title": "argument of perihelion", "value": "98.82412336547688", "label": "peri"}, {"label": "i", "name": "i", "sigma": 1.23500060510874e-05, "value": "12.0733315414662", "title": "inclination", "units": "deg"}], "labels": ["e", "q", "tp", "node", "peri", "i"]}, "elements": [{"name": "e", "sigma": "3.0612E-7", "units": null, "title": "eccentricity", "value": ".4011850114222995", "label": "e"}, {"units": "au", "value": "1.040106081103012", "title": "semi-major axis", "name": "a", "sigma": "6.5301E-8", "label": "a"}, {"label": "q", "units": "au", "title": "perihelion distance", "value": ".6228311110752968", "name": "q", "sigma": "2.8218E-7"}, {"units": "deg", "title": "inclination; angle with respect to x-y ecliptic plane", "value": "12.07319205296859", "sigma": "1.2349E-5", "name": "i", "label": "i"}, {"name": "om", "sigma": "1.7759E-5", "value": "251.470706358009", "title": "longitude of the ascending node", "units": "deg", "label": "node"}, {"value": "98.8099763841458", "title": "argument of perihelion", "units": "deg", "sigma": "2.6258E-5", "name": "w", "label": "peri"}, {"title": "mean anomaly", "value": "272.4238583881328", "units": "deg", "sigma": "4.918E-5", "name": "ma", "label": "M"}, {"title": "time of perihelion passage", "value": "2461294.753652032129", "units": "TDB", "name": "tp", "sigma": "6.1774E-5", "label": "tp"}, {"name": "per", "sigma": "3.6488E-5", "title": "sidereal orbital period", "value": "387.4492996271545", "units": "d", "label": "period"}, {"title": "mean motion", "value": ".9291538282465107", "units": "deg/d", "sigma": "8.7502E-8", "name": "n", "label": "n"}, {"label": "Q", "name": "ad", "sigma": "9.1498E-8", "units": "au", "value": "1.457381051130726", "title": "aphelion distance"}], "epoch": "2461200.5"}