{"spkid": "54458355", "covariance": {"epoch": "2460689.5", "data": [["7.960415445176781E-16", "-1.395155819974821E-15", "1.391738742261733E-13", "7.664808828586156E-14", "-4.826038446996554E-14", "-7.665238701594513E-15"], ["-1.395155819974821E-15", "2.622947576132842E-15", "-3.742033733095349E-13", "-2.167337387301497E-13", "1.32298361924243E-13", "5.031781164747031E-14"], ["1.391738742261733E-13", "-3.742033733095349E-13", "4.605962736881943E-10", "-1.861601149682151E-10", "3.621881524739172E-10", "1.163478181729562E-11"], ["7.664808828586156E-14", "-2.167337387301497E-13", "-1.861601149682151E-10", "1.069091114644256E-9", "-1.136218772757432E-9", "-1.440814227746109E-10"], ["-4.826038446996554E-14", "1.32298361924243E-13", "3.621881524739172E-10", "-1.136218772757432E-9", "1.286585019910041E-9", "1.509733970644901E-10"], ["-7.665238701594513E-15", "5.031781164747031E-14", "1.163478181729562E-11", "-1.440814227746109E-10", "1.509733970644901E-10", "4.325995365885062E-11"]], "elements": [{"value": ".4690090015971382", "title": "eccentricity", "units": null, "sigma": 2.82142082029193e-08, "name": "e", "label": "e"}, {"value": ".8688924159165334", "title": "perihelion distance", "units": "au", "sigma": 5.1214720307084e-08, "name": "q", "label": "q"}, {"name": "tp", "sigma": 2.14615067897898e-05, "value": "2460418.127633034423", "title": "time of perihelion passage", "units": "TDB", "label": "tp"}, {"units": "deg", "value": "159.3545766353721", "title": "longitude of the ascending node", "name": "om", "sigma": 3.2696958798094e-05, "label": "node"}, {"label": "peri", "name": "w", "sigma": 3.58689980332604e-05, "title": "argument of perihelion", "value": "49.9685007724669", "units": "deg"}, {"name": "i", "sigma": 6.57722993811609e-06, "title": "inclination", "value": "10.66372981238037", "units": "deg", "label": "i"}], "labels": ["e", "q", "tp", "node", "peri", "i"]}, "elements": [{"sigma": "2.8211E-8", "name": "e", "value": ".4687492686978854", "title": "eccentricity", "units": null, "label": "e"}, {"label": "a", "title": "semi-major axis", "value": "1.636700590779051", "units": "au", "name": "a", "sigma": "2.579E-8"}, {"label": "q", "sigma": "5.1206E-8", "name": "q", "title": "perihelion distance", "value": ".8694983857739738", "units": "au"}, {"label": "i", "units": "deg", "value": "10.66324907811472", "title": "inclination; angle with respect to x-y ecliptic plane", "sigma": "6.5784E-6", "name": "i"}, {"units": "deg", "title": "longitude of the ascending node", "value": "159.3332422726888", "name": "om", "sigma": "3.2692E-5", "label": "node"}, {"label": "peri", "units": "deg", "title": "argument of perihelion", "value": "49.96558438580114", "sigma": "3.5866E-5", "name": "w"}, {"sigma": "9.5266E-6", "name": "ma", "value": "8.369458480257661", "title": "mean anomaly", "units": "deg", "label": "M"}, {"value": "2461182.719370026602", "title": "time of perihelion passage", "units": "TDB", "name": "tp", "sigma": "2.0081E-5", "label": "tp"}, {"label": "period", "sigma": "1.8077E-5", "name": "per", "units": "d", "value": "764.807759728114", "title": "sidereal orbital period"}, {"sigma": "1.1126E-8", "name": "n", "title": "mean motion", "value": ".4707065212413359", "units": "deg/d", "label": "n"}, {"units": "au", "value": "2.403902795784127", "title": "aphelion distance", "sigma": "3.788E-8", "name": "ad", "label": "Q"}], "epoch": "2461200.5"}