{"spkid": "54470725", "covariance": {"labels": ["e", "q", "tp", "node", "peri", "i"], "data": [["2.52795331946137E-14", "-5.566476314438058E-14", "-3.2441715953988E-12", "4.506841006629811E-13", "-8.481014531530388E-12", "1.094555245213976E-12"], ["-5.566476314438058E-14", "1.232889627703824E-13", "7.234423408745895E-12", "-9.958521210373316E-13", "1.882979688614266E-11", "-2.424036239587673E-12"], ["-3.2441715953988E-12", "7.234423408745895E-12", "5.579939243233327E-10", "-1.040274661398084E-10", "1.22975708625671E-9", "-2.177972955003206E-10"], ["4.506841006629811E-13", "-9.958521210373316E-13", "-1.040274661398084E-10", "1.116605382694745E-10", "-2.771079304912774E-10", "9.958965969619453E-11"], ["-8.481014531530388E-12", "1.882979688614266E-11", "1.22975708625671E-9", "-2.771079304912774E-10", "3.074459747360836E-9", "-4.908694414209294E-10"], ["1.094555245213976E-12", "-2.424036239587673E-12", "-2.177972955003206E-10", "9.958965969619453E-11", "-4.908694414209294E-10", "2.252384125076042E-10"]], "elements": [{"label": "e", "value": ".5004124055688057", "title": "eccentricity", "units": null, "name": "e", "sigma": 1.58995387337538e-07}, {"label": "q", "title": "perihelion distance", "value": ".7686768729544716", "units": "au", "sigma": 3.51125280733789e-07, "name": "q"}, {"sigma": 2.3621895019734e-05, "name": "tp", "units": "TDB", "value": "2460511.072759391739", "title": "time of perihelion passage", "label": "tp"}, {"name": "om", "sigma": 1.05669550140745e-05, "units": "deg", "title": "longitude of the ascending node", "value": "172.5489232625028", "label": "node"}, {"name": "w", "sigma": 5.54478110240687e-05, "value": "101.8884328583517", "title": "argument of perihelion", "units": "deg", "label": "peri"}, {"title": "inclination", "value": "11.96421610406422", "units": "deg", "sigma": 1.50079449794968e-05, "name": "i", "label": "i"}], "epoch": "2460669.5"}, "elements": [{"label": "e", "title": "eccentricity", "value": ".5004937419915721", "units": null, "name": "e", "sigma": "1.5794E-7"}, {"label": "a", "units": "au", "value": "1.538734722515958", "title": "semi-major axis", "name": "a", "sigma": "2.17E-7"}, {"label": "q", "title": "perihelion distance", "value": ".7686076233115828", "units": "au", "sigma": "3.4909E-7", "name": "q"}, {"sigma": "1.5002E-5", "name": "i", "value": "11.96759720375513", "title": "inclination; angle with respect to x-y ecliptic plane", "units": "deg", "label": "i"}, {"name": "om", "sigma": "1.0563E-5", "units": "deg", "title": "longitude of the ascending node", "value": "172.4618574031581", "label": "node"}, {"sigma": "5.5508E-5", "name": "w", "units": "deg", "title": "argument of perihelion", "value": "102.0276388365848", "label": "peri"}, {"label": "M", "units": "deg", "value": "355.8996406882503", "title": "mean anomaly", "name": "ma", "sigma": "8.6435E-5"}, {"name": "tp", "sigma": ".00016907", "title": "time of perihelion passage", "value": "2461208.440785639638", "units": "TDB", "label": "tp"}, {"value": "697.1786160490693", "title": "sidereal orbital period", "units": "d", "sigma": ".00014748", "name": "per", "label": "period"}, {"label": "n", "sigma": "1.0923E-7", "name": "n", "value": ".5163669563477579", "title": "mean motion", "units": "deg/d"}, {"sigma": "3.256E-7", "name": "ad", "units": "au", "value": "2.308861821720334", "title": "aphelion distance", "label": "Q"}], "epoch": "2461200.5"}