{"spkid": "54500890", "covariance": {"data": [["2.862654722549635E-12", "-2.466046724713898E-12", "-5.126580481061946E-11", "1.740563620978958E-10", "-1.362528638665179E-10", "8.2135057088191E-11"], ["-2.466046724713898E-12", "2.124390328850784E-12", "4.436720373208237E-11", "-1.497411981526548E-10", "1.172690462016262E-10", "-7.072388842120493E-11"], ["-5.126580481061946E-11", "4.436720373208237E-11", "2.481478025764877E-8", "2.064165907383687E-8", "-1.030522989251534E-8", "2.389166846960147E-9"], ["1.740563620978958E-10", "-1.497411981526548E-10", "2.064165907383687E-8", "4.158727430224525E-8", "-2.824566026472512E-8", "9.773024615994041E-9"], ["-1.362528638665179E-10", "1.172690462016262E-10", "-1.030522989251534E-8", "-2.824566026472512E-8", "2.049702416237654E-8", "-6.897071812871671E-9"], ["8.2135057088191E-11", "-7.072388842120493E-11", "2.389166846960147E-9", "9.773024615994041E-9", "-6.897071812871671E-9", "3.124032158417495E-9"]], "elements": [{"label": "e", "name": "e", "sigma": 1.69193815565157e-06, "units": null, "title": "eccentricity", "value": ".4951019052511785"}, {"title": "perihelion distance", "value": ".4359209557476022", "units": "au", "sigma": 1.45752884323117e-06, "name": "q", "label": "q"}, {"units": "TDB", "value": "2458747.784090594296", "title": "time of perihelion passage", "name": "tp", "sigma": 0.00015752707785536, "label": "tp"}, {"label": "node", "name": "om", "sigma": 0.000203929581724293, "title": "longitude of the ascending node", "value": "26.48363168352478", "units": "deg"}, {"units": "deg", "title": "argument of perihelion", "value": "233.4474106487665", "sigma": 0.000143167818179843, "name": "w", "label": "peri"}, {"title": "inclination", "value": "11.32926688334851", "units": "deg", "sigma": 5.58930421288508e-05, "name": "i", "label": "i"}], "labels": ["e", "q", "tp", "node", "peri", "i"], "epoch": "2458817.5"}, "elements": [{"sigma": "1.6921E-6", "name": "e", "units": null, "value": ".4951066338485217", "title": "eccentricity", "label": "e"}, {"label": "a", "units": "au", "value": ".8635163544125687", "title": "semi-major axis", "name": "a", "sigma": "1.4933E-8"}, {"name": "q", "sigma": "1.454E-6", "units": "au", "value": ".4359836789062148", "title": "perihelion distance", "label": "q"}, {"units": "deg", "value": "11.32578341362747", "title": "inclination; angle with respect to x-y ecliptic plane", "sigma": "5.5897E-5", "name": "i", "label": "i"}, {"name": "om", "sigma": ".00020405", "value": "26.44146324044036", "title": "longitude of the ascending node", "units": "deg", "label": "node"}, {"label": "peri", "sigma": ".00014291", "name": "w", "value": "233.4925518899942", "title": "argument of perihelion", "units": "deg"}, {"name": "ma", "sigma": ".00018147", "units": "deg", "value": "132.6702731772473", "title": "mean anomaly", "label": "M"}, {"label": "tp", "units": "TDB", "title": "time of perihelion passage", "value": "2461092.487156240888", "name": "tp", "sigma": ".0001479"}, {"title": "sidereal orbital period", "value": "293.0922114054185", "units": "d", "name": "per", "sigma": "7.6026E-6", "label": "period"}, {"name": "n", "sigma": "3.1861E-8", "units": "deg/d", "title": "mean motion", "value": "1.228282383464744", "label": "n"}, {"units": "au", "title": "aphelion distance", "value": "1.291049029918923", "name": "ad", "sigma": "2.2326E-8", "label": "Q"}], "epoch": "2461200.5"}