{"spkid": "54506677", "covariance": {"epoch": "2460096.5", "labels": ["e", "q", "tp", "node", "peri", "i"], "elements": [{"label": "e", "title": "eccentricity", "value": ".5412584678556749", "units": null, "sigma": 2.2742408624116e-06, "name": "e"}, {"value": ".6439610090566612", "title": "perihelion distance", "units": "au", "name": "q", "sigma": 3.20530688239337e-06, "label": "q"}, {"label": "tp", "sigma": 9.7200814117325e-05, "name": "tp", "units": "TDB", "title": "time of perihelion passage", "value": "2460153.496789734908"}, {"name": "om", "sigma": 0.000139185369426845, "units": "deg", "value": "116.938603498017", "title": "longitude of the ascending node", "label": "node"}, {"label": "peri", "sigma": 0.000392398427439061, "name": "w", "value": "82.88626685588211", "title": "argument of perihelion", "units": "deg"}, {"name": "i", "sigma": 0.000116686859314742, "title": "inclination", "value": "21.10195522557882", "units": "deg", "label": "i"}], "data": [["5.172171500262673E-12", "-7.289619271773547E-12", "1.929954064188336E-10", "-2.891438594719417E-10", "8.816399388287293E-10", "2.560303305575557E-10"], ["-7.289619271773547E-12", "1.027399221031828E-11", "-2.720595544728103E-10", "4.075495513801133E-10", "-1.242635094615516E-9", "-3.608682501551783E-10"], ["1.929954064188336E-10", "-2.720595544728103E-10", "9.447998265070758E-9", "-1.16795026692311E-8", "3.452857962476656E-8", "1.03472127504971E-8"], ["-2.891438594719417E-10", "4.075495513801133E-10", "-1.16795026692311E-8", "1.93725670624874E-8", "-5.258779180511879E-8", "-1.589943975474787E-8"], ["8.816399388287293E-10", "-1.242635094615516E-9", "3.452857962476656E-8", "-5.258779180511879E-8", "1.539765258566481E-7", "4.539498605787276E-8"], ["2.560303305575557E-10", "-3.608682501551783E-10", "1.03472127504971E-8", "-1.589943975474787E-8", "4.539498605787276E-8", "1.36158231367383E-8"]]}, "elements": [{"label": "e", "value": ".5410246325892502", "title": "eccentricity", "units": null, "name": "e", "sigma": "2.2747E-6"}, {"sigma": "2.353E-8", "name": "a", "title": "semi-major axis", "value": "1.403773022945906", "units": "au", "label": "a"}, {"units": "au", "title": "perihelion distance", "value": ".6442972389678963", "sigma": "3.2005E-6", "name": "q", "label": "q"}, {"name": "i", "sigma": ".00011673", "value": "21.10137511726499", "title": "inclination; angle with respect to x-y ecliptic plane", "units": "deg", "label": "i"}, {"sigma": ".00013932", "name": "om", "value": "116.9026605657968", "title": "longitude of the ascending node", "units": "deg", "label": "node"}, {"sigma": ".00039243", "name": "w", "units": "deg", "value": "82.90172845921386", "title": "argument of perihelion", "label": "peri"}, {"label": "M", "value": "260.445888230262", "title": "mean anomaly", "units": "deg", "name": "ma", "sigma": "4.5986E-5"}, {"label": "tp", "sigma": "7.6191E-5", "name": "tp", "value": "2461368.496589862995", "title": "time of perihelion passage", "units": "TDB"}, {"label": "period", "sigma": "1.5274E-5", "name": "per", "units": "d", "value": "607.4964788050282", "title": "sidereal orbital period"}, {"label": "n", "name": "n", "sigma": "1.49E-8", "value": ".5925960274010732", "title": "mean motion", "units": "deg/d"}, {"label": "Q", "sigma": "3.626E-8", "name": "ad", "title": "aphelion distance", "value": "2.163248806923916", "units": "au"}], "epoch": "2461200.5"}