{"spkid": "54506551", "covariance": {"epoch": "2460959.5", "data": [["5.086843499817626E-12", "-5.234433846194011E-12", "8.416461039276176E-11", "3.631486230748453E-11", "-4.559409795708801E-10", "8.218139877424215E-11"], ["-5.234433846194011E-12", "5.386568016303772E-12", "-8.586551595784141E-11", "-3.718616536499638E-11", "4.695974041395928E-10", "-8.46237053175869E-11"], ["8.416461039276176E-11", "-8.586551595784141E-11", "3.543860486135294E-9", "1.137619013043515E-9", "-6.300746643902209E-9", "1.191409985068502E-9"], ["3.631486230748453E-11", "-3.718616536499638E-11", "1.137619013043515E-9", "4.433838918429693E-10", "-2.993691671935641E-9", "5.662779525285908E-10"], ["-4.559409795708801E-10", "4.695974041395928E-10", "-6.300746643902209E-9", "-2.993691671935641E-9", "4.163399950453701E-8", "-7.484934819416046E-9"], ["8.218139877424215E-11", "-8.46237053175869E-11", "1.191409985068502E-9", "5.662779525285908E-10", "-7.484934819416046E-9", "1.364201684415056E-9"]], "elements": [{"name": "e", "sigma": 2.25540317899431e-06, "units": null, "value": ".1397729431326183", "title": "eccentricity", "label": "e"}, {"sigma": 2.32089810554099e-06, "name": "q", "title": "perihelion distance", "value": ".8553353623032972", "units": "au", "label": "q"}, {"sigma": 5.95303324880291e-05, "name": "tp", "title": "time of perihelion passage", "value": "2460936.270504190654", "units": "TDB", "label": "tp"}, {"name": "om", "sigma": 2.10566828309439e-05, "value": "257.838381136133", "title": "longitude of the ascending node", "units": "deg", "label": "node"}, {"label": "peri", "units": "deg", "title": "argument of perihelion", "value": "84.3260331489208", "name": "w", "sigma": 0.000204044111663476}, {"label": "i", "value": "2.852988530083334", "title": "inclination", "units": "deg", "sigma": 3.6935100980166e-05, "name": "i"}], "labels": ["e", "q", "tp", "node", "peri", "i"]}, "elements": [{"units": null, "title": "eccentricity", "value": ".1396568450176808", "sigma": "2.2638E-6", "name": "e", "label": "e"}, {"sigma": "6.0684E-8", "name": "a", "units": "au", "value": ".9932513086350611", "title": "semi-major axis", "label": "a"}, {"sigma": "2.2992E-6", "name": "q", "units": "au", "value": ".8545369645614057", "title": "perihelion distance", "label": "q"}, {"label": "i", "value": "2.853202344000859", "title": "inclination; angle with respect to x-y ecliptic plane", "units": "deg", "name": "i", "sigma": "3.6913E-5"}, {"label": "node", "sigma": "2.546E-5", "name": "om", "value": "257.7132838657168", "title": "longitude of the ascending node", "units": "deg"}, {"label": "peri", "sigma": ".00018177", "name": "w", "title": "argument of perihelion", "value": "83.85895682670386", "units": "deg"}, {"label": "M", "name": "ma", "sigma": "6.3556E-5", "title": "mean anomaly", "value": "263.5731998587543", "units": "deg"}, {"sigma": "6.0844E-5", "name": "tp", "units": "TDB", "title": "time of perihelion passage", "value": "2461297.346158844691", "label": "tp"}, {"label": "period", "value": "361.5656345851913", "title": "sidereal orbital period", "units": "d", "name": "per", "sigma": "3.3135E-5"}, {"name": "n", "sigma": "9.1247E-8", "units": "deg/d", "title": "mean motion", "value": ".9956698468122185", "label": "n"}, {"label": "Q", "value": "1.131965652708716", "title": "aphelion distance", "units": "au", "name": "ad", "sigma": "6.9158E-8"}], "epoch": "2461200.5"}