{"spkid": "54516185", "covariance": {"elements": [{"label": "e", "sigma": 1.64400093178636e-06, "name": "e", "units": null, "title": "eccentricity", "value": ".1106758701290891"}, {"label": "q", "value": ".8894699953103731", "title": "perihelion distance", "units": "au", "name": "q", "sigma": 1.63646743469657e-06}, {"units": "TDB", "title": "time of perihelion passage", "value": "2460618.754853011944", "name": "tp", "sigma": 2.98887721130962e-05, "label": "tp"}, {"label": "node", "sigma": 1.24947837221091e-05, "name": "om", "units": "deg", "title": "longitude of the ascending node", "value": "116.5508591186867"}, {"sigma": 0.00020985426196678, "name": "w", "units": "deg", "title": "argument of perihelion", "value": "275.8267343552042", "label": "peri"}, {"label": "i", "sigma": 0.000169545732164332, "name": "i", "value": "11.83608303771204", "title": "inclination", "units": "deg"}], "data": [["2.702739063714416E-12", "-2.690344894685335E-12", "-4.836569605565206E-11", "6.421577745918641E-12", "-3.442840754145956E-10", "2.689786779853341E-10"], ["-2.690344894685335E-12", "2.678025664822366E-12", "4.815082042890661E-11", "-6.389083011967954E-12", "3.42717963470718E-10", "-2.67684471915988E-10"], ["-4.836569605565206E-11", "4.815082042890661E-11", "8.93338698428595E-10", "-1.088646298314263E-10", "6.18421292207009E-9", "-4.82177135198568E-9"], ["6.421577745918641E-12", "-6.389083011967954E-12", "-1.088646298314263E-10", "1.561196202622822E-10", "-9.578526840324646E-10", "9.482249852795759E-10"], ["-3.442840754145956E-10", "3.42717963470718E-10", "6.18421292207009E-9", "-9.578526840324646E-10", "4.403881126562186E-8", "-3.447302479315849E-8"], ["2.689786779853341E-10", "-2.67684471915988E-10", "-4.82177135198568E-9", "9.482249852795759E-10", "-3.447302479315849E-8", "2.874575529513953E-8"]], "labels": ["e", "q", "tp", "node", "peri", "i"], "epoch": "2460725.5"}, "elements": [{"sigma": "1.6445E-6", "name": "e", "units": null, "value": ".1109384684723653", "title": "eccentricity", "label": "e"}, {"label": "a", "title": "semi-major axis", "value": ".9969019182775696", "units": "au", "sigma": "1.15E-7", "name": "a"}, {"units": "au", "title": "perihelion distance", "value": ".8863071462466929", "name": "q", "sigma": "1.5386E-6", "label": "q"}, {"units": "deg", "value": "11.82039159441847", "title": "inclination; angle with respect to x-y ecliptic plane", "name": "i", "sigma": ".00017012", "label": "i"}, {"title": "longitude of the ascending node", "value": "116.439269836022", "units": "deg", "sigma": "1.5129E-5", "name": "om", "label": "node"}, {"label": "peri", "sigma": ".00012181", "name": "w", "title": "argument of perihelion", "value": "273.9129384778125", "units": "deg"}, {"label": "M", "name": "ma", "sigma": "9.1691E-5", "title": "mean anomaly", "value": "215.8132135717484", "units": "deg"}, {"sigma": ".00011776", "name": "tp", "units": "TDB", "value": "2461346.112962000715", "title": "time of perihelion passage", "label": "tp"}, {"units": "d", "value": "363.5608200918085", "title": "sidereal orbital period", "name": "per", "sigma": "6.2908E-5", "label": "period"}, {"label": "n", "sigma": "1.7134E-7", "name": "n", "value": ".9902057100352307", "title": "mean motion", "units": "deg/d"}, {"label": "Q", "name": "ad", "sigma": "1.2776E-7", "value": "1.107496690308446", "title": "aphelion distance", "units": "au"}], "epoch": "2461200.5"}