{"spkid": "54542757", "covariance": {"elements": [{"units": null, "title": "eccentricity", "value": ".1071768493039511", "name": "e", "sigma": 1.42173301457458e-07, "label": "e"}, {"label": "q", "units": "au", "title": "perihelion distance", "value": ".8966600660926055", "sigma": 1.3852672055054e-07, "name": "q"}, {"name": "tp", "sigma": 5.12934121078273e-05, "value": "2460048.241116438079", "title": "time of perihelion passage", "units": "TDB", "label": "tp"}, {"label": "node", "units": "deg", "value": "113.019369564927", "title": "longitude of the ascending node", "name": "om", "sigma": 5.9461252941073e-05}, {"name": "w", "sigma": 3.71859460163138e-05, "title": "argument of perihelion", "value": "82.10604575128984", "units": "deg", "label": "peri"}, {"label": "i", "value": "1.983752231638829", "title": "inclination", "units": "deg", "name": "i", "sigma": 2.63234883589926e-06}], "data": [["2.021324764731316E-14", "-1.969048173017984E-14", "-2.109063095554021E-12", "-3.988818200997176E-12", "1.933868898560833E-12", "2.649868058737055E-13", "3.482983303654196E-22"], ["-1.969048173017984E-14", "1.91896523064875E-14", "2.098527299380646E-12", "3.929070515431492E-12", "-1.879037013749048E-12", "-2.578568131565072E-13", "-3.01506334359996E-22"], ["-2.109063095554021E-12", "2.098527299380646E-12", "2.631014125663404E-9", "2.351613494795478E-9", "-1.192316492775828E-10", "-2.330144696549599E-11", "9.80286194220167E-19"], ["-3.988818200997176E-12", "3.929070515431492E-12", "2.351613494795478E-9", "3.535640601322264E-9", "-1.50071923877092E-9", "-1.426066991259442E-11", "7.738438474960384E-19"], ["1.933868898560833E-12", "-1.879037013749048E-12", "-1.192316492775828E-10", "-1.50071923877092E-9", "1.382794581128206E-9", "-8.692728147473539E-12", "7.214600412102503E-20"], ["2.649868058737055E-13", "-2.578568131565072E-13", "-2.330144696549599E-11", "-1.426066991259442E-11", "-8.692728147473539E-12", "6.929260393860179E-12", "7.372670753493369E-21"], ["3.482983303654196E-22", "-3.01506334359996E-22", "9.80286194220167E-19", "7.738438474960384E-19", "7.214600412102503E-20", "7.372670753493369E-21", "5.249609999914436E-28"]], "labels": ["e", "q", "tp", "node", "peri", "i", "A2"], "epoch": "2460121.5"}, "elements": [{"sigma": "1.3775E-7", "name": "e", "units": null, "title": "eccentricity", "value": ".1081891013028469", "label": "e"}, {"name": "a", "sigma": "1.9587E-8", "units": "au", "title": "semi-major axis", "value": "1.00137155171154", "label": "a"}, {"value": ".8930340634616314", "title": "perihelion distance", "units": "au", "name": "q", "sigma": "1.219E-7", "label": "q"}, {"units": "deg", "value": "1.976857963791855", "title": "inclination; angle with respect to x-y ecliptic plane", "sigma": "2.6605E-6", "name": "i", "label": "i"}, {"name": "om", "sigma": "5.7986E-5", "title": "longitude of the ascending node", "value": "112.1946489975319", "units": "deg", "label": "node"}, {"name": "w", "sigma": "4.3094E-5", "units": "deg", "value": "79.90866139178827", "title": "argument of perihelion", "label": "peri"}, {"units": "deg", "title": "mean anomaly", "value": "54.04585831051742", "sigma": "4.602E-5", "name": "ma", "label": "M"}, {"units": "TDB", "title": "time of perihelion passage", "value": "2461145.552084934859", "sigma": "4.6467E-5", "name": "tp", "label": "tp"}, {"label": "period", "name": "per", "sigma": "1.0739E-5", "units": "d", "title": "sidereal orbital period", "value": "366.0086090186372"}, {"label": "n", "title": "mean motion", "value": ".9835834216174647", "units": "deg/d", "name": "n", "sigma": "2.8858E-8"}, {"label": "Q", "name": "ad", "sigma": "2.1706E-8", "title": "aphelion distance", "value": "1.109709039961449", "units": "au"}], "epoch": "2461200.5"}