{"spkid": "54541542", "covariance": {"data": [["1.064193268977349E-15", "-1.552261327404335E-15", "-1.067118933550118E-13", "-2.95506254618079E-13", "2.831444956133289E-13", "-1.601536024513732E-15"], ["-1.552261327404335E-15", "2.268861863892947E-15", "1.50476849544679E-13", "4.261821625238871E-13", "-4.096176054197184E-13", "3.081484673125975E-15"], ["-1.067118933550118E-13", "1.50476849544679E-13", "7.707029666515656E-11", "5.971852926871691E-11", "6.073896909944803E-12", "7.455876005064892E-12"], ["-2.95506254618079E-13", "4.261821625238871E-13", "5.971852926871691E-11", "2.35748203562706E-9", "-2.300848759178827E-9", "-3.280504902934049E-10"], ["2.831444956133289E-13", "-4.096176054197184E-13", "6.073896909944803E-12", "-2.300848759178827E-9", "2.314827940722204E-9", "3.342875481008976E-10"], ["-1.601536024513732E-15", "3.081484673125975E-15", "7.455876005064892E-12", "-3.280504902934049E-10", "3.342875481008976E-10", "6.170169375368481E-11"]], "elements": [{"label": "e", "sigma": 3.26219752464094e-08, "name": "e", "value": ".3874100896350858", "title": "eccentricity", "units": null}, {"label": "q", "units": "au", "title": "perihelion distance", "value": ".8916245757100391", "name": "q", "sigma": 4.76325714600099e-08}, {"sigma": 8.77896899784687e-06, "name": "tp", "title": "time of perihelion passage", "value": "2460346.741194074166", "units": "TDB", "label": "tp"}, {"label": "node", "sigma": 4.85539085514962e-05, "name": "om", "title": "longitude of the ascending node", "value": "17.7085327070076", "units": "deg"}, {"sigma": 4.81126588407064e-05, "name": "w", "title": "argument of perihelion", "value": "44.50061178082279", "units": "deg", "label": "peri"}, {"name": "i", "sigma": 7.85504256854696e-06, "value": "5.141672106971137", "title": "inclination", "units": "deg", "label": "i"}], "labels": ["e", "q", "tp", "node", "peri", "i"], "epoch": "2460221.5"}, "elements": [{"value": ".3869966061660314", "title": "eccentricity", "units": null, "sigma": "3.2596E-8", "name": "e", "label": "e"}, {"value": "1.454370630469216", "title": "semi-major axis", "units": "au", "name": "a", "sigma": "3.4909E-9", "label": "a"}, {"name": "q", "sigma": "4.769E-8", "units": "au", "title": "perihelion distance", "value": ".8915341323700782", "label": "q"}, {"sigma": "7.8528E-6", "name": "i", "units": "deg", "value": "5.144171100355305", "title": "inclination; angle with respect to x-y ecliptic plane", "label": "i"}, {"sigma": "4.8522E-5", "name": "om", "units": "deg", "title": "longitude of the ascending node", "value": "17.67958441038007", "label": "node"}, {"sigma": "4.8099E-5", "name": "w", "units": "deg", "value": "44.58944268527406", "title": "argument of perihelion", "label": "peri"}, {"title": "mean anomaly", "value": "119.2753476203045", "units": "deg", "name": "ma", "sigma": "4.819E-6", "label": "M"}, {"label": "tp", "sigma": "8.4906E-6", "name": "tp", "units": "TDB", "title": "time of perihelion passage", "value": "2460988.244349354022"}, {"label": "period", "title": "sidereal orbital period", "value": "640.6356028891937", "units": "d", "name": "per", "sigma": "2.3066E-6"}, {"label": "n", "sigma": "2.0232E-9", "name": "n", "units": "deg/d", "title": "mean motion", "value": ".5619419188949865"}, {"title": "aphelion distance", "value": "2.017207128568354", "units": "au", "name": "ad", "sigma": "4.8419E-9", "label": "Q"}], "epoch": "2461200.5"}