{"spkid": "54577095", "covariance": {"epoch": "2460770.5", "data": [["1.177842573412155E-16", "-2.441221446371397E-16", "1.543467937426024E-14", "3.478017350352109E-14", "-1.456519541294254E-14", "1.842004228006545E-15"], ["-2.441221446371397E-16", "5.636069629113719E-16", "-4.5704891040163E-14", "-8.020386012017311E-14", "2.100790260687301E-14", "-3.599969612421835E-15"], ["1.543467937426024E-14", "-4.5704891040163E-14", "3.449366529882767E-11", "4.136091234048516E-11", "-8.217546770024336E-12", "3.658169306827717E-12"], ["3.478017350352109E-14", "-8.020386012017311E-14", "4.136091234048516E-11", "4.913824126243226E-10", "-4.60287435549561E-10", "4.229048736626764E-12"], ["-1.456519541294254E-14", "2.100790260687301E-14", "-8.217546770024336E-12", "-4.60287435549561E-10", "4.64538232641709E-10", "-1.327302138358406E-12"], ["1.842004228006545E-15", "-3.599969612421835E-15", "3.658169306827717E-12", "4.229048736626764E-12", "-1.327302138358406E-12", "5.602865755295868E-12"]], "elements": [{"label": "e", "title": "eccentricity", "value": ".5301019332774097", "units": null, "name": "e", "sigma": 1.08528455872741e-08}, {"label": "q", "name": "q", "sigma": 2.3740407808447e-08, "units": "au", "title": "perihelion distance", "value": ".9925507146545006"}, {"label": "tp", "value": "2461149.152681161246", "title": "time of perihelion passage", "units": "TDB", "sigma": 5.87313079190543e-06, "name": "tp"}, {"label": "node", "units": "deg", "value": "223.308402122428", "title": "longitude of the ascending node", "sigma": 2.21671471467197e-05, "name": "om"}, {"name": "w", "sigma": 2.15531490191505e-05, "title": "argument of perihelion", "value": "344.7340145106682", "units": "deg", "label": "peri"}, {"sigma": 2.36703733711487e-06, "name": "i", "units": "deg", "title": "inclination", "value": "6.334835391989394", "label": "i"}], "labels": ["e", "q", "tp", "node", "peri", "i"]}, "elements": [{"label": "e", "name": "e", "sigma": "1.1714E-8", "title": "eccentricity", "value": ".5289423255856581", "units": null}, {"label": "a", "sigma": "1.587E-8", "name": "a", "units": "au", "title": "semi-major axis", "value": "2.109396246563967"}, {"title": "perihelion distance", "value": ".993647290324764", "units": "au", "sigma": "2.3717E-8", "name": "q", "label": "q"}, {"name": "i", "sigma": "2.3548E-6", "value": "6.362498207020824", "title": "inclination; angle with respect to x-y ecliptic plane", "units": "deg", "label": "i"}, {"label": "node", "units": "deg", "value": "223.1916650903789", "title": "longitude of the ascending node", "name": "om", "sigma": "2.2194E-5"}, {"label": "peri", "title": "argument of perihelion", "value": "344.7563941383256", "units": "deg", "sigma": "2.1454E-5", "name": "w"}, {"value": "16.5040659531508", "title": "mean anomaly", "units": "deg", "sigma": "1.8674E-6", "name": "ma", "label": "M"}, {"label": "tp", "sigma": "5.9025E-6", "name": "tp", "title": "time of perihelion passage", "value": "2461149.199200915282", "units": "TDB"}, {"label": "period", "name": "per", "sigma": "1.2629E-5", "units": "d", "value": "1119.014412746734", "title": "sidereal orbital period"}, {"value": ".3217116740403223", "title": "mean motion", "units": "deg/d", "name": "n", "sigma": "3.6307E-9", "label": "n"}, {"label": "Q", "sigma": "2.4265E-8", "name": "ad", "title": "aphelion distance", "value": "3.22514520280317", "units": "au"}], "epoch": "2461200.5"}