{"spkid": "54576286", "covariance": {"epoch": "2459936.5", "elements": [{"label": "e", "name": "e", "sigma": 2.44861337787508e-08, "units": null, "value": ".360228878436701", "title": "eccentricity"}, {"sigma": 3.69440921312084e-08, "name": "q", "units": "au", "title": "perihelion distance", "value": ".9432966438376416", "label": "q"}, {"units": "TDB", "title": "time of perihelion passage", "value": "2459846.419798307610", "sigma": 1.47422578002406e-05, "name": "tp", "label": "tp"}, {"units": "deg", "value": "159.1805131462736", "title": "longitude of the ascending node", "sigma": 4.59168708645363e-05, "name": "om", "label": "node"}, {"sigma": 4.40290365697221e-05, "name": "w", "value": "41.87138645754813", "title": "argument of perihelion", "units": "deg", "label": "peri"}, {"sigma": 4.86149062770576e-06, "name": "i", "units": "deg", "value": "7.297846587463431", "title": "inclination", "label": "i"}], "data": [["5.995707474308797E-16", "-9.024635876629343E-16", "1.961396401461314E-13", "3.226064069284952E-13", "-2.159577518365059E-13", "-6.029851342267248E-14"], ["-9.024635876629343E-16", "1.364865943399214E-15", "-3.211610969598711E-13", "-4.972113109913991E-13", "3.241951692385957E-13", "9.371861468514535E-14"], ["1.961396401461314E-13", "-3.211610969598711E-13", "2.173341650487535E-10", "1.753187865750101E-10", "-4.835175221114224E-11", "-3.790742877790583E-11"], ["3.226064069284952E-13", "-4.972113109913991E-13", "1.753187865750101E-10", "2.108359029990503E-9", "-1.981877643006435E-9", "-1.674758688015855E-10"], ["-2.159577518365059E-13", "3.241951692385957E-13", "-4.835175221114224E-11", "-1.981877643006435E-9", "1.938556061257929E-9", "1.422106758940441E-10"], ["-6.029851342267248E-14", "9.371861468514535E-14", "-3.790742877790583E-11", "-1.674758688015855E-10", "1.422106758940441E-10", "2.363409112327095E-11"]], "labels": ["e", "q", "tp", "node", "peri", "i"]}, "elements": [{"title": "eccentricity", "value": ".3600883830075204", "units": null, "name": "e", "sigma": "2.4503E-8", "label": "e"}, {"title": "semi-major axis", "value": "1.475016735019744", "units": "au", "name": "a", "sigma": "4.1231E-9", "label": "a"}, {"name": "q", "sigma": "3.6956E-8", "units": "au", "title": "perihelion distance", "value": ".943880343997452", "label": "q"}, {"label": "i", "name": "i", "sigma": "4.8622E-6", "units": "deg", "title": "inclination; angle with respect to x-y ecliptic plane", "value": "7.294828860381859"}, {"label": "node", "name": "om", "sigma": "4.5923E-5", "units": "deg", "title": "longitude of the ascending node", "value": "159.1146050989969"}, {"name": "w", "sigma": "4.4026E-5", "units": "deg", "title": "argument of perihelion", "value": "41.98151757415906", "label": "peri"}, {"label": "M", "value": "25.27323571100397", "title": "mean anomaly", "units": "deg", "sigma": "5.8456E-6", "name": "ma"}, {"units": "TDB", "title": "time of perihelion passage", "value": "2461154.564103621359", "sigma": "1.074E-5", "name": "tp", "label": "tp"}, {"label": "period", "value": "654.3255040790219", "title": "sidereal orbital period", "units": "d", "sigma": "2.7435E-6", "name": "per"}, {"label": "n", "sigma": "2.3069E-9", "name": "n", "units": "deg/d", "title": "mean motion", "value": ".5501848816159294"}, {"label": "Q", "units": "au", "title": "aphelion distance", "value": "2.006153126042036", "name": "ad", "sigma": "5.6077E-9"}], "epoch": "2461200.5"}