{"spkid": "54607956", "covariance": {"data": [["3.126523993041901E-13", "-2.40323110251201E-13", "1.318376940663285E-10", "-3.80366956755869E-11", "8.102440536460652E-11", "-1.559868360079885E-10"], ["-2.40323110251201E-13", "1.850198482174212E-13", "-9.843213095402663E-11", "2.784093902499115E-11", "-6.062974114188676E-11", "1.135347543867313E-10"], ["1.318376940663285E-10", "-9.843213095402663E-11", "8.82508709448844E-8", "-3.150946546247761E-8", "5.375726159482531E-8", "-1.336056171974764E-7"], ["-3.80366956755869E-11", "2.784093902499115E-11", "-3.150946546247761E-8", "1.282956449616921E-8", "-1.946957112214095E-8", "5.308887423919118E-8"], ["8.102440536460652E-11", "-6.062974114188676E-11", "5.375726159482531E-8", "-1.946957112214095E-8", "3.368220907543261E-8", "-8.033135741718185E-8"], ["-1.559868360079885E-10", "1.135347543867313E-10", "-1.336056171974764E-7", "5.308887423919118E-8", "-8.033135741718185E-8", "2.276320223680027E-7"]], "elements": [{"units": null, "value": ".3371897906258451", "title": "eccentricity", "name": "e", "sigma": 5.59153287841706e-07, "label": "e"}, {"units": "au", "title": "perihelion distance", "value": ".522571488138514", "sigma": 4.30139335817385e-07, "name": "q", "label": "q"}, {"title": "time of perihelion passage", "value": "2460028.570781466223", "units": "TDB", "name": "tp", "sigma": 0.000297070481443183, "label": "tp"}, {"label": "node", "value": "22.72277779023296", "title": "longitude of the ascending node", "units": "deg", "name": "om", "sigma": 0.000113267667479158}, {"label": "peri", "units": "deg", "value": "37.73977028113023", "title": "argument of perihelion", "name": "w", "sigma": 0.000183527134439114}, {"sigma": 0.000477107977682204, "name": "i", "value": "34.11539715453372", "title": "inclination", "units": "deg", "label": "i"}], "labels": ["e", "q", "tp", "node", "peri", "i"], "epoch": "2460054.5"}, "elements": [{"sigma": "5.6051E-7", "name": "e", "title": "eccentricity", "value": ".3372583471767474", "units": null, "label": "e"}, {"name": "a", "sigma": "3.007E-8", "title": "semi-major axis", "value": ".7883562933844599", "units": "au", "label": "a"}, {"value": ".52247655289123", "title": "perihelion distance", "units": "au", "name": "q", "sigma": "4.3128E-7", "label": "q"}, {"sigma": ".00047712", "name": "i", "title": "inclination; angle with respect to x-y ecliptic plane", "value": "34.11412696049933", "units": "deg", "label": "i"}, {"label": "node", "units": "deg", "value": "22.71354074957272", "title": "longitude of the ascending node", "sigma": ".00011345", "name": "om"}, {"label": "peri", "value": "37.75032285758716", "title": "argument of perihelion", "units": "deg", "name": "w", "sigma": ".00018368"}, {"value": "209.9826461089925", "title": "mean anomaly", "units": "deg", "name": "ma", "sigma": ".00050972", "label": "M"}, {"label": "tp", "units": "TDB", "title": "time of perihelion passage", "value": "2461307.042095725652", "sigma": ".00036775", "name": "tp"}, {"label": "period", "sigma": "1.4628E-5", "name": "per", "units": "d", "value": "255.6714504449999", "title": "sidereal orbital period"}, {"units": "deg/d", "title": "mean motion", "value": "1.408057095829099", "name": "n", "sigma": "8.056E-8", "label": "n"}, {"value": "1.05423603387769", "title": "aphelion distance", "units": "au", "name": "ad", "sigma": "4.0211E-8", "label": "Q"}], "epoch": "2461200.5"}